%YAML:1.0
---
opencv_ml_svm:
   format: 3
   svmType: C_SVC
   kernel:
      type: CHI2
      gamma: 5.0625000000000009e-01
   C: 1.2500000000000000e+01
   term_criteria: { iterations:100 }
   var_count: 10
   class_count: 2
   class_labels: !!opencv-matrix
      rows: 2
      cols: 1
      dt: i
      data: [ 0, 1 ]
   sv_total: 129
   support_vectors:
      - [ 1.04166672e-01, 1.14583336e-01, 8.33333358e-02, 8.33333358e-02,
          1.09375000e-01, 6.25000000e-02, 1.40625000e-01, 4.68750000e-02,
          1.04166672e-01, 1.51041672e-01 ]
      - [ 1.13725498e-01, 9.01960805e-02, 7.05882385e-02, 7.45098069e-02,
          1.68627456e-01, 9.41176564e-02, 1.52941182e-01, 3.92156877e-02,
          5.88235334e-02, 1.37254909e-01 ]
      - [ 9.81308371e-02, 6.54205605e-02, 1.16822429e-01, 1.12149529e-01,
          1.40186906e-01, 7.47663528e-02, 1.58878505e-01, 3.27102803e-02,
          3.73831764e-02, 1.63551390e-01 ]
      - [ 1.33757964e-01, 1.84713379e-01, 5.09554148e-02, 1.91082805e-01,
          1.01910830e-01, 3.82165611e-02, 1.01910830e-01, 6.36942685e-03,
          7.00636953e-02, 1.21019110e-01 ]
      - [ 7.36196339e-02, 7.97545984e-02, 1.04294479e-01, 1.84049070e-01,
          9.20245349e-02, 6.13496900e-02, 9.81595069e-02, 7.97545984e-02,
          1.34969324e-01, 9.20245349e-02 ]
      - [ 9.61538479e-02, 8.17307755e-02, 8.17307755e-02, 1.73076928e-01,
          1.34615391e-01, 9.61538479e-02, 1.15384623e-01, 4.32692319e-02,
          8.17307755e-02, 9.61538479e-02 ]
      - [ 1.08280256e-01, 8.28025490e-02, 9.55414027e-02, 1.46496817e-01,
          9.55414027e-02, 2.54777074e-02, 1.40127391e-01, 1.14649683e-01,
          9.55414027e-02, 9.55414027e-02 ]
      - [ 1.41176477e-01, 1.76470593e-01, 4.70588244e-02, 1.11764707e-01,
          1.41176477e-01, 8.23529437e-02, 6.47058859e-02, 5.29411770e-02,
          7.64705911e-02, 1.05882354e-01 ]
      - [ 1.11111112e-01, 1.79012343e-01, 1.29629627e-01, 1.41975313e-01,
          7.40740746e-02, 4.32098769e-02, 1.17283955e-01, 5.55555560e-02,
          9.25925970e-02, 5.55555560e-02 ]
      - [ 1.50000006e-01, 1.87500000e-01, 6.25000000e-02, 1.06250003e-01,
          1.50000006e-01, 5.00000007e-02, 1.06250003e-01, 3.12500000e-02,
          4.37499993e-02, 1.12500004e-01 ]
      - [ 1.58730149e-01, 1.32275134e-01, 7.40740746e-02, 1.11111104e-01,
          1.64021164e-01, 8.99470896e-02, 9.52380896e-02, 5.29100522e-02,
          5.29100522e-02, 6.87830672e-02 ]
      - [ 1.36645973e-01, 1.73913047e-01, 4.34782617e-02, 1.18012428e-01,
          1.36645973e-01, 2.48447210e-02, 9.93788838e-02, 1.11801244e-01,
          2.48447210e-02, 1.30434781e-01 ]
      - [ 1.16022103e-01, 1.49171278e-01, 4.97237593e-02, 1.43646419e-01,
          1.38121545e-01, 6.07734844e-02, 1.43646419e-01, 2.20994484e-02,
          6.62983432e-02, 1.10497244e-01 ]
      - [ 1.53439149e-01, 1.37566134e-01, 7.40740746e-02, 1.69312164e-01,
          1.21693119e-01, 4.23280410e-02, 1.11111104e-01, 3.17460299e-02,
          3.17460299e-02, 1.26984119e-01 ]
      - [ 1.27139375e-01, 1.49144262e-01, 3.66748199e-02, 4.40097824e-02,
          1.12469442e-01, 9.53545272e-02, 1.02689490e-01, 1.24694385e-01,
          1.12469442e-01, 9.53545272e-02 ]
      - [ 1.41104296e-01, 7.97545984e-02, 1.41104296e-01, 1.10429443e-01,
          1.28834352e-01, 7.36196339e-02, 1.34969324e-01, 1.84049085e-02,
          6.13496900e-02, 1.10429443e-01 ]
      - [ 1.63742691e-01, 9.94152054e-02, 8.77192989e-02, 1.52046785e-01,
          9.35672522e-02, 5.26315793e-02, 1.05263159e-01, 4.09356728e-02,
          8.18713456e-02, 1.22807018e-01 ]
      - [ 1.15079373e-01, 5.95238134e-02, 6.74603209e-02, 7.93650821e-02,
          1.26984134e-01, 1.11111119e-01, 1.23015881e-01, 9.12698433e-02,
          1.11111119e-01, 1.15079373e-01 ]
      - [ 1.34328350e-01, 6.34328350e-02, 8.95522386e-02, 5.22388034e-02,
          1.26865670e-01, 1.00746267e-01, 8.58208910e-02, 8.95522386e-02,
          1.52985066e-01, 1.04477607e-01 ]
      - [ 1.25984251e-01, 4.72440943e-02, 8.26771632e-02, 3.93700786e-02,
          1.37795269e-01, 1.02362201e-01, 7.87401572e-02, 1.37795269e-01,
          1.18110240e-01, 1.29921257e-01 ]
      - [ 1.14406779e-01, 1.16525427e-01, 8.26271176e-02, 9.53389853e-02,
          9.32203382e-02, 7.41525441e-02, 6.35593235e-02, 1.35593221e-01,
          1.77966103e-01, 4.66101691e-02 ]
      - [ 1.13924056e-01, 1.13924056e-01, 1.26582280e-01, 1.01265825e-01,
          9.49367136e-02, 5.69620281e-02, 1.32911399e-01, 6.96202517e-02,
          1.07594937e-01, 8.22784826e-02 ]
      - [ 1.33333340e-01, 1.42857149e-01, 8.57142881e-02, 1.19047627e-01,
          8.09523836e-02, 7.61904791e-02, 9.52380970e-02, 9.52380970e-02,
          9.52380970e-02, 7.61904791e-02 ]
      - [ 1.45348832e-01, 9.30232555e-02, 6.39534891e-02, 1.74418598e-01,
          1.62790701e-01, 8.72092992e-02, 1.04651161e-01, 2.32558139e-02,
          5.81395347e-03, 1.39534891e-01 ]
      - [ 1.16402112e-01, 1.32275134e-01, 1.21693119e-01, 1.74603164e-01,
          8.46560821e-02, 8.99470896e-02, 9.52380896e-02, 3.70370373e-02,
          5.82010560e-02, 8.99470896e-02 ]
      - [ 1.48351654e-01, 8.79120901e-02, 9.34065953e-02, 1.97802201e-01,
          1.42857149e-01, 8.79120901e-02, 1.26373634e-01, 1.09890113e-02,
          2.19780225e-02, 8.24175850e-02 ]
      - [ 8.43373463e-02, 9.63855386e-02, 1.62650600e-01, 1.62650600e-01,
          1.14457831e-01, 5.42168655e-02, 1.02409631e-01, 4.21686731e-02,
          7.83132464e-02, 1.02409631e-01 ]
      - [ 1.11111104e-01, 6.87830672e-02, 7.40740746e-02, 7.40740746e-02,
          8.99470896e-02, 8.46560821e-02, 1.48148149e-01, 8.99470896e-02,
          1.64021164e-01, 9.52380896e-02 ]
      - [ 1.08433731e-01, 9.03614461e-02, 9.03614461e-02, 1.32530123e-01,
          7.22891539e-02, 4.21686731e-02, 8.43373463e-02, 1.38554215e-01,
          1.14457831e-01, 1.26506016e-01 ]
      - [ 7.18562901e-02, 8.98203626e-02, 1.07784435e-01, 1.31736532e-01,
          1.31736532e-01, 4.79041934e-02, 9.58083868e-02, 9.58083868e-02,
          1.19760484e-01, 1.07784435e-01 ]
      - [ 1.12956807e-01, 4.31893691e-02, 1.06312290e-01, 4.65116277e-02,
          8.97009969e-02, 8.97009969e-02, 4.31893691e-02, 1.92691028e-01,
          1.99335545e-01, 7.64119551e-02 ]
      - [ 7.64705911e-02, 7.05882385e-02, 1.17647059e-01, 1.35294124e-01,
          8.23529437e-02, 4.70588244e-02, 1.00000001e-01, 1.00000001e-01,
          1.52941182e-01, 1.17647059e-01 ]
      - [ 7.67263398e-02, 6.13810718e-02, 1.32992327e-01, 8.18414316e-02,
          1.35549873e-01, 7.67263398e-02, 6.39386177e-02, 7.92838857e-02,
          1.84143215e-01, 1.07416876e-01 ]
      - [ 9.37500000e-02, 1.31250009e-01, 1.00000001e-01, 1.56250000e-01,
          1.31250009e-01, 6.25000000e-02, 5.62500022e-02, 8.12500045e-02,
          7.50000030e-02, 1.12500004e-01 ]
      - [ 9.25507918e-02, 4.28893901e-02, 1.42212197e-01, 3.38600464e-02,
          1.28668174e-01, 1.08352147e-01, 9.02934521e-02, 1.42212197e-01,
          1.12866819e-01, 1.06094807e-01 ]
      - [ 1.04575165e-01, 9.15032700e-02, 7.84313753e-02, 2.22222224e-01,
          1.17647059e-01, 8.49673226e-02, 1.04575165e-01, 4.57516350e-02,
          6.53594807e-02, 8.49673226e-02 ]
      - [ 1.18811876e-01, 2.47524753e-02, 5.44554442e-02, 1.48514844e-02,
          1.08910888e-01, 1.98019803e-01, 5.94059378e-02, 2.02970296e-01,
          1.53465346e-01, 6.43564314e-02 ]
      - [ 1.21212117e-01, 1.15151510e-01, 1.03030302e-01, 1.27272725e-01,
          1.57575756e-01, 3.63636352e-02, 1.03030302e-01, 2.42424235e-02,
          9.69696939e-02, 1.15151510e-01 ]
      - [ 9.61538479e-02, 3.84615399e-02, 3.36538479e-02, 4.80769249e-03,
          1.63461551e-01, 1.29807696e-01, 5.28846160e-02, 1.63461551e-01,
          2.59615391e-01, 5.76923117e-02 ]
      - [ 1.50259063e-01, 1.13989636e-01, 4.14507762e-02, 1.45077720e-01,
          1.13989636e-01, 6.21761642e-02, 1.34715021e-01, 3.10880821e-02,
          7.77202025e-02, 1.29533678e-01 ]
      - [ 1.59722224e-01, 1.18055560e-01, 9.02777761e-02, 9.02777761e-02,
          1.66666672e-01, 7.63888881e-02, 9.72222239e-02, 2.77777780e-02,
          3.47222239e-02, 1.38888896e-01 ]
      - [ 1.25654459e-01, 4.71204184e-02, 5.75916246e-02, 5.23560215e-03,
          1.62303671e-01, 1.46596864e-01, 4.71204184e-02, 2.09424078e-01,
          1.25654459e-01, 7.32984319e-02 ]
      - [ 1.37254909e-01, 1.50326803e-01, 9.15032700e-02, 9.80392173e-02,
          1.69934645e-01, 9.15032700e-02, 7.84313753e-02, 2.61437912e-02,
          2.61437912e-02, 1.30718961e-01 ]
      - [ 8.86699483e-02, 4.43349741e-02, 6.40394092e-02, 1.47783253e-02,
          1.03448272e-01, 1.37931034e-01, 8.86699483e-02, 1.82266012e-01,
          1.87192112e-01, 8.86699483e-02 ]
      - [ 1.35135144e-01, 8.10810849e-02, 6.75675720e-02, 1.55405402e-01,
          1.89189196e-01, 8.78378376e-02, 1.08108111e-01, 2.70270277e-02,
          5.40540554e-02, 9.45945978e-02 ]
      - [ 1.19999997e-01, 3.42857130e-02, 5.71428575e-02, 5.71428565e-03,
          9.71428528e-02, 1.88571423e-01, 6.85714260e-02, 2.22857147e-01,
          1.71428576e-01, 3.42857130e-02 ]
      - [ 1.51624545e-01, 7.58122727e-02, 9.02527049e-02, 5.41516244e-02,
          1.66064978e-01, 1.29963905e-01, 8.66426006e-02, 5.77617325e-02,
          7.94223845e-02, 1.08303249e-01 ]
      - [ 1.26315802e-01, 3.15789506e-02, 7.89473727e-02, 1.05263162e-02,
          1.63157895e-01, 2.05263168e-01, 8.94736871e-02, 1.15789481e-01,
          8.94736871e-02, 8.94736871e-02 ]
      - [ 9.30232555e-02, 9.76744145e-02, 8.83720964e-02, 8.83720964e-02,
          1.44186050e-01, 6.97674453e-02, 7.44186044e-02, 1.20930232e-01,
          1.20930232e-01, 1.02325581e-01 ]
      - [ 1.17948718e-01, 6.66666701e-02, 1.48717955e-01, 8.20512846e-02,
          1.07692309e-01, 7.69230798e-02, 1.17948718e-01, 1.02564104e-01,
          9.23076943e-02, 8.71794894e-02 ]
      - [ 9.93377492e-02, 9.27152336e-02, 1.78807944e-01, 1.52317882e-01,
          1.05960265e-01, 1.32450331e-02, 1.19205296e-01, 3.31125818e-02,
          9.27152336e-02, 1.12582780e-01 ]
      - [ 1.35007858e-01, 9.10518095e-02, 8.00627992e-02, 8.63422304e-02,
          1.27158552e-01, 1.17739409e-01, 8.63422304e-02, 1.02040820e-01,
          1.05180539e-01, 6.90737814e-02 ]
      - [ 1.30434781e-01, 9.42028984e-02, 1.11111112e-01, 1.23188406e-01,
          1.47342995e-01, 7.48792291e-02, 8.69565234e-02, 6.03864715e-02,
          9.66183543e-02, 7.48792291e-02 ]
      - [ 1.49999991e-01, 9.09090862e-02, 1.22727267e-01, 3.63636352e-02,
          1.11363634e-01, 6.36363626e-02, 1.15909085e-01, 1.06818177e-01,
          1.06818177e-01, 9.54545438e-02 ]
      - [ 1.40000001e-01, 9.49999988e-02, 1.04999997e-01, 7.00000003e-02,
          1.42499998e-01, 1.19999997e-01, 7.75000006e-02, 8.99999961e-02,
          1.02499999e-01, 5.74999973e-02 ]
      - [ 1.17333330e-01, 6.66666627e-02, 1.57333329e-01, 8.79999995e-02,
          1.09333329e-01, 6.39999956e-02, 1.41333327e-01, 6.39999956e-02,
          7.46666640e-02, 1.17333330e-01 ]
      - [ 1.17647059e-01, 5.51470593e-02, 1.10294119e-01, 9.55882370e-02,
          1.32352948e-01, 1.61764711e-01, 8.45588222e-02, 1.06617644e-01,
          6.61764741e-02, 6.98529407e-02 ]
      - [ 6.66666701e-02, 4.88888919e-02, 8.88888910e-02, 4.44444455e-02,
          7.11111128e-02, 1.55555561e-01, 9.77777839e-02, 1.55555561e-01,
          1.42222226e-01, 1.28888890e-01 ]
      - [ 1.36546180e-01, 5.22088334e-02, 1.00401603e-01, 6.82730898e-02,
          1.32530123e-01, 1.00401603e-01, 1.36546180e-01, 2.40963846e-02,
          9.63855386e-02, 1.52610436e-01 ]
      - [ 6.89655170e-02, 1.23152710e-01, 3.94088663e-02, 1.97044332e-02,
          8.37438405e-02, 1.33004919e-01, 9.85221639e-02, 1.57635465e-01,
          1.57635465e-01, 1.18226603e-01 ]
      - [ 1.19535513e-01, 6.48907050e-02, 7.24043697e-02, 5.80601059e-02,
          1.13729507e-01, 1.39002725e-01, 1.28415301e-01, 8.06010887e-02,
          8.74316916e-02, 1.35928959e-01 ]
      - [ 1.19515881e-01, 6.20272309e-02, 7.56429657e-02, 1.08925864e-01,
          1.48260206e-01, 8.92586932e-02, 1.05900146e-01, 8.92586932e-02,
          8.01815391e-02, 1.21028736e-01 ]
      - [ 1.00689657e-01, 1.21379316e-01, 7.31034502e-02, 1.31034493e-01,
          1.14482760e-01, 7.17241392e-02, 1.00689657e-01, 8.00000057e-02,
          1.28275871e-01, 7.86206946e-02 ]
      - [ 1.18881121e-01, 1.32867143e-01, 1.23543128e-01, 3.96270417e-02,
          1.09557115e-01, 5.59440553e-02, 6.06060624e-02, 1.65501162e-01,
          1.18881121e-01, 7.45920762e-02 ]
      - [ 9.34256092e-02, 4.49827015e-02, 1.52249143e-01, 1.24567479e-01,
          1.03806235e-01, 1.38408309e-02, 1.34948105e-01, 6.92041516e-02,
          1.34948105e-01, 1.28027692e-01 ]
      - [ 1.44000009e-01, 7.20000044e-02, 4.80000004e-02, 2.40000002e-02,
          1.68000013e-01, 8.00000057e-02, 1.36000007e-01, 1.28000006e-01,
          4.80000004e-02, 1.52000010e-01 ]
      - [ 1.78472862e-01, 1.40754372e-01, 9.01563913e-02, 9.10763517e-02,
          1.46274149e-01, 6.89972416e-02, 7.17571303e-02, 5.61177544e-02,
          8.92364308e-02, 6.71573132e-02 ]
      - [ 1.38632163e-01, 5.36044352e-02, 7.76340142e-02, 2.40295753e-02,
          1.14602588e-01, 1.18299447e-01, 1.01663589e-01, 1.20147876e-01,
          1.57116458e-01, 9.42698717e-02 ]
      - [ 1.02173910e-01, 9.99999940e-02, 1.15217388e-01, 1.45652160e-01,
          1.36956513e-01, 5.43478243e-02, 1.06521733e-01, 3.91304344e-02,
          9.78260860e-02, 1.02173910e-01 ]
      - [ 1.01833001e-01, 7.94297382e-02, 1.44602865e-01, 1.26272917e-01,
          1.22199595e-01, 4.48065177e-02, 1.52749494e-01, 5.09165004e-02,
          5.90631403e-02, 1.18126281e-01 ]
      - [ 1.01426311e-01, 7.21077695e-02, 1.32329643e-01, 1.22028530e-01,
          1.00633919e-01, 9.19175968e-02, 9.35023800e-02, 9.90491286e-02,
          6.81458041e-02, 1.18858956e-01 ]
      - [ 1.57458574e-01, 7.18232095e-02, 6.07734844e-02, 5.24861887e-02,
          1.51933715e-01, 9.94475186e-02, 1.71270728e-01, 3.86740342e-02,
          7.45856389e-02, 1.21546969e-01 ]
      - [ 9.28143710e-02, 1.19760484e-01, 8.68263543e-02, 1.19760484e-01,
          9.28143710e-02, 4.79041934e-02, 1.13772459e-01, 8.08383226e-02,
          1.22754499e-01, 1.22754499e-01 ]
      - [ 8.15450624e-02, 6.00858368e-02, 1.07296139e-01, 1.28755361e-01,
          9.01287571e-02, 3.86266112e-02, 1.54506445e-01, 9.44205970e-02,
          1.15879826e-01, 1.28755361e-01 ]
      - [ 1.13861382e-01, 9.90099013e-02, 1.63366333e-01, 3.46534662e-02,
          1.08910888e-01, 9.40594077e-02, 7.92079195e-02, 8.91089067e-02,
          6.93069324e-02, 1.48514852e-01 ]
      - [ 1.42408371e-01, 9.52879563e-02, 9.52879563e-02, 1.06806286e-01,
          1.49738222e-01, 8.37696344e-02, 8.58638734e-02, 4.18848172e-02,
          7.12041855e-02, 1.27748698e-01 ]
      - [ 1.19140625e-01, 7.42187500e-02, 6.44531250e-02, 4.88281250e-02,
          1.13281250e-01, 1.15234375e-01, 1.30859375e-01, 1.15234375e-01,
          1.11328125e-01, 1.07421875e-01 ]
      - [ 1.02574930e-01, 9.37104300e-02, 1.05529763e-01, 6.92275241e-02,
          1.04685523e-01, 6.54284507e-02, 9.62431431e-02, 1.19881809e-01,
          1.42676234e-01, 1.00042216e-01 ]
      - [ 1.27887785e-01, 1.42739281e-01, 9.48844925e-02, 1.75742581e-01,
          1.18811883e-01, 8.99339989e-02, 7.09570944e-02, 4.95049506e-02,
          7.09570944e-02, 5.85808605e-02 ]
      - [ 1.54901966e-01, 2.35294141e-02, 1.00000009e-01, 8.82352963e-02,
          1.68627456e-01, 1.03921577e-01, 7.45098069e-02, 1.27450988e-01,
          8.43137279e-02, 7.45098069e-02 ]
      - [ 1.27868846e-01, 4.91803288e-02, 1.14754096e-01, 6.55737668e-02,
          1.50819674e-01, 7.21311495e-02, 1.47540987e-01, 3.60655747e-02,
          1.24590166e-01, 1.11475408e-01 ]
      - [ 1.18397087e-01, 9.83606577e-02, 1.47540987e-01, 1.25683054e-01,
          9.10746828e-02, 2.55009104e-02, 1.36612028e-01, 6.37522787e-02,
          6.19307831e-02, 1.31147534e-01 ]
      - [ 1.25475287e-01, 1.06463879e-01, 1.29277572e-01, 1.06463879e-01,
          1.44486696e-01, 4.18250933e-02, 1.02661595e-01, 2.66159698e-02,
          1.02661595e-01, 1.14068441e-01 ]
      - [ 1.19515009e-01, 9.65646654e-02, 4.95092385e-02, 6.07678965e-02,
          1.22979216e-01, 1.15617782e-01, 8.22748244e-02, 1.25288680e-01,
          1.44630477e-01, 8.28521922e-02 ]
      - [ 1.07837185e-01, 7.83718154e-02, 8.26245472e-02, 8.62697512e-02,
          1.10571086e-01, 1.37910098e-01, 9.20413136e-02, 1.12089917e-01,
          1.03584453e-01, 8.86998847e-02 ]
      - [ 1.45637035e-01, 3.60508002e-02, 5.94018847e-02, 2.70380992e-02,
          1.54035226e-01, 2.09135592e-01, 9.45309326e-02, 8.82834867e-02,
          8.58254805e-02, 1.00061446e-01 ]
      - [ 1.44588754e-01, 1.59307361e-01, 4.41558436e-02, 7.01298714e-02,
          1.29870132e-01, 9.35064927e-02, 1.17748924e-01, 3.03030312e-02,
          8.91774893e-02, 1.21212125e-01 ]
      - [ 1.19101122e-01, 1.68539330e-01, 5.61797768e-02, 1.10112362e-01,
          1.10112362e-01, 1.12359554e-01, 9.21348333e-02, 6.96629211e-02,
          7.41573051e-02, 8.76404494e-02 ]
      - [ 1.89111754e-01, 7.92741179e-02, 5.44412620e-02, 1.10792741e-01,
          2.04393506e-01, 8.50047767e-02, 9.16905403e-02, 3.24737355e-02,
          6.78128004e-02, 8.50047767e-02 ]
      - [ 1.33093521e-01, 1.90647483e-01, 2.51798574e-02, 1.33093521e-01,
          1.43884897e-01, 2.51798574e-02, 1.07913673e-01, 3.23741026e-02,
          7.19424486e-02, 1.36690646e-01 ]
      - [ 6.47163093e-02, 5.67375869e-02, 3.28014158e-02, 3.90070900e-02,
          5.85106350e-02, 6.38297871e-02, 6.82624057e-02, 2.94326246e-01,
          2.60638297e-01, 6.11702092e-02 ]
      - [ 1.59999996e-01, 3.66315767e-02, 8.96842107e-02, 3.41052637e-02,
          1.44842103e-01, 1.09052628e-01, 4.33684215e-02, 1.44842103e-01,
          1.90315783e-01, 4.71578948e-02 ]
      - [ 1.00697905e-01, 1.18644066e-01, 3.09072789e-02, 1.79461613e-02,
          1.05682954e-01, 1.60518453e-01, 1.12662017e-01, 1.23629116e-01,
          1.21635094e-01, 1.07676968e-01 ]
      - [ 1.12740606e-01, 8.43263045e-02, 4.39963341e-02, 7.05774501e-02,
          1.20989919e-01, 1.22823097e-01, 8.79926682e-02, 1.42988086e-01,
          1.22823097e-01, 9.07424390e-02 ]
      - [ 1.22047246e-01, 9.44881886e-02, 3.14960629e-02, 7.87401572e-03,
          1.41732275e-01, 1.41732275e-01, 1.02362201e-01, 1.14173226e-01,
          1.41732275e-01, 1.02362201e-01 ]
      - [ 1.01265818e-01, 8.86075944e-02, 1.47679314e-01, 1.05485231e-01,
          1.18143454e-01, 1.05485231e-01, 9.28269997e-02, 2.95358635e-02,
          9.28269997e-02, 1.18143454e-01 ]
      - [ 1.07049607e-01, 1.98433429e-01, 4.96083573e-02, 2.55874664e-01,
          9.39947814e-02, 2.61096619e-02, 9.92167145e-02, 7.83289783e-03,
          6.78851157e-02, 9.39947814e-02 ]
      - [ 9.71866995e-02, 1.22762144e-01, 6.39386177e-02, 3.83631699e-02,
          9.97442454e-02, 6.64961636e-02, 1.04859337e-01, 1.07416876e-01,
          1.56010225e-01, 1.43222511e-01 ]
      - [ 8.17160383e-02, 9.29519981e-02, 5.10725267e-02, 5.41368760e-02,
          8.06945860e-02, 1.25638410e-01, 6.74157366e-02, 2.08375901e-01,
          1.75689489e-01, 6.23084791e-02 ]
      - [ 1.13725498e-01, 5.49019650e-02, 3.92156877e-02, 1.17647070e-02,
          8.62745121e-02, 8.23529437e-02, 1.17647067e-01, 2.35294133e-01,
          1.56862751e-01, 1.01960793e-01 ]
      - [ 1.29518062e-01, 1.59638554e-01, 6.62650615e-02, 1.89759031e-01,
          1.14457831e-01, 6.02409616e-02, 1.08433731e-01, 9.03614424e-03,
          2.40963846e-02, 1.38554215e-01 ]
      - [ 1.17437720e-01, 1.56583622e-01, 6.40569404e-02, 1.85053378e-01,
          1.17437720e-01, 6.40569404e-02, 1.17437720e-01, 1.42348753e-02,
          2.84697507e-02, 1.35231316e-01 ]
      - [ 1.28151804e-01, 1.03197299e-01, 6.16064481e-02, 9.27995816e-02,
          1.27891868e-01, 1.17494151e-01, 8.81206095e-02, 9.33194682e-02,
          9.12399292e-02, 9.61788371e-02 ]
      - [ 6.81381971e-02, 3.83877158e-02, 4.89443354e-02, 3.55086364e-02,
          7.38963485e-02, 4.60652560e-02, 6.33397326e-02, 3.24376196e-01,
          2.49520153e-01, 5.18234149e-02 ]
      - [ 1.56000003e-01, 2.24000007e-01, 3.20000015e-02, 2.04000011e-01,
          1.28000006e-01, 6.40000030e-02, 8.40000063e-02, 0.,
          1.60000008e-02, 9.20000076e-02 ]
      - [ 1.56250000e-01, 1.45833343e-01, 6.77083358e-02, 2.52604187e-01,
          1.32812500e-01, 5.72916679e-02, 7.55208358e-02, 2.60416679e-02,
          2.34375000e-02, 6.25000000e-02 ]
      - [ 1.58653855e-01, 8.17307755e-02, 7.69230798e-02, 1.25000000e-01,
          1.39423087e-01, 8.17307755e-02, 1.25000000e-01, 3.84615399e-02,
          6.73076957e-02, 1.05769232e-01 ]
      - [ 7.11864382e-02, 1.38983056e-01, 7.45762736e-02, 3.96610171e-01,
          8.81355926e-02, 4.40677963e-02, 9.15254205e-02, 3.38983047e-03,
          2.71186437e-02, 6.44067824e-02 ]
      - [ 8.46994519e-02, 1.17486335e-01, 1.20218575e-01, 1.83060110e-01,
          9.83606502e-02, 4.37158458e-02, 9.01639313e-02, 5.46448082e-02,
          9.83606502e-02, 1.09289616e-01 ]
      - [ 1.34146333e-01, 3.25203240e-02, 1.54471546e-01, 1.74796745e-01,
          1.62601620e-01, 9.34959352e-02, 8.94308910e-02, 1.62601620e-02,
          5.28455265e-02, 8.94308910e-02 ]
      - [ 1.25000000e-01, 1.41129032e-01, 1.45161286e-01, 2.25806445e-01,
          8.87096748e-02, 8.06451589e-03, 1.08870968e-01, 3.62903215e-02,
          3.22580636e-02, 8.87096748e-02 ]
      - [ 1.17505997e-01, 7.91366920e-02, 1.34292573e-01, 9.59232599e-02,
          1.41486809e-01, 1.00719430e-01, 1.03117511e-01, 5.51558770e-02,
          4.07673866e-02, 1.31894484e-01 ]
      - [ 7.80000016e-02, 2.08000004e-01, 8.60000029e-02, 1.60000011e-01,
          5.40000014e-02, 4.00000028e-02, 3.60000022e-02, 1.16000004e-01,
          1.76000014e-01, 4.60000038e-02 ]
      - [ 9.55414027e-02, 7.32484087e-02, 8.59872624e-02, 1.94267511e-01,
          1.05095543e-01, 6.68789819e-02, 9.55414027e-02, 5.73248416e-02,
          1.36942685e-01, 8.91719759e-02 ]
      - [ 1.18483417e-01, 7.10900500e-02, 2.13270158e-01, 1.51658773e-01,
          8.05687234e-02, 5.68720400e-02, 1.56398118e-01, 2.36966833e-02,
          4.73933667e-02, 8.05687234e-02 ]
      - [ 6.22710623e-02, 1.31868139e-01, 1.72161177e-01, 1.90476194e-01,
          5.86080588e-02, 3.66300382e-02, 9.15750936e-02, 8.05860832e-02,
          9.15750936e-02, 8.42490867e-02 ]
      - [ 1.06172845e-01, 1.30864203e-01, 1.40740752e-01, 1.90123469e-01,
          8.64197537e-02, 3.45679037e-02, 8.88888910e-02, 5.67901246e-02,
          6.17283992e-02, 1.03703707e-01 ]
      - [ 1.02564104e-01, 5.86080588e-02, 2.05128208e-01, 1.57509163e-01,
          1.06227107e-01, 6.22710623e-02, 1.13553114e-01, 1.46520147e-02,
          8.79120901e-02, 9.15750936e-02 ]
      - [ 1.10169493e-01, 1.27118647e-01, 9.11016986e-02, 1.56779662e-01,
          1.18644066e-01, 5.50847463e-02, 1.03813559e-01, 3.60169485e-02,
          9.32203382e-02, 1.08050846e-01 ]
      - [ 1.04166664e-01, 9.02777761e-02, 1.21527776e-01, 1.11111112e-01,
          1.04166664e-01, 9.72222239e-02, 1.28472224e-01, 6.94444478e-02,
          6.59722239e-02, 1.07638888e-01 ]
      - [ 1.46341458e-01, 9.14634094e-02, 7.62195066e-02, 3.04878037e-02,
          1.70731694e-01, 1.21951215e-01, 7.31707290e-02, 7.01219514e-02,
          1.40243903e-01, 7.92682916e-02 ]
      - [ 1.46739140e-01, 3.26086953e-02, 1.14130437e-01, 5.70652187e-02,
          1.60326093e-01, 1.73913047e-01, 5.97826093e-02, 8.15217420e-02,
          1.03260875e-01, 7.06521720e-02 ]
      - [ 1.19402982e-01, 5.59701473e-02, 1.41791046e-01, 5.97014911e-02,
          1.08208954e-01, 1.00746267e-01, 5.97014911e-02, 1.71641782e-01,
          1.41791046e-01, 4.10447754e-02 ]
      - [ 1.59680635e-01, 6.58682659e-02, 9.78043899e-02, 6.58682659e-02,
          1.43712580e-01, 1.05788425e-01, 1.45708576e-01, 6.38722554e-02,
          4.79041934e-02, 1.03792414e-01 ]
      - [ 1.37931034e-01, 3.44827585e-02, 8.12807903e-02, 9.60591137e-02,
          1.82266012e-01, 1.18226603e-01, 1.33004919e-01, 4.67980281e-02,
          7.14285672e-02, 9.85221639e-02 ]
      - [ 7.93650821e-02, 1.19047631e-02, 1.42857149e-01, 7.53968284e-02,
          1.15079373e-01, 7.14285746e-02, 3.96825410e-02, 1.94444463e-01,
          2.26190493e-01, 4.36507948e-02 ]
      - [ 1.64341092e-01, 4.18604650e-02, 8.99224803e-02, 4.65116277e-02,
          1.76744193e-01, 2.04651162e-01, 1.16279066e-01, 4.49612401e-02,
          3.25581394e-02, 8.21705461e-02 ]
      - [ 1.21597096e-01, 8.89292210e-02, 1.01633392e-01, 9.61887464e-02,
          1.47005439e-01, 9.43738669e-02, 9.98185128e-02, 7.44101629e-02,
          7.07803965e-02, 1.05263159e-01 ]
      - [ 1.34146333e-01, 9.34959352e-02, 1.13821134e-01, 1.13821134e-01,
          1.17886171e-01, 1.05691053e-01, 6.09756075e-02, 1.26016259e-01,
          6.91056848e-02, 6.50406480e-02 ]
   decision_functions:
      -
         sv_count: 129
         rho: -2.5877646845802933e+00
         alpha: [ 1.2500000000000000e+01, 3.7995843047479827e+00,
             1.2500000000000000e+01, 1.2500000000000000e+01,
             5.4602188627675110e+00, 9.7219141044474853e+00,
             1.2500000000000000e+01, 1.2500000000000000e+01,
             1.2500000000000000e+01, 1.2500000000000000e+01,
             1.2500000000000000e+01, 1.2500000000000000e+01,
             1.2500000000000000e+01, 5.6025620405243615e+00,
             1.2500000000000000e+01, 1.2500000000000000e+01,
             1.2500000000000000e+01, 5.7600726095732542e+00,
             2.7780858955525147e+00, 1.2500000000000000e+01,
             1.2500000000000000e+01, 1.2500000000000000e+01,
             1.2500000000000000e+01, 1.2500000000000000e+01,
             1.2500000000000000e+01, 2.5175977463589962e+00,
             1.2500000000000000e+01, 1.2500000000000000e+01,
             1.2500000000000000e+01, 1.2500000000000000e+01,
             1.2500000000000000e+01, 1.2500000000000000e+01,
             1.2500000000000000e+01, 9.2019249345895133e+00,
             4.4756086160331758e+00, 5.9759203258283682e+00,
             7.5016839473953025e+00, 6.8974379594756385e+00,
             1.2500000000000000e+01, 1.2500000000000000e+01,
             1.2500000000000000e+01, 1.2500000000000000e+01,
             1.2500000000000000e+01, 7.8433565608463232e+00,
             1.2500000000000000e+01, 1.2500000000000000e+01,
             1.2500000000000000e+01, 1.2500000000000000e+01,
             1.2500000000000000e+01, 1.2500000000000000e+01,
             1.2500000000000000e+01, 6.5240796741716318e+00,
             1.1436622710572243e+01, 5.4789420656013599e+00,
             7.0210579343986401e+00, 1.2500000000000000e+01,
             1.2500000000000000e+01, 4.6566434391536768e+00,
             1.2500000000000000e+01, 1.2500000000000000e+01,
             1.2500000000000000e+01, 4.7546692766544991e+00,
             7.7453307233455009e+00, 8.3101903923081615e+00,
             8.0862465158076056e+00, 1.2500000000000000e+01,
             1.2500000000000000e+01, 1.2500000000000000e+01,
             9.6403788708277869e+00, -1.2500000000000000e+01,
             -1.2500000000000000e+01, -1.2500000000000000e+01,
             -1.2500000000000000e+01, -1.2500000000000000e+01,
             -1.2500000000000000e+01, -1.2500000000000000e+01,
             -1.2500000000000000e+01, -1.2500000000000000e+01,
             -1.2500000000000000e+01, -1.2500000000000000e+01,
             -1.2500000000000000e+01, -1.2500000000000000e+01,
             -1.2500000000000000e+01, -1.2500000000000000e+01,
             -1.2500000000000000e+01, -1.2500000000000000e+01,
             -1.1240916511934326e+01, -1.2500000000000000e+01,
             -1.2500000000000000e+01, -1.2500000000000000e+01,
             -1.2481629078989291e+01, -1.2500000000000000e+01,
             -1.2500000000000000e+01, -1.2500000000000000e+01,
             -1.2500000000000000e+01, -1.2500000000000000e+01,
             -1.2500000000000000e+01, -1.2500000000000000e+01,
             -1.2500000000000000e+01, -1.2500000000000000e+01,
             -1.2500000000000000e+01, -1.2500000000000000e+01,
             -1.1977292563428477e+01, -1.2500000000000000e+01,
             -1.2500000000000000e+01, -1.2500000000000000e+01,
             -1.2500000000000000e+01, -1.2500000000000000e+01,
             -6.9148997358175635e-01, -3.0770006713694169e+00,
             -1.2500000000000000e+01, -1.2500000000000000e+01,
             -1.2500000000000000e+01, -1.2500000000000000e+01,
             -1.2500000000000000e+01, -1.2500000000000000e+01,
             -1.2500000000000000e+01, -1.2500000000000000e+01,
             -1.2500000000000000e+01, -1.2500000000000000e+01,
             -1.1721800711678261e+01, -1.2500000000000000e+01,
             -1.2500000000000000e+01, -1.2500000000000000e+01,
             -1.2500000000000000e+01, -1.2500000000000000e+01,
             -1.2500000000000000e+01, -1.2500000000000000e+01,
             -1.2500000000000000e+01 ]
         index: [ 66, 122, 123, 124, 125, 126, 127, 128, 60, 61, 62, 63,
             64, 65, 67, 68, 69, 70, 71, 72, 73, 74, 75, 76, 77, 78, 79,
             80, 81, 82, 83, 84, 85, 86, 87, 88, 89, 90, 91, 92, 93, 94,
             95, 96, 97, 98, 99, 100, 101, 102, 103, 104, 105, 106, 107,
             108, 109, 110, 111, 112, 113, 114, 115, 116, 117, 118, 119,
             120, 121, 0, 1, 2, 3, 4, 5, 6, 7, 8, 9, 10, 11, 12, 13, 14,
             15, 16, 17, 18, 19, 20, 21, 22, 23, 24, 25, 26, 27, 28, 29,
             30, 31, 32, 33, 34, 35, 36, 37, 38, 39, 40, 42, 43, 44, 45,
             46, 47, 48, 49, 50, 51, 52, 53, 54, 55, 56, 57, 58, 59, 41 ]
