%YAML:1.0
---
opencv_ml_svm:
   format: 3
   svmType: C_SVC
   kernel:
      type: CHI2
      gamma: 3.3750000000000002e-02
   C: 6.2500000000000000e+01
   term_criteria: { iterations:100 }
   var_count: 10
   class_count: 2
   class_labels: !!opencv-matrix
      rows: 2
      cols: 1
      dt: i
      data: [ 0, 1 ]
   sv_total: 151
   support_vectors:
      - [ 9.99999940e-02, 1.27272725e-01, 7.72727281e-02, 1.36363626e-01,
          1.18181817e-01, 7.27272704e-02, 1.22727267e-01, 8.63636360e-02,
          6.81818128e-02, 9.09090862e-02 ]
      - [ 1.33757964e-01, 1.84713379e-01, 5.09554148e-02, 1.91082805e-01,
          1.01910830e-01, 3.82165611e-02, 1.01910830e-01, 6.36942685e-03,
          7.00636953e-02, 1.21019110e-01 ]
      - [ 8.95522386e-02, 1.14427857e-01, 7.96019882e-02, 1.39303476e-01,
          1.39303476e-01, 7.96019882e-02, 8.45771134e-02, 6.46766126e-02,
          1.14427857e-01, 9.45273638e-02 ]
      - [ 9.61538479e-02, 8.17307755e-02, 8.17307755e-02, 1.73076928e-01,
          1.34615391e-01, 9.61538479e-02, 1.15384623e-01, 4.32692319e-02,
          8.17307755e-02, 9.61538479e-02 ]
      - [ 1.05555557e-01, 1.50000006e-01, 7.77777806e-02, 1.72222227e-01,
          1.22222222e-01, 5.00000007e-02, 1.00000001e-01, 4.44444455e-02,
          5.55555560e-02, 1.22222222e-01 ]
      - [ 1.41176477e-01, 1.76470593e-01, 4.70588244e-02, 1.11764707e-01,
          1.41176477e-01, 8.23529437e-02, 6.47058859e-02, 5.29411770e-02,
          7.64705911e-02, 1.05882354e-01 ]
      - [ 1.50000006e-01, 1.87500000e-01, 6.25000000e-02, 1.06250003e-01,
          1.50000006e-01, 5.00000007e-02, 1.06250003e-01, 3.12500000e-02,
          4.37499993e-02, 1.12500004e-01 ]
      - [ 1.58730149e-01, 1.32275134e-01, 7.40740746e-02, 1.11111104e-01,
          1.64021164e-01, 8.99470896e-02, 9.52380896e-02, 5.29100522e-02,
          5.29100522e-02, 6.87830672e-02 ]
      - [ 1.12970710e-01, 1.12970710e-01, 6.27615079e-02, 1.08786605e-01,
          1.04602508e-01, 6.27615079e-02, 1.25523016e-01, 7.94979036e-02,
          1.08786605e-01, 1.21338911e-01 ]
      - [ 1.36645973e-01, 1.73913047e-01, 4.34782617e-02, 1.18012428e-01,
          1.36645973e-01, 2.48447210e-02, 9.93788838e-02, 1.11801244e-01,
          2.48447210e-02, 1.30434781e-01 ]
      - [ 1.16022103e-01, 1.49171278e-01, 4.97237593e-02, 1.43646419e-01,
          1.38121545e-01, 6.07734844e-02, 1.43646419e-01, 2.20994484e-02,
          6.62983432e-02, 1.10497244e-01 ]
      - [ 1.53439149e-01, 1.37566134e-01, 7.40740746e-02, 1.69312164e-01,
          1.21693119e-01, 4.23280410e-02, 1.11111104e-01, 3.17460299e-02,
          3.17460299e-02, 1.26984119e-01 ]
      - [ 9.54198465e-02, 1.06870227e-01, 6.48854971e-02, 1.22137405e-01,
          1.41221374e-01, 6.87022880e-02, 1.45038173e-01, 5.34351133e-02,
          1.14503816e-01, 8.77862573e-02 ]
      - [ 1.27139375e-01, 1.49144262e-01, 3.66748199e-02, 4.40097824e-02,
          1.12469442e-01, 9.53545272e-02, 1.02689490e-01, 1.24694385e-01,
          1.12469442e-01, 9.53545272e-02 ]
      - [ 1.14406779e-01, 1.16525427e-01, 8.26271176e-02, 9.53389853e-02,
          9.32203382e-02, 7.41525441e-02, 6.35593235e-02, 1.35593221e-01,
          1.77966103e-01, 4.66101691e-02 ]
      - [ 1.33333340e-01, 1.42857149e-01, 8.57142881e-02, 1.19047627e-01,
          8.09523836e-02, 7.61904791e-02, 9.52380970e-02, 9.52380970e-02,
          9.52380970e-02, 7.61904791e-02 ]
      - [ 1.45348832e-01, 9.30232555e-02, 6.39534891e-02, 1.74418598e-01,
          1.62790701e-01, 8.72092992e-02, 1.04651161e-01, 2.32558139e-02,
          5.81395347e-03, 1.39534891e-01 ]
      - [ 1.16402112e-01, 1.32275134e-01, 1.21693119e-01, 1.74603164e-01,
          8.46560821e-02, 8.99470896e-02, 9.52380896e-02, 3.70370373e-02,
          5.82010560e-02, 8.99470896e-02 ]
      - [ 1.48351654e-01, 8.79120901e-02, 9.34065953e-02, 1.97802201e-01,
          1.42857149e-01, 8.79120901e-02, 1.26373634e-01, 1.09890113e-02,
          2.19780225e-02, 8.24175850e-02 ]
      - [ 9.37500000e-02, 1.31250009e-01, 1.00000001e-01, 1.56250000e-01,
          1.31250009e-01, 6.25000000e-02, 5.62500022e-02, 8.12500045e-02,
          7.50000030e-02, 1.12500004e-01 ]
      - [ 1.04575165e-01, 9.15032700e-02, 7.84313753e-02, 2.22222224e-01,
          1.17647059e-01, 8.49673226e-02, 1.04575165e-01, 4.57516350e-02,
          6.53594807e-02, 8.49673226e-02 ]
      - [ 1.18811876e-01, 2.47524753e-02, 5.44554442e-02, 1.48514844e-02,
          1.08910888e-01, 1.98019803e-01, 5.94059378e-02, 2.02970296e-01,
          1.53465346e-01, 6.43564314e-02 ]
      - [ 9.61538479e-02, 3.84615399e-02, 3.36538479e-02, 4.80769249e-03,
          1.63461551e-01, 1.29807696e-01, 5.28846160e-02, 1.63461551e-01,
          2.59615391e-01, 5.76923117e-02 ]
      - [ 1.50259063e-01, 1.13989636e-01, 4.14507762e-02, 1.45077720e-01,
          1.13989636e-01, 6.21761642e-02, 1.34715021e-01, 3.10880821e-02,
          7.77202025e-02, 1.29533678e-01 ]
      - [ 1.25654459e-01, 4.71204184e-02, 5.75916246e-02, 5.23560215e-03,
          1.62303671e-01, 1.46596864e-01, 4.71204184e-02, 2.09424078e-01,
          1.25654459e-01, 7.32984319e-02 ]
      - [ 1.37254909e-01, 1.50326803e-01, 9.15032700e-02, 9.80392173e-02,
          1.69934645e-01, 9.15032700e-02, 7.84313753e-02, 2.61437912e-02,
          2.61437912e-02, 1.30718961e-01 ]
      - [ 8.86699483e-02, 4.43349741e-02, 6.40394092e-02, 1.47783253e-02,
          1.03448272e-01, 1.37931034e-01, 8.86699483e-02, 1.82266012e-01,
          1.87192112e-01, 8.86699483e-02 ]
      - [ 1.35135144e-01, 8.10810849e-02, 6.75675720e-02, 1.55405402e-01,
          1.89189196e-01, 8.78378376e-02, 1.08108111e-01, 2.70270277e-02,
          5.40540554e-02, 9.45945978e-02 ]
      - [ 1.19999997e-01, 3.42857130e-02, 5.71428575e-02, 5.71428565e-03,
          9.71428528e-02, 1.88571423e-01, 6.85714260e-02, 2.22857147e-01,
          1.71428576e-01, 3.42857130e-02 ]
      - [ 1.26315802e-01, 3.15789506e-02, 7.89473727e-02, 1.05263162e-02,
          1.63157895e-01, 2.05263168e-01, 8.94736871e-02, 1.15789481e-01,
          8.94736871e-02, 8.94736871e-02 ]
      - [ 1.35007858e-01, 9.10518095e-02, 8.00627992e-02, 8.63422304e-02,
          1.27158552e-01, 1.17739409e-01, 8.63422304e-02, 1.02040820e-01,
          1.05180539e-01, 6.90737814e-02 ]
      - [ 9.21985805e-02, 2.12765951e-02, 4.25531901e-02, 0.,
          9.21985805e-02, 1.48936167e-01, 9.92907733e-02, 2.12765947e-01,
          1.70212761e-01, 1.20567374e-01 ]
      - [ 6.66666701e-02, 4.88888919e-02, 8.88888910e-02, 4.44444455e-02,
          7.11111128e-02, 1.55555561e-01, 9.77777839e-02, 1.55555561e-01,
          1.42222226e-01, 1.28888890e-01 ]
      - [ 6.89655170e-02, 1.23152710e-01, 3.94088663e-02, 1.97044332e-02,
          8.37438405e-02, 1.33004919e-01, 9.85221639e-02, 1.57635465e-01,
          1.57635465e-01, 1.18226603e-01 ]
      - [ 1.13829784e-01, 1.15957446e-01, 6.91489354e-02, 7.97872320e-02,
          1.17021270e-01, 7.76595697e-02, 6.59574419e-02, 1.20212764e-01,
          1.73404247e-01, 6.70212731e-02 ]
      - [ 1.96035236e-01, 3.74449342e-02, 5.94713613e-02, 6.38766512e-02,
          1.76211447e-01, 1.29955947e-01, 7.92951509e-02, 4.84581478e-02,
          1.18942723e-01, 9.03083682e-02 ]
      - [ 1.00689657e-01, 1.21379316e-01, 7.31034502e-02, 1.31034493e-01,
          1.14482760e-01, 7.17241392e-02, 1.00689657e-01, 8.00000057e-02,
          1.28275871e-01, 7.86206946e-02 ]
      - [ 1.18881121e-01, 1.32867143e-01, 1.23543128e-01, 3.96270417e-02,
          1.09557115e-01, 5.59440553e-02, 6.06060624e-02, 1.65501162e-01,
          1.18881121e-01, 7.45920762e-02 ]
      - [ 1.00882724e-01, 9.33165178e-02, 1.33669615e-01, 1.28625467e-01,
          9.70996246e-02, 6.30517006e-02, 7.06179067e-02, 1.61412358e-01,
          9.70996246e-02, 5.42244650e-02 ]
      - [ 1.17750444e-01, 9.45518464e-02, 5.51845357e-02, 7.27592260e-02,
          1.26186296e-01, 1.12829529e-01, 1.08963095e-01, 7.59226754e-02,
          1.28646746e-01, 1.07205629e-01 ]
      - [ 1.44000009e-01, 7.20000044e-02, 4.80000004e-02, 2.40000002e-02,
          1.68000013e-01, 8.00000057e-02, 1.36000007e-01, 1.28000006e-01,
          4.80000004e-02, 1.52000010e-01 ]
      - [ 1.78472862e-01, 1.40754372e-01, 9.01563913e-02, 9.10763517e-02,
          1.46274149e-01, 6.89972416e-02, 7.17571303e-02, 5.61177544e-02,
          8.92364308e-02, 6.71573132e-02 ]
      - [ 1.34038791e-01, 1.18165784e-01, 3.52733657e-02, 1.11111104e-01,
          1.18165784e-01, 4.76190448e-02, 9.70017612e-02, 1.04056433e-01,
          1.49911806e-01, 8.46560821e-02 ]
      - [ 1.34306565e-01, 1.75182477e-01, 4.23357636e-02, 1.29927009e-01,
          1.24087587e-01, 4.81751822e-02, 8.90510902e-02, 7.00729936e-02,
          9.63503644e-02, 9.05109420e-02 ]
      - [ 1.51685402e-01, 1.29213482e-01, 1.01123594e-01, 7.86516890e-02,
          1.12359554e-01, 7.86516890e-02, 1.12359554e-01, 2.80898884e-02,
          1.34831458e-01, 7.30337054e-02 ]
      - [ 2.11640209e-01, 3.70370373e-02, 8.46560821e-02, 1.48148149e-01,
          1.85185179e-01, 7.93650746e-02, 2.64550261e-02, 4.23280410e-02,
          1.69312164e-01, 1.58730149e-02 ]
      - [ 1.14705883e-01, 1.08823530e-01, 7.64705911e-02, 6.76470622e-02,
          1.29411772e-01, 8.52941200e-02, 1.05882354e-01, 5.58823533e-02,
          1.61764711e-01, 9.41176489e-02 ]
      - [ 1.45328730e-01, 7.95847774e-02, 6.92041516e-02, 7.61245713e-02,
          1.34948105e-01, 1.66089967e-01, 6.92041516e-02, 8.99654031e-02,
          1.03806235e-01, 6.57439455e-02 ]
      - [ 1.29709110e-01, 1.22556038e-01, 4.43490706e-02, 4.53028157e-02,
          1.41154036e-01, 1.36385322e-01, 1.06819272e-01, 6.58082962e-02,
          1.18264191e-01, 8.96518826e-02 ]
      - [ 1.27887785e-01, 1.42739281e-01, 9.48844925e-02, 1.75742581e-01,
          1.18811883e-01, 8.99339989e-02, 7.09570944e-02, 4.95049506e-02,
          7.09570944e-02, 5.85808605e-02 ]
      - [ 1.62746340e-01, 5.02225049e-02, 6.42085150e-02, 3.56007628e-02,
          1.48124605e-01, 2.04704374e-01, 9.53591838e-02, 5.65797836e-02,
          7.75588006e-02, 1.04895100e-01 ]
      - [ 1.05263151e-01, 1.35422826e-01, 6.20934330e-02, 7.45121166e-02,
          1.14725009e-01, 7.80603141e-02, 8.45653415e-02, 9.75753963e-02,
          1.62034288e-01, 8.57480764e-02 ]
      - [ 1.28672749e-01, 1.40830815e-01, 5.06585650e-02, 1.10435672e-01,
          1.36778116e-01, 5.97771071e-02, 1.07396156e-01, 2.93819662e-02,
          1.30699098e-01, 1.05369814e-01 ]
      - [ 8.08510631e-02, 1.54137120e-01, 1.22458629e-01, 1.58392429e-01,
          9.31442082e-02, 4.82269488e-02, 5.62647730e-02, 9.64538977e-02,
          1.34751767e-01, 5.53191490e-02 ]
      - [ 8.69565234e-02, 1.59937888e-01, 9.93788838e-02, 2.50000000e-01,
          8.38509351e-02, 5.43478280e-02, 7.45341629e-02, 4.34782617e-02,
          6.98757768e-02, 7.76397511e-02 ]
      - [ 1.19515009e-01, 9.65646654e-02, 4.95092385e-02, 6.07678965e-02,
          1.22979216e-01, 1.15617782e-01, 8.22748244e-02, 1.25288680e-01,
          1.44630477e-01, 8.28521922e-02 ]
      - [ 1.12469435e-01, 1.44254282e-01, 9.37245265e-02, 2.11083934e-01,
          1.05134472e-01, 6.35696799e-02, 7.74246082e-02, 4.31947820e-02,
          7.49796256e-02, 7.41646290e-02 ]
      - [ 1.20061375e-01, 9.89643261e-02, 3.45224403e-02, 3.41388583e-02,
          1.13156885e-01, 9.51284990e-02, 9.20598358e-02, 1.54583812e-01,
          1.66474879e-01, 9.09090936e-02 ]
      - [ 1.07837185e-01, 7.83718154e-02, 8.26245472e-02, 8.62697512e-02,
          1.10571086e-01, 1.37910098e-01, 9.20413136e-02, 1.12089917e-01,
          1.03584453e-01, 8.86998847e-02 ]
      - [ 1.16504855e-01, 1.42394826e-01, 6.79611638e-02, 1.26213595e-01,
          1.19741105e-01, 7.11974129e-02, 7.44336620e-02, 6.14886768e-02,
          1.03559874e-01, 1.16504855e-01 ]
      - [ 1.28487512e-01, 7.04845786e-02, 7.12187961e-02, 5.80029376e-02,
          1.45374447e-01, 1.12334803e-01, 8.73715132e-02, 1.15271658e-01,
          1.29221737e-01, 8.22320133e-02 ]
      - [ 1.45637035e-01, 3.60508002e-02, 5.94018847e-02, 2.70380992e-02,
          1.54035226e-01, 2.09135592e-01, 9.45309326e-02, 8.82834867e-02,
          8.58254805e-02, 1.00061446e-01 ]
      - [ 9.91124287e-02, 1.33875743e-01, 1.44970417e-01, 2.74408281e-01,
          1.05769232e-01, 5.69526628e-02, 5.39940819e-02, 4.58579883e-02,
          4.21597622e-02, 4.28994074e-02 ]
      - [ 1.34853661e-01, 5.54857254e-02, 6.37457371e-02, 6.75166100e-02,
          1.28389299e-01, 1.58197165e-01, 1.24618426e-01, 7.23648742e-02,
          7.41605312e-02, 1.20667987e-01 ]
      - [ 9.27083418e-02, 1.25000000e-01, 1.41666681e-01, 2.18750015e-01,
          8.54166746e-02, 4.06250022e-02, 7.29166716e-02, 6.35416731e-02,
          8.12500045e-02, 7.81250075e-02 ]
      - [ 1.07428573e-01, 1.59999996e-01, 4.45714295e-02, 9.82857123e-02,
          1.07428573e-01, 9.60000008e-02, 1.05142854e-01, 1.16571426e-01,
          8.57142881e-02, 7.88571388e-02 ]
      - [ 1.40710384e-01, 6.76229522e-02, 1.03825137e-01, 1.70765027e-01,
          1.48907095e-01, 7.44535476e-02, 7.37704933e-02, 7.03551918e-02,
          6.35245889e-02, 8.60655680e-02 ]
      - [ 7.51140714e-02, 2.00421199e-01, 9.79290977e-02, 2.34117225e-01,
          7.19550699e-02, 4.52790447e-02, 4.70340475e-02, 6.98490664e-02,
          1.04949102e-01, 5.33520505e-02 ]
      - [ 1.49156943e-01, 1.03761345e-01, 7.39299580e-02, 7.26329461e-02,
          1.42671853e-01, 1.06355384e-01, 9.72762629e-02, 6.22568093e-02,
          1.02464333e-01, 8.94941613e-02 ]
      - [ 1.63630992e-01, 8.64428505e-02, 2.56965645e-02, 2.39243880e-02,
          1.62154183e-01, 1.43152505e-01, 1.08004339e-01, 6.47829100e-02,
          1.13517776e-01, 1.08693518e-01 ]
      - [ 1.01669192e-01, 7.13201836e-02, 1.71471924e-01, 1.47192717e-01,
          8.34597871e-02, 9.55993906e-02, 5.31107746e-02, 1.22913502e-01,
          9.40819383e-02, 5.91805764e-02 ]
      - [ 1.39156178e-01, 1.45077720e-01, 1.13249443e-01, 1.66543290e-01,
          1.24352328e-01, 7.40192458e-02, 5.18134683e-02, 3.77498120e-02,
          9.54848230e-02, 5.25536612e-02 ]
      - [ 1.44588754e-01, 1.59307361e-01, 4.41558436e-02, 7.01298714e-02,
          1.29870132e-01, 9.35064927e-02, 1.17748924e-01, 3.03030312e-02,
          8.91774893e-02, 1.21212125e-01 ]
      - [ 1.19101122e-01, 1.68539330e-01, 5.61797768e-02, 1.10112362e-01,
          1.10112362e-01, 1.12359554e-01, 9.21348333e-02, 6.96629211e-02,
          7.41573051e-02, 8.76404494e-02 ]
      - [ 1.54471546e-01, 5.69105670e-02, 6.91056848e-02, 1.62601620e-02,
          1.58536583e-01, 1.21951215e-01, 1.46341458e-01, 8.53658468e-02,
          6.91056848e-02, 1.21951215e-01 ]
      - [ 1.89111754e-01, 7.92741179e-02, 5.44412620e-02, 1.10792741e-01,
          2.04393506e-01, 8.50047767e-02, 9.16905403e-02, 3.24737355e-02,
          6.78128004e-02, 8.50047767e-02 ]
      - [ 1.07371800e-01, 1.32211536e-01, 7.69230798e-02, 1.30608976e-01,
          9.45512801e-02, 6.73076957e-02, 7.45192319e-02, 1.13782056e-01,
          1.43429488e-01, 5.92948720e-02 ]
      - [ 1.59810394e-01, 8.86067078e-02, 3.32493782e-02, 2.84919702e-02,
          1.63308486e-01, 1.17028713e-01, 1.06219605e-01, 6.83527440e-02,
          1.30951121e-01, 1.03980824e-01 ]
      - [ 1.55419216e-01, 1.06339470e-01, 4.70347628e-02, 2.00408995e-01,
          1.47239268e-01, 6.54396713e-02, 5.93047030e-02, 3.06748450e-02,
          1.14519425e-01, 7.36196339e-02 ]
      - [ 8.19828436e-02, 1.51572928e-01, 4.67111543e-02, 1.75405145e-01,
          8.67492855e-02, 8.86558667e-02, 7.24499524e-02, 8.67492855e-02,
          1.36320308e-01, 7.34032393e-02 ]
      - [ 1.09845400e-01, 1.08218059e-01, 1.48901537e-01, 7.81122893e-02,
          9.92676988e-02, 1.07404396e-01, 6.83482513e-02, 8.70626494e-02,
          1.28559798e-01, 6.42798990e-02 ]
      - [ 1.02691926e-01, 1.31605193e-01, 5.18444665e-02, 7.57726803e-02,
          1.16650052e-01, 1.02691926e-01, 6.18145578e-02, 1.16650052e-01,
          1.82452649e-01, 5.78265227e-02 ]
      - [ 1.33093521e-01, 1.90647483e-01, 2.51798574e-02, 1.33093521e-01,
          1.43884897e-01, 2.51798574e-02, 1.07913673e-01, 3.23741026e-02,
          7.19424486e-02, 1.36690646e-01 ]
      - [ 1.17647067e-01, 1.40271500e-01, 1.38009056e-01, 1.65158376e-01,
          8.37104097e-02, 4.29864265e-02, 7.69230798e-02, 4.75113131e-02,
          1.06334843e-01, 8.14479664e-02 ]
      - [ 6.47163093e-02, 5.67375869e-02, 3.28014158e-02, 3.90070900e-02,
          5.85106350e-02, 6.38297871e-02, 6.82624057e-02, 2.94326246e-01,
          2.60638297e-01, 6.11702092e-02 ]
      - [ 8.71143341e-02, 1.74228668e-01, 6.26134276e-02, 1.57894731e-01,
          7.80399293e-02, 7.44101629e-02, 6.71506375e-02, 9.43738669e-02,
          1.29764065e-01, 7.44101629e-02 ]
      - [ 1.00000001e-01, 1.18660286e-01, 1.25837326e-01, 8.27751160e-02,
          9.33014378e-02, 5.31100482e-02, 7.27272704e-02, 1.44976079e-01,
          1.34928226e-01, 7.36842081e-02 ]
      - [ 1.74434081e-01, 7.72303566e-02, 5.99201024e-02, 2.92942729e-02,
          1.63781613e-01, 1.66444734e-01, 9.98668373e-02, 4.26098518e-02,
          7.58987963e-02, 1.10519305e-01 ]
      - [ 1.59999996e-01, 3.66315767e-02, 8.96842107e-02, 3.41052637e-02,
          1.44842103e-01, 1.09052628e-01, 4.33684215e-02, 1.44842103e-01,
          1.90315783e-01, 4.71578948e-02 ]
      - [ 7.21530691e-02, 1.61364689e-01, 8.39096382e-02, 1.08114339e-01,
          6.77731708e-02, 3.98801304e-02, 5.69386818e-02, 1.78423241e-01,
          1.74273863e-01, 5.71692027e-02 ]
      - [ 1.01190478e-01, 1.82142869e-01, 7.50000030e-02, 1.97619051e-01,
          1.02380954e-01, 4.52380963e-02, 7.50000030e-02, 2.50000004e-02,
          1.46428570e-01, 5.00000007e-02 ]
      - [ 1.70731708e-01, 1.68292686e-01, 4.39024381e-02, 1.02439024e-01,
          1.41463414e-01, 7.80487806e-02, 5.36585376e-02, 7.07317069e-02,
          1.19512193e-01, 5.12195118e-02 ]
      - [ 9.27419364e-02, 4.20506895e-02, 1.45161286e-01, 5.87557591e-02,
          9.44700465e-02, 6.22119829e-02, 6.91244230e-02, 2.15437785e-01,
          1.33064523e-01, 8.69815648e-02 ]
      - [ 1.00697905e-01, 1.18644066e-01, 3.09072789e-02, 1.79461613e-02,
          1.05682954e-01, 1.60518453e-01, 1.12662017e-01, 1.23629116e-01,
          1.21635094e-01, 1.07676968e-01 ]
      - [ 1.12740606e-01, 8.43263045e-02, 4.39963341e-02, 7.05774501e-02,
          1.20989919e-01, 1.22823097e-01, 8.79926682e-02, 1.42988086e-01,
          1.22823097e-01, 9.07424390e-02 ]
      - [ 1.22047246e-01, 9.44881886e-02, 3.14960629e-02, 7.87401572e-03,
          1.41732275e-01, 1.41732275e-01, 1.02362201e-01, 1.14173226e-01,
          1.41732275e-01, 1.02362201e-01 ]
      - [ 1.01265818e-01, 8.86075944e-02, 1.47679314e-01, 1.05485231e-01,
          1.18143454e-01, 1.05485231e-01, 9.28269997e-02, 2.95358635e-02,
          9.28269997e-02, 1.18143454e-01 ]
      - [ 1.33465141e-01, 6.96984604e-02, 8.89767632e-02, 5.78348972e-02,
          1.42362818e-01, 1.27039045e-01, 9.34256017e-02, 8.15620348e-02,
          1.16164103e-01, 8.94710794e-02 ]
      - [ 1.29296228e-01, 1.51554823e-01, 6.35024533e-02, 1.08510636e-01,
          1.32405892e-01, 8.24877247e-02, 6.08837977e-02, 5.23731560e-02,
          1.60556465e-01, 5.84288053e-02 ]
      - [ 9.71866995e-02, 1.22762144e-01, 6.39386177e-02, 3.83631699e-02,
          9.97442454e-02, 6.64961636e-02, 1.04859337e-01, 1.07416876e-01,
          1.56010225e-01, 1.43222511e-01 ]
      - [ 1.10718496e-01, 1.31919906e-01, 9.89399329e-02, 2.50883400e-01,
          1.01295643e-01, 7.77385160e-02, 8.83392245e-02, 3.06242649e-02,
          4.82921116e-02, 6.12485297e-02 ]
      - [ 8.17160383e-02, 9.29519981e-02, 5.10725267e-02, 5.41368760e-02,
          8.06945860e-02, 1.25638410e-01, 6.74157366e-02, 2.08375901e-01,
          1.75689489e-01, 6.23084791e-02 ]
      - [ 1.09433964e-01, 1.50943398e-01, 8.86792466e-02, 2.22641513e-01,
          1.00000001e-01, 5.94339631e-02, 7.07547218e-02, 3.77358496e-02,
          8.11320767e-02, 7.92452842e-02 ]
      - [ 1.37663886e-01, 9.11799744e-02, 4.29082252e-02, 5.66150174e-02,
          1.39153749e-01, 1.22169249e-01, 9.23718736e-02, 1.07866511e-01,
          1.20977350e-01, 8.90941620e-02 ]
      - [ 1.44044310e-01, 1.28808856e-01, 6.50969520e-02, 9.69529077e-02,
          1.41274229e-01, 5.67867011e-02, 1.16343483e-01, 5.12465350e-02,
          9.55678672e-02, 1.03878111e-01 ]
      - [ 1.67202562e-01, 8.68167207e-02, 1.54340833e-01, 1.12540193e-01,
          1.35048226e-01, 9.00321528e-02, 9.00321528e-02, 2.89389063e-02,
          3.85852084e-02, 9.64630246e-02 ]
      - [ 1.17559522e-01, 1.23511910e-01, 9.67261940e-02, 2.61904776e-01,
          1.10119052e-01, 5.35714291e-02, 7.44047612e-02, 2.38095243e-02,
          7.29166716e-02, 6.54761940e-02 ]
      - [ 9.81308371e-02, 2.33644843e-02, 1.16822429e-01, 6.54205605e-02,
          1.07476629e-01, 4.20560725e-02, 1.44859806e-01, 1.86915874e-01,
          1.07476629e-01, 1.07476629e-01 ]
      - [ 1.17514126e-01, 1.44632772e-01, 8.47457647e-02, 2.71186441e-01,
          9.49152559e-02, 6.77966103e-02, 7.11864457e-02, 1.58192087e-02,
          5.87570630e-02, 7.34463260e-02 ]
      - [ 1.13725498e-01, 5.49019650e-02, 3.92156877e-02, 1.17647070e-02,
          8.62745121e-02, 8.23529437e-02, 1.17647067e-01, 2.35294133e-01,
          1.56862751e-01, 1.01960793e-01 ]
      - [ 1.21875003e-01, 8.90625045e-02, 1.09375000e-01, 2.53125012e-01,
          1.20312504e-01, 6.25000000e-02, 5.78125007e-02, 9.37500037e-03,
          1.18749999e-01, 5.78125007e-02 ]
      - [ 1.14638448e-01, 7.58377388e-02, 1.16402112e-01, 9.17107537e-02,
          1.39329806e-01, 6.70193955e-02, 7.05467314e-02, 1.07583769e-01,
          1.48148149e-01, 6.87830672e-02 ]
      - [ 1.11111112e-01, 2.35555559e-01, 2.22222228e-02, 1.06666669e-01,
          1.11111112e-01, 4.88888919e-02, 1.24444447e-01, 6.66666701e-02,
          5.77777773e-02, 1.15555555e-01 ]
      - [ 1.29518062e-01, 1.59638554e-01, 6.62650615e-02, 1.89759031e-01,
          1.14457831e-01, 6.02409616e-02, 1.08433731e-01, 9.03614424e-03,
          2.40963846e-02, 1.38554215e-01 ]
      - [ 1.17437720e-01, 1.56583622e-01, 6.40569404e-02, 1.85053378e-01,
          1.17437720e-01, 6.40569404e-02, 1.17437720e-01, 1.42348753e-02,
          2.84697507e-02, 1.35231316e-01 ]
      - [ 8.97583440e-02, 1.34637520e-01, 8.11277330e-02, 9.49367061e-02,
          9.60874557e-02, 8.51553530e-02, 4.37284224e-02, 1.31185278e-01,
          1.89873412e-01, 5.35097830e-02 ]
      - [ 1.41333327e-01, 1.50666669e-01, 6.93333298e-02, 1.65333331e-01,
          1.18666664e-01, 7.33333305e-02, 5.99999987e-02, 5.46666645e-02,
          8.79999995e-02, 7.86666647e-02 ]
      - [ 1.09137051e-01, 1.95431471e-01, 8.88324827e-02, 1.85279191e-01,
          1.09137051e-01, 7.61421323e-02, 6.34517744e-02, 4.31472063e-02,
          7.86802024e-02, 5.07614203e-02 ]
      - [ 1.28151804e-01, 1.03197299e-01, 6.16064481e-02, 9.27995816e-02,
          1.27891868e-01, 1.17494151e-01, 8.81206095e-02, 9.33194682e-02,
          9.12399292e-02, 9.61788371e-02 ]
      - [ 1.27976194e-01, 1.04437232e-01, 5.16774878e-02, 9.46969688e-02,
          1.29058436e-01, 1.43127710e-01, 1.00108229e-01, 6.16883114e-02,
          9.25324708e-02, 9.46969688e-02 ]
      - [ 6.81381971e-02, 3.83877158e-02, 4.89443354e-02, 3.55086364e-02,
          7.38963485e-02, 4.60652560e-02, 6.33397326e-02, 3.24376196e-01,
          2.49520153e-01, 5.18234149e-02 ]
      - [ 9.36749354e-02, 1.54523611e-01, 1.20096073e-01, 1.77742183e-01,
          9.44755822e-02, 9.36749354e-02, 6.00480363e-02, 4.88390699e-02,
          9.68775004e-02, 6.00480363e-02 ]
      - [ 1.56250000e-01, 1.45833343e-01, 6.77083358e-02, 2.52604187e-01,
          1.32812500e-01, 5.72916679e-02, 7.55208358e-02, 2.60416679e-02,
          2.34375000e-02, 6.25000000e-02 ]
      - [ 1.58653855e-01, 8.17307755e-02, 7.69230798e-02, 1.25000000e-01,
          1.39423087e-01, 8.17307755e-02, 1.25000000e-01, 3.84615399e-02,
          6.73076957e-02, 1.05769232e-01 ]
      - [ 1.41592920e-01, 1.59292042e-01, 2.65486725e-02, 2.69911498e-01,
          1.76991150e-01, 9.73451287e-02, 6.63716793e-02, 0.,
          1.32743362e-02, 4.86725643e-02 ]
      - [ 1.12469435e-01, 1.44254282e-01, 9.37245265e-02, 2.11083934e-01,
          1.05134472e-01, 6.35696799e-02, 7.74246082e-02, 4.31947820e-02,
          7.49796256e-02, 7.41646290e-02 ]
      - [ 1.09429568e-01, 1.42025620e-01, 1.60651922e-01, 2.60768354e-01,
          1.02444708e-01, 4.77299206e-02, 4.54016291e-02, 2.09545977e-02,
          5.93713634e-02, 5.12223542e-02 ]
      - [ 1.02689490e-01, 1.57701716e-01, 1.05134480e-01, 3.00733507e-01,
          9.53545272e-02, 6.35696873e-02, 7.57946223e-02, 1.22249397e-02,
          2.93398537e-02, 5.74572161e-02 ]
      - [ 1.16504855e-01, 8.25242698e-02, 1.55339807e-01, 2.28155345e-01,
          1.01941749e-01, 1.01941749e-01, 9.22330096e-02, 4.85436898e-03,
          4.85436916e-02, 6.79611638e-02 ]
      - [ 6.47321492e-02, 1.91964298e-01, 1.62946433e-01, 2.58928597e-01,
          1.09375007e-01, 2.90178582e-02, 4.46428582e-02, 3.12500000e-02,
          6.02678582e-02, 4.68750037e-02 ]
      - [ 1.19133577e-01, 1.20938629e-01, 1.06498197e-01, 1.71480149e-01,
          1.06498197e-01, 6.67870045e-02, 9.38628167e-02, 3.42960283e-02,
          8.48375410e-02, 9.56678689e-02 ]
      - [ 9.55711007e-02, 9.32400972e-02, 1.42191142e-01, 1.32867143e-01,
          8.39160830e-02, 1.09557115e-01, 5.12820520e-02, 1.14219114e-01,
          1.18881121e-01, 5.82750589e-02 ]
      - [ 4.82456163e-02, 8.77192989e-02, 1.84210524e-01, 1.97368428e-01,
          6.14035092e-02, 2.63157897e-02, 3.50877196e-02, 1.14035085e-01,
          2.01754391e-01, 4.38596494e-02 ]
      - [ 1.46608323e-01, 1.15973741e-01, 9.62800905e-02, 1.15973741e-01,
          1.24726482e-01, 1.02844641e-01, 5.90809621e-02, 5.68927787e-02,
          1.07221007e-01, 7.43982494e-02 ]
      - [ 1.25000000e-01, 1.41129032e-01, 1.45161286e-01, 2.25806445e-01,
          8.87096748e-02, 8.06451589e-03, 1.08870968e-01, 3.62903215e-02,
          3.22580636e-02, 8.87096748e-02 ]
      - [ 1.26126125e-01, 1.35135144e-01, 9.00900960e-02, 7.95795843e-02,
          1.24624625e-01, 1.12612613e-01, 8.55855867e-02, 6.60660714e-02,
          1.15615621e-01, 6.45645633e-02 ]
      - [ 1.35193139e-01, 9.87124443e-02, 1.33047208e-01, 1.65236056e-01,
          9.65665206e-02, 6.43776804e-02, 6.43776804e-02, 4.29184549e-02,
          1.15879826e-01, 8.36909860e-02 ]
      - [ 8.19047615e-02, 1.35238096e-01, 2.17142850e-01, 2.05714285e-01,
          6.47619069e-02, 3.80952358e-02, 7.99999982e-02, 4.57142852e-02,
          8.57142881e-02, 4.57142852e-02 ]
      - [ 1.00558653e-01, 1.53631285e-01, 1.25698313e-01, 1.64804459e-01,
          1.14525139e-01, 5.86592145e-02, 9.21787694e-02, 3.35195512e-02,
          7.26256967e-02, 8.37988779e-02 ]
      - [ 8.96861032e-02, 1.30044848e-01, 1.12107627e-01, 1.43497765e-01,
          9.41704065e-02, 5.82959652e-02, 7.17488825e-02, 1.07623324e-01,
          1.34529158e-01, 5.82959652e-02 ]
      - [ 7.80000016e-02, 2.08000004e-01, 8.60000029e-02, 1.60000011e-01,
          5.40000014e-02, 4.00000028e-02, 3.60000022e-02, 1.16000004e-01,
          1.76000014e-01, 4.60000038e-02 ]
      - [ 9.55414027e-02, 7.32484087e-02, 8.59872624e-02, 1.94267511e-01,
          1.05095543e-01, 6.68789819e-02, 9.55414027e-02, 5.73248416e-02,
          1.36942685e-01, 8.91719759e-02 ]
      - [ 5.72916679e-02, 1.56250000e-01, 1.66666672e-01, 2.18750000e-01,
          8.33333358e-02, 3.12500000e-02, 5.20833358e-02, 8.85416716e-02,
          8.33333358e-02, 6.25000000e-02 ]
      - [ 8.28729346e-02, 1.38121545e-01, 1.76795587e-01, 1.74033150e-01,
          6.62983432e-02, 3.86740342e-02, 6.07734844e-02, 7.18232095e-02,
          1.38121545e-01, 5.24861887e-02 ]
      - [ 8.70406181e-02, 1.50870413e-01, 1.12185687e-01, 1.93423599e-01,
          9.86460373e-02, 5.60928434e-02, 6.38297871e-02, 6.96325004e-02,
          1.14119925e-01, 5.41586094e-02 ]
      - [ 6.94006309e-02, 1.27760261e-01, 1.24605678e-01, 1.21451110e-01,
          6.46687746e-02, 4.25867513e-02, 5.04731871e-02, 1.82965308e-01,
          1.56151429e-01, 5.99369109e-02 ]
      - [ 7.66773149e-02, 1.53354630e-01, 1.66134179e-01, 2.20447287e-01,
          7.98722059e-02, 2.87539922e-02, 4.15335447e-02, 7.98722059e-02,
          9.90415290e-02, 5.43130971e-02 ]
      - [ 1.46341458e-01, 9.14634094e-02, 7.62195066e-02, 3.04878037e-02,
          1.70731694e-01, 1.21951215e-01, 7.31707290e-02, 7.01219514e-02,
          1.40243903e-01, 7.92682916e-02 ]
      - [ 1.25673249e-01, 8.97666067e-02, 7.54039511e-02, 1.02333933e-01,
          1.54398561e-01, 9.51526091e-02, 8.43806118e-02, 8.61759484e-02,
          1.18491925e-01, 6.82226196e-02 ]
      - [ 1.62412986e-01, 1.02088161e-01, 1.02088161e-01, 9.28074196e-02,
          1.60092801e-01, 1.41531318e-01, 9.51276049e-02, 2.32018549e-02,
          4.87238951e-02, 7.19257519e-02 ]
      - [ 1.57392696e-01, 1.31955490e-01, 6.67726547e-02, 9.37996805e-02,
          1.30365655e-01, 8.58505592e-02, 1.01748809e-01, 6.04133569e-02,
          7.79014304e-02, 9.37996805e-02 ]
   decision_functions:
      -
         sv_count: 151
         rho: -5.3007473487052681e-01
         alpha: [ 6.2500000000000000e+01, 6.2500000000000000e+01,
             6.2500000000000000e+01, 6.2500000000000000e+01,
             6.2500000000000000e+01, 6.2500000000000000e+01,
             6.2500000000000000e+01, 6.2500000000000000e+01,
             6.2500000000000000e+01, 6.2500000000000000e+01,
             6.2500000000000000e+01, 6.2500000000000000e+01,
             1.5882957376104798e+00, 6.2500000000000000e+01,
             6.2500000000000000e+01, 6.2500000000000000e+01,
             6.2500000000000000e+01, 6.2500000000000000e+01,
             6.2500000000000000e+01, 5.9156006122762520e+01,
             6.2500000000000000e+01, 6.2500000000000000e+01,
             6.2500000000000000e+01, 6.2500000000000000e+01,
             6.2500000000000000e+01, 6.2500000000000000e+01,
             6.2500000000000000e+01, 6.2500000000000000e+01,
             6.2500000000000000e+01, 3.4312964876103109e+01,
             6.2500000000000000e+01, 6.2500000000000000e+01,
             6.2500000000000000e+01, 6.2500000000000000e+01,
             6.2500000000000000e+01, 6.2500000000000000e+01,
             6.2500000000000000e+01, 6.2500000000000000e+01,
             6.2500000000000000e+01, 6.2500000000000000e+01,
             6.2500000000000000e+01, 6.2500000000000000e+01,
             6.2500000000000000e+01, 6.2500000000000000e+01,
             6.2500000000000000e+01, 6.2500000000000000e+01,
             6.2500000000000000e+01, 6.2500000000000000e+01,
             6.2500000000000000e+01, 6.2500000000000000e+01,
             6.2500000000000000e+01, 6.2500000000000000e+01,
             6.2500000000000000e+01, 6.2500000000000000e+01,
             6.2500000000000000e+01, 6.2500000000000000e+01,
             6.2500000000000000e+01, 6.2500000000000000e+01,
             6.2500000000000000e+01, 6.2500000000000000e+01,
             6.2500000000000000e+01, 6.2500000000000000e+01,
             6.2500000000000000e+01, 6.2500000000000000e+01,
             6.2500000000000000e+01, 6.2500000000000000e+01,
             6.2500000000000000e+01, 6.2500000000000000e+01,
             6.2500000000000000e+01, 6.2500000000000000e+01,
             6.2500000000000000e+01, 6.2500000000000000e+01,
             6.2500000000000000e+01, 6.2500000000000000e+01,
             6.2500000000000000e+01, 6.2500000000000000e+01,
             -6.2500000000000000e+01, -6.2500000000000000e+01,
             -6.2500000000000000e+01, -6.2500000000000000e+01,
             -6.2500000000000000e+01, -6.2500000000000000e+01,
             -6.2500000000000000e+01, -6.2500000000000000e+01,
             -6.2500000000000000e+01, -6.2500000000000000e+01,
             -6.2500000000000000e+01, -6.2500000000000000e+01,
             -6.2500000000000000e+01, -6.2500000000000000e+01,
             -6.2500000000000000e+01, -6.2500000000000000e+01,
             -6.2500000000000000e+01, -6.2500000000000000e+01,
             -6.2500000000000000e+01, -6.2500000000000000e+01,
             -6.2500000000000000e+01, -6.2500000000000000e+01,
             -6.2500000000000000e+01, -6.2500000000000000e+01,
             -6.2500000000000000e+01, -6.0744301860373000e+01,
             -6.2500000000000000e+01, -6.2500000000000000e+01,
             -6.2500000000000000e+01, -6.2500000000000000e+01,
             -6.2500000000000000e+01, -6.2500000000000000e+01,
             -6.2500000000000000e+01, -6.2500000000000000e+01,
             -6.2500000000000000e+01, -6.2500000000000000e+01,
             -6.2500000000000000e+01, -6.2500000000000000e+01,
             -6.2500000000000000e+01, -6.2500000000000000e+01,
             -6.2500000000000000e+01, -6.2500000000000000e+01,
             -6.2500000000000000e+01, -6.2500000000000000e+01,
             -6.2500000000000000e+01, -6.2500000000000000e+01,
             -6.2500000000000000e+01, -6.2500000000000000e+01,
             -6.2500000000000000e+01, -6.2500000000000000e+01,
             -6.2500000000000000e+01, -6.2500000000000000e+01,
             -6.2500000000000000e+01, -6.2500000000000000e+01,
             -6.2500000000000000e+01, -6.2500000000000000e+01,
             -6.2500000000000000e+01, -6.2500000000000000e+01,
             -3.4312964876103109e+01, -6.2500000000000000e+01,
             -6.2500000000000000e+01, -6.2500000000000000e+01,
             -6.2500000000000000e+01, -6.2500000000000000e+01,
             -6.2500000000000000e+01, -6.2500000000000000e+01,
             -6.2500000000000000e+01, -6.2500000000000000e+01,
             -6.2500000000000000e+01, -6.2500000000000000e+01,
             -6.2500000000000000e+01, -6.2500000000000000e+01,
             -6.2500000000000000e+01, -6.2500000000000000e+01,
             -6.2500000000000000e+01 ]
         index: [ 0, 1, 2, 3, 4, 5, 6, 7, 8, 9, 10, 11, 12, 13, 14, 15,
             16, 17, 18, 19, 20, 21, 22, 23, 24, 25, 26, 27, 28, 29, 30,
             31, 32, 33, 34, 35, 36, 37, 38, 39, 40, 41, 42, 43, 44, 45,
             46, 47, 48, 49, 50, 51, 52, 132, 150, 149, 128, 129, 130,
             131, 133, 134, 135, 136, 137, 138, 139, 140, 141, 142, 143,
             144, 145, 146, 147, 148, 53, 54, 55, 57, 58, 59, 60, 61, 62,
             63, 64, 65, 66, 67, 68, 69, 70, 71, 72, 73, 74, 75, 76, 77,
             78, 79, 80, 81, 82, 83, 84, 85, 86, 87, 88, 89, 90, 91, 92,
             93, 94, 95, 96, 97, 98, 99, 100, 101, 102, 103, 117, 118,
             119, 104, 120, 121, 122, 123, 124, 125, 56, 126, 127, 105,
             106, 107, 108, 109, 110, 111, 112, 113, 114, 115, 116 ]
