%YAML:1.0
---
opencv_ml_svm:
   format: 3
   svmType: C_SVC
   kernel:
      type: CHI2
      gamma: 1.0000000000000001e-05
   C: 1.0000000000000001e-01
   term_criteria: { iterations:100 }
   var_count: 10
   class_count: 2
   class_labels: !!opencv-matrix
      rows: 2
      cols: 1
      dt: i
      data: [ 0, 1 ]
   sv_total: 184
   support_vectors:
      - [ 9.99999940e-02, 1.27272725e-01, 7.72727281e-02, 1.36363626e-01,
          1.18181817e-01, 7.27272704e-02, 1.22727267e-01, 8.63636360e-02,
          6.81818128e-02, 9.09090862e-02 ]
      - [ 1.04166672e-01, 1.14583336e-01, 8.33333358e-02, 8.33333358e-02,
          1.09375000e-01, 6.25000000e-02, 1.40625000e-01, 4.68750000e-02,
          1.04166672e-01, 1.51041672e-01 ]
      - [ 9.81308371e-02, 6.54205605e-02, 1.16822429e-01, 1.12149529e-01,
          1.40186906e-01, 7.47663528e-02, 1.58878505e-01, 3.27102803e-02,
          3.73831764e-02, 1.63551390e-01 ]
      - [ 1.05022825e-01, 1.32420093e-01, 1.05022825e-01, 1.05022825e-01,
          9.13241953e-02, 7.30593577e-02, 9.58904102e-02, 7.76255652e-02,
          9.58904102e-02, 1.18721455e-01 ]
      - [ 7.06521720e-02, 1.08695656e-01, 1.08695656e-01, 1.41304344e-01,
          1.03260875e-01, 5.97826093e-02, 1.30434781e-01, 5.43478280e-02,
          9.78260860e-02, 1.25000000e-01 ]
      - [ 9.28961709e-02, 8.19672123e-02, 1.25683054e-01, 1.25683054e-01,
          9.83606502e-02, 4.37158458e-02, 1.36612013e-01, 7.65027329e-02,
          8.74316916e-02, 1.31147534e-01 ]
      - [ 1.08280256e-01, 8.28025490e-02, 9.55414027e-02, 1.46496817e-01,
          9.55414027e-02, 2.54777074e-02, 1.40127391e-01, 1.14649683e-01,
          9.55414027e-02, 9.55414027e-02 ]
      - [ 1.11111112e-01, 1.79012343e-01, 1.29629627e-01, 1.41975313e-01,
          7.40740746e-02, 4.32098769e-02, 1.17283955e-01, 5.55555560e-02,
          9.25925970e-02, 5.55555560e-02 ]
      - [ 1.12970710e-01, 1.12970710e-01, 6.27615079e-02, 1.08786605e-01,
          1.04602508e-01, 6.27615079e-02, 1.25523016e-01, 7.94979036e-02,
          1.08786605e-01, 1.21338911e-01 ]
      - [ 1.25000000e-01, 8.52272734e-02, 9.09090936e-02, 1.19318187e-01,
          1.47727281e-01, 6.25000000e-02, 1.07954547e-01, 8.52272734e-02,
          7.95454532e-02, 9.65909138e-02 ]
      - [ 1.36645973e-01, 1.73913047e-01, 4.34782617e-02, 1.18012428e-01,
          1.36645973e-01, 2.48447210e-02, 9.93788838e-02, 1.11801244e-01,
          2.48447210e-02, 1.30434781e-01 ]
      - [ 1.63742691e-01, 9.94152054e-02, 8.77192989e-02, 1.52046785e-01,
          9.35672522e-02, 5.26315793e-02, 1.05263159e-01, 4.09356728e-02,
          8.18713456e-02, 1.22807018e-01 ]
      - [ 1.16731517e-01, 8.56031105e-02, 9.72762629e-02, 7.39299580e-02,
          1.32295713e-01, 9.72762629e-02, 1.36186764e-01, 7.00389072e-02,
          8.17120597e-02, 1.08949415e-01 ]
      - [ 1.15168542e-01, 1.09550565e-01, 1.15168542e-01, 1.12359554e-01,
          1.09550565e-01, 7.58427009e-02, 1.23595506e-01, 3.37078646e-02,
          7.86516890e-02, 1.26404494e-01 ]
      - [ 1.15079373e-01, 5.95238134e-02, 6.74603209e-02, 7.93650821e-02,
          1.26984134e-01, 1.11111119e-01, 1.23015881e-01, 9.12698433e-02,
          1.11111119e-01, 1.15079373e-01 ]
      - [ 1.34328350e-01, 6.34328350e-02, 8.95522386e-02, 5.22388034e-02,
          1.26865670e-01, 1.00746267e-01, 8.58208910e-02, 8.95522386e-02,
          1.52985066e-01, 1.04477607e-01 ]
      - [ 1.25984251e-01, 4.72440943e-02, 8.26771632e-02, 3.93700786e-02,
          1.37795269e-01, 1.02362201e-01, 7.87401572e-02, 1.37795269e-01,
          1.18110240e-01, 1.29921257e-01 ]
      - [ 1.14406779e-01, 1.16525427e-01, 8.26271176e-02, 9.53389853e-02,
          9.32203382e-02, 7.41525441e-02, 6.35593235e-02, 1.35593221e-01,
          1.77966103e-01, 4.66101691e-02 ]
      - [ 1.04651161e-01, 1.04651161e-01, 1.10465117e-01, 8.72092992e-02,
          1.10465117e-01, 6.39534891e-02, 1.39534891e-01, 6.39534891e-02,
          6.39534891e-02, 1.51162788e-01 ]
      - [ 1.11111104e-01, 6.87830672e-02, 7.40740746e-02, 7.40740746e-02,
          8.99470896e-02, 8.46560821e-02, 1.48148149e-01, 8.99470896e-02,
          1.64021164e-01, 9.52380896e-02 ]
      - [ 7.18562901e-02, 8.98203626e-02, 1.07784435e-01, 1.31736532e-01,
          1.31736532e-01, 4.79041934e-02, 9.58083868e-02, 9.58083868e-02,
          1.19760484e-01, 1.07784435e-01 ]
      - [ 7.64705911e-02, 7.05882385e-02, 1.17647059e-01, 1.35294124e-01,
          8.23529437e-02, 4.70588244e-02, 1.00000001e-01, 1.00000001e-01,
          1.52941182e-01, 1.17647059e-01 ]
      - [ 7.67263398e-02, 6.13810718e-02, 1.32992327e-01, 8.18414316e-02,
          1.35549873e-01, 7.67263398e-02, 6.39386177e-02, 7.92838857e-02,
          1.84143215e-01, 1.07416876e-01 ]
      - [ 1.04575165e-01, 9.15032700e-02, 7.84313753e-02, 2.22222224e-01,
          1.17647059e-01, 8.49673226e-02, 1.04575165e-01, 4.57516350e-02,
          6.53594807e-02, 8.49673226e-02 ]
      - [ 1.21212117e-01, 1.15151510e-01, 1.03030302e-01, 1.27272725e-01,
          1.57575756e-01, 3.63636352e-02, 1.03030302e-01, 2.42424235e-02,
          9.69696939e-02, 1.15151510e-01 ]
      - [ 1.50259063e-01, 1.13989636e-01, 4.14507762e-02, 1.45077720e-01,
          1.13989636e-01, 6.21761642e-02, 1.34715021e-01, 3.10880821e-02,
          7.77202025e-02, 1.29533678e-01 ]
      - [ 1.23655915e-01, 8.60215053e-02, 1.02150537e-01, 1.18279569e-01,
          9.13978517e-02, 1.18279569e-01, 1.02150537e-01, 6.45161271e-02,
          1.02150537e-01, 9.13978517e-02 ]
      - [ 1.23486690e-01, 7.74818435e-02, 1.13801457e-01, 9.68523026e-02,
          1.33171916e-01, 7.99031481e-02, 9.44309980e-02, 7.74818435e-02,
          1.21065378e-01, 8.23244601e-02 ]
      - [ 9.93377492e-02, 9.27152336e-02, 1.78807944e-01, 1.52317882e-01,
          1.05960265e-01, 1.32450331e-02, 1.19205296e-01, 3.31125818e-02,
          9.27152336e-02, 1.12582780e-01 ]
      - [ 1.40043765e-01, 8.53391662e-02, 1.05032824e-01, 7.87746161e-02,
          1.55361056e-01, 7.65864328e-02, 1.02844641e-01, 5.68927787e-02,
          1.02844641e-01, 9.62800905e-02 ]
      - [ 1.49999991e-01, 9.09090862e-02, 1.22727267e-01, 3.63636352e-02,
          1.11363634e-01, 6.36363626e-02, 1.15909085e-01, 1.06818177e-01,
          1.06818177e-01, 9.54545438e-02 ]
      - [ 1.00702569e-01, 6.79156855e-02, 8.43091309e-02, 8.89929682e-02,
          1.21779852e-01, 6.79156855e-02, 1.17096014e-01, 1.10070251e-01,
          1.12412170e-01, 1.28805622e-01 ]
      - [ 1.17333330e-01, 6.66666627e-02, 1.57333329e-01, 8.79999995e-02,
          1.09333329e-01, 6.39999956e-02, 1.41333327e-01, 6.39999956e-02,
          7.46666640e-02, 1.17333330e-01 ]
      - [ 1.36546180e-01, 5.22088334e-02, 1.00401603e-01, 6.82730898e-02,
          1.32530123e-01, 1.00401603e-01, 1.36546180e-01, 2.40963846e-02,
          9.63855386e-02, 1.52610436e-01 ]
      - [ 1.19535513e-01, 6.48907050e-02, 7.24043697e-02, 5.80601059e-02,
          1.13729507e-01, 1.39002725e-01, 1.28415301e-01, 8.06010887e-02,
          8.74316916e-02, 1.35928959e-01 ]
      - [ 1.03111111e-01, 9.77777764e-02, 1.12888888e-01, 1.12888888e-01,
          1.04000002e-01, 5.42222224e-02, 8.79999995e-02, 1.01333335e-01,
          1.28888890e-01, 9.68888924e-02 ]
      - [ 1.49193540e-01, 6.85483813e-02, 7.66129047e-02, 7.45967701e-02,
          1.37096763e-01, 9.47580636e-02, 1.29032254e-01, 7.86290318e-02,
          8.06451589e-02, 1.10887095e-01 ]
      - [ 1.19515881e-01, 6.20272309e-02, 7.56429657e-02, 1.08925864e-01,
          1.48260206e-01, 8.92586932e-02, 1.05900146e-01, 8.92586932e-02,
          8.01815391e-02, 1.21028736e-01 ]
      - [ 1.50015369e-01, 7.07039610e-02, 1.41407922e-01, 7.25484118e-02,
          1.49707958e-01, 1.11589298e-01, 8.97632912e-02, 4.98001836e-02,
          6.64002448e-02, 9.80633274e-02 ]
      - [ 1.13829784e-01, 1.15957446e-01, 6.91489354e-02, 7.97872320e-02,
          1.17021270e-01, 7.76595697e-02, 6.59574419e-02, 1.20212764e-01,
          1.73404247e-01, 6.70212731e-02 ]
      - [ 1.55212358e-01, 4.34362926e-02, 6.85328171e-02, 7.14285672e-02,
          1.56177610e-01, 1.53088793e-01, 1.05405405e-01, 6.52509630e-02,
          8.59073326e-02, 9.55598429e-02 ]
      - [ 1.21593289e-01, 1.27882600e-01, 1.25786155e-01, 1.06918238e-01,
          9.22431797e-02, 4.82180268e-02, 1.00628927e-01, 6.70859516e-02,
          1.36268333e-01, 7.33752623e-02 ]
      - [ 1.16255835e-01, 9.72684920e-02, 1.19920060e-01, 9.92671549e-02,
          1.22584946e-01, 7.52831474e-02, 7.86142573e-02, 7.32844770e-02,
          1.28914058e-01, 8.86075944e-02 ]
      - [ 1.19447775e-01, 1.33253291e-01, 9.90396142e-02, 1.17046818e-01,
          1.24849938e-01, 7.62304887e-02, 8.88355300e-02, 4.98199277e-02,
          9.90396142e-02, 9.24369693e-02 ]
      - [ 8.25688019e-02, 1.92660540e-01, 1.28440365e-01, 7.33944923e-02,
          1.19266048e-01, 4.58715558e-02, 1.10091738e-01, 4.58715558e-02,
          1.10091738e-01, 9.17431116e-02 ]
      - [ 1.96035236e-01, 3.74449342e-02, 5.94713613e-02, 6.38766512e-02,
          1.76211447e-01, 1.29955947e-01, 7.92951509e-02, 4.84581478e-02,
          1.18942723e-01, 9.03083682e-02 ]
      - [ 1.25461251e-01, 5.16605154e-02, 1.69741705e-01, 3.87453884e-02,
          1.25461251e-01, 7.93357939e-02, 1.10701106e-01, 9.40959454e-02,
          9.77859795e-02, 1.07011072e-01 ]
      - [ 1.00689657e-01, 1.21379316e-01, 7.31034502e-02, 1.31034493e-01,
          1.14482760e-01, 7.17241392e-02, 1.00689657e-01, 8.00000057e-02,
          1.28275871e-01, 7.86206946e-02 ]
      - [ 1.18881121e-01, 1.32867143e-01, 1.23543128e-01, 3.96270417e-02,
          1.09557115e-01, 5.59440553e-02, 6.06060624e-02, 1.65501162e-01,
          1.18881121e-01, 7.45920762e-02 ]
      - [ 1.35933802e-01, 6.56028390e-02, 1.19976357e-01, 1.42434984e-01,
          1.27068564e-01, 8.56973976e-02, 8.74704495e-02, 5.49645387e-02,
          9.98817980e-02, 8.09692666e-02 ]
      - [ 1.44086018e-01, 9.89247337e-02, 1.37634411e-01, 1.11827962e-01,
          1.44086018e-01, 4.30107526e-02, 1.09677419e-01, 4.94623668e-02,
          6.45161271e-02, 9.67741981e-02 ]
      - [ 1.58227846e-01, 6.11814335e-02, 6.54008389e-02, 6.54008389e-02,
          1.75105482e-01, 8.43881816e-02, 1.01265818e-01, 9.49367061e-02,
          9.49367061e-02, 9.91561115e-02 ]
      - [ 1.32620320e-01, 6.31016046e-02, 1.13368988e-01, 9.41176489e-02,
          1.56149730e-01, 9.83957201e-02, 6.09625690e-02, 9.09090936e-02,
          1.25133693e-01, 6.52406439e-02 ]
      - [ 1.38401568e-01, 4.87329438e-02, 8.96686167e-02, 7.79727101e-02,
          1.36452243e-01, 1.96881086e-01, 9.35672522e-02, 6.43274859e-02,
          7.60233924e-02, 7.79727101e-02 ]
      - [ 1.00882724e-01, 9.33165178e-02, 1.33669615e-01, 1.28625467e-01,
          9.70996246e-02, 6.30517006e-02, 7.06179067e-02, 1.61412358e-01,
          9.70996246e-02, 5.42244650e-02 ]
      - [ 1.98359668e-01, 3.37181054e-02, 7.65492097e-02, 4.49574739e-02,
          1.94410697e-01, 1.32138520e-01, 1.13304988e-01, 4.16160412e-02,
          4.79951426e-02, 1.16950184e-01 ]
      - [ 1.16883114e-01, 1.55844152e-01, 7.14285746e-02, 5.19480519e-02,
          1.13636367e-01, 4.22077924e-02, 1.42857149e-01, 4.87012975e-02,
          1.03896104e-01, 1.52597398e-01 ]
      - [ 1.17750444e-01, 9.45518464e-02, 5.51845357e-02, 7.27592260e-02,
          1.26186296e-01, 1.12829529e-01, 1.08963095e-01, 7.59226754e-02,
          1.28646746e-01, 1.07205629e-01 ]
      - [ 1.16584569e-01, 8.70279148e-02, 9.03119892e-02, 8.04597735e-02,
          1.24794744e-01, 7.71756992e-02, 1.33004934e-01, 1.03448279e-01,
          8.37438405e-02, 1.03448279e-01 ]
      - [ 1.47058830e-01, 1.29901960e-01, 1.27450988e-01, 4.90196086e-02,
          1.25000000e-01, 6.12745136e-02, 1.02941178e-01, 8.57843161e-02,
          8.08823556e-02, 9.06862766e-02 ]
      - [ 9.34256092e-02, 4.49827015e-02, 1.52249143e-01, 1.24567479e-01,
          1.03806235e-01, 1.38408309e-02, 1.34948105e-01, 6.92041516e-02,
          1.34948105e-01, 1.28027692e-01 ]
      - [ 1.80851057e-01, 2.39361692e-02, 7.97872320e-02, 5.31914867e-02,
          1.83510631e-01, 1.19680844e-01, 1.03723399e-01, 7.44680837e-02,
          8.77659544e-02, 9.30851027e-02 ]
      - [ 1.42011836e-01, 8.28402340e-02, 1.15384616e-01, 6.50887564e-02,
          1.77514791e-01, 9.76331383e-02, 8.87573957e-02, 6.80473372e-02,
          6.50887564e-02, 9.76331383e-02 ]
      - [ 1.00199074e-01, 1.07498340e-01, 8.22826847e-02, 6.76841438e-02,
          1.14797615e-01, 8.89183804e-02, 1.14134043e-01, 8.16191137e-02,
          1.36695430e-01, 1.06171206e-01 ]
      - [ 1.44000009e-01, 7.20000044e-02, 4.80000004e-02, 2.40000002e-02,
          1.68000013e-01, 8.00000057e-02, 1.36000007e-01, 1.28000006e-01,
          4.80000004e-02, 1.52000010e-01 ]
      - [ 1.78472862e-01, 1.40754372e-01, 9.01563913e-02, 9.10763517e-02,
          1.46274149e-01, 6.89972416e-02, 7.17571303e-02, 5.61177544e-02,
          8.92364308e-02, 6.71573132e-02 ]
      - [ 1.20805368e-01, 7.04697967e-02, 1.30872488e-01, 7.04697967e-02,
          1.34228185e-01, 5.36912754e-02, 1.57718122e-01, 7.38255009e-02,
          6.71140924e-02, 1.20805368e-01 ]
      - [ 1.48514852e-01, 4.15841602e-02, 1.18811883e-01, 6.53465390e-02,
          1.12871289e-01, 1.30693078e-01, 8.91089141e-02, 9.10891145e-02,
          1.10891089e-01, 9.10891145e-02 ]
      - [ 1.34038791e-01, 1.18165784e-01, 3.52733657e-02, 1.11111104e-01,
          1.18165784e-01, 4.76190448e-02, 9.70017612e-02, 1.04056433e-01,
          1.49911806e-01, 8.46560821e-02 ]
      - [ 1.38632163e-01, 5.36044352e-02, 7.76340142e-02, 2.40295753e-02,
          1.14602588e-01, 1.18299447e-01, 1.01663589e-01, 1.20147876e-01,
          1.57116458e-01, 9.42698717e-02 ]
      - [ 1.39917687e-01, 1.00823045e-01, 7.20164552e-02, 1.06995881e-01,
          1.41975299e-01, 6.37860075e-02, 1.02880657e-01, 5.14403284e-02,
          1.09053493e-01, 1.11111104e-01 ]
      - [ 1.41805828e-01, 4.61364277e-02, 1.40107557e-01, 8.23662654e-02,
          1.46051511e-01, 1.12935185e-01, 8.57628137e-02, 6.90631196e-02,
          9.62354988e-02, 7.95358047e-02 ]
      - [ 1.34306565e-01, 1.75182477e-01, 4.23357636e-02, 1.29927009e-01,
          1.24087587e-01, 4.81751822e-02, 8.90510902e-02, 7.00729936e-02,
          9.63503644e-02, 9.05109420e-02 ]
      - [ 1.51685402e-01, 1.29213482e-01, 1.01123594e-01, 7.86516890e-02,
          1.12359554e-01, 7.86516890e-02, 1.12359554e-01, 2.80898884e-02,
          1.34831458e-01, 7.30337054e-02 ]
      - [ 1.16751269e-01, 1.01522841e-01, 1.11675128e-01, 9.64467004e-02,
          1.11675128e-01, 5.58375642e-02, 8.62944126e-02, 8.12182724e-02,
          1.37055829e-01, 1.01522841e-01 ]
      - [ 1.02173910e-01, 9.99999940e-02, 1.15217388e-01, 1.45652160e-01,
          1.36956513e-01, 5.43478243e-02, 1.06521733e-01, 3.91304344e-02,
          9.78260860e-02, 1.02173910e-01 ]
      - [ 1.05658196e-01, 5.42725176e-02, 1.65127024e-01, 7.50577375e-02,
          1.13163970e-01, 8.60277116e-02, 7.62124732e-02, 1.32794455e-01,
          1.14318706e-01, 7.73672014e-02 ]
      - [ 2.11640209e-01, 3.70370373e-02, 8.46560821e-02, 1.48148149e-01,
          1.85185179e-01, 7.93650746e-02, 2.64550261e-02, 4.23280410e-02,
          1.69312164e-01, 1.58730149e-02 ]
      - [ 1.01833001e-01, 7.94297382e-02, 1.44602865e-01, 1.26272917e-01,
          1.22199595e-01, 4.48065177e-02, 1.52749494e-01, 5.09165004e-02,
          5.90631403e-02, 1.18126281e-01 ]
      - [ 1.26948774e-01, 8.90868604e-02, 9.35412049e-02, 8.01781788e-02,
          1.49220496e-01, 8.46325159e-02, 1.02449894e-01, 7.57238343e-02,
          9.57683772e-02, 1.02449894e-01 ]
      - [ 1.01426311e-01, 7.21077695e-02, 1.32329643e-01, 1.22028530e-01,
          1.00633919e-01, 9.19175968e-02, 9.35023800e-02, 9.90491286e-02,
          6.81458041e-02, 1.18858956e-01 ]
      - [ 1.14705883e-01, 1.08823530e-01, 7.64705911e-02, 6.76470622e-02,
          1.29411772e-01, 8.52941200e-02, 1.05882354e-01, 5.58823533e-02,
          1.61764711e-01, 9.41176489e-02 ]
      - [ 1.45328730e-01, 7.95847774e-02, 6.92041516e-02, 7.61245713e-02,
          1.34948105e-01, 1.66089967e-01, 6.92041516e-02, 8.99654031e-02,
          1.03806235e-01, 6.57439455e-02 ]
      - [ 1.11607149e-01, 5.35714328e-02, 1.11607149e-01, 9.37500075e-02,
          9.82142910e-02, 5.80357164e-02, 1.07142866e-01, 1.11607149e-01,
          1.38392866e-01, 1.16071433e-01 ]
      - [ 1.62544176e-01, 6.36042431e-02, 1.27208486e-01, 8.48056525e-02,
          1.23674914e-01, 1.20141342e-01, 8.83392245e-02, 8.83392245e-02,
          7.06713796e-02, 7.06713796e-02 ]
      - [ 1.57458574e-01, 7.18232095e-02, 6.07734844e-02, 5.24861887e-02,
          1.51933715e-01, 9.94475186e-02, 1.71270728e-01, 3.86740342e-02,
          7.45856389e-02, 1.21546969e-01 ]
      - [ 9.28143710e-02, 1.19760484e-01, 8.68263543e-02, 1.19760484e-01,
          9.28143710e-02, 4.79041934e-02, 1.13772459e-01, 8.08383226e-02,
          1.22754499e-01, 1.22754499e-01 ]
      - [ 1.24365479e-01, 7.36040622e-02, 1.14213198e-01, 8.62944126e-02,
          1.09137051e-01, 1.16751269e-01, 1.14213198e-01, 7.61421323e-02,
          9.39086303e-02, 9.13705528e-02 ]
      - [ 1.39534891e-01, 8.06201547e-02, 1.08527131e-01, 1.12403102e-01,
          1.40310079e-01, 8.75969008e-02, 8.91472846e-02, 5.81395328e-02,
          6.82170540e-02, 1.15503877e-01 ]
      - [ 8.15450624e-02, 6.00858368e-02, 1.07296139e-01, 1.28755361e-01,
          9.01287571e-02, 3.86266112e-02, 1.54506445e-01, 9.44205970e-02,
          1.15879826e-01, 1.28755361e-01 ]
      - [ 1.01045296e-01, 8.36236924e-02, 1.56794429e-01, 5.92334494e-02,
          1.21951222e-01, 8.01393762e-02, 1.28919855e-01, 6.62020892e-02,
          1.08013935e-01, 9.40766558e-02 ]
      - [ 1.13861382e-01, 9.90099013e-02, 1.63366333e-01, 3.46534662e-02,
          1.08910888e-01, 9.40594077e-02, 7.92079195e-02, 8.91089067e-02,
          6.93069324e-02, 1.48514852e-01 ]
      - [ 9.23076943e-02, 1.05494514e-01, 1.23076931e-01, 1.50549456e-01,
          1.02197804e-01, 4.72527482e-02, 9.67032984e-02, 7.14285746e-02,
          1.09890118e-01, 1.01098903e-01 ]
      - [ 1.29709110e-01, 1.22556038e-01, 4.43490706e-02, 4.53028157e-02,
          1.41154036e-01, 1.36385322e-01, 1.06819272e-01, 6.58082962e-02,
          1.18264191e-01, 8.96518826e-02 ]
      - [ 1.18609406e-01, 1.06339470e-01, 9.20245349e-02, 1.10429443e-01,
          9.61145163e-02, 5.72597124e-02, 9.20245349e-02, 1.28834352e-01,
          9.81595069e-02, 1.00204498e-01 ]
      - [ 1.22340418e-01, 1.15248226e-01, 1.13475174e-01, 1.47163123e-01,
          1.24113470e-01, 6.38297871e-02, 7.97872320e-02, 6.20567352e-02,
          9.57446769e-02, 7.62411356e-02 ]
      - [ 1.20930232e-01, 4.41860482e-02, 1.11627907e-01, 9.30232555e-02,
          1.37209296e-01, 1.04651161e-01, 1.02325581e-01, 6.51162788e-02,
          1.46511629e-01, 7.44186044e-02 ]
      - [ 1.42408371e-01, 9.52879563e-02, 9.52879563e-02, 1.06806286e-01,
          1.49738222e-01, 8.37696344e-02, 8.58638734e-02, 4.18848172e-02,
          7.12041855e-02, 1.27748698e-01 ]
      - [ 1.01382487e-01, 9.21659023e-02, 1.33640558e-01, 1.18663594e-01,
          1.07142858e-01, 4.49308753e-02, 7.48847947e-02, 1.07142858e-01,
          1.31336406e-01, 8.87096748e-02 ]
      - [ 1.19140625e-01, 7.42187500e-02, 6.44531250e-02, 4.88281250e-02,
          1.13281250e-01, 1.15234375e-01, 1.30859375e-01, 1.15234375e-01,
          1.11328125e-01, 1.07421875e-01 ]
      - [ 1.02574930e-01, 9.37104300e-02, 1.05529763e-01, 6.92275241e-02,
          1.04685523e-01, 6.54284507e-02, 9.62431431e-02, 1.19881809e-01,
          1.42676234e-01, 1.00042216e-01 ]
      - [ 1.00147277e-01, 6.92194402e-02, 1.22238584e-01, 8.98379982e-02,
          1.29602358e-01, 9.72017646e-02, 8.83652419e-02, 8.24742243e-02,
          1.14874817e-01, 1.06038295e-01 ]
      - [ 1.27887785e-01, 1.42739281e-01, 9.48844925e-02, 1.75742581e-01,
          1.18811883e-01, 8.99339989e-02, 7.09570944e-02, 4.95049506e-02,
          7.09570944e-02, 5.85808605e-02 ]
      - [ 1.54901966e-01, 2.35294141e-02, 1.00000009e-01, 8.82352963e-02,
          1.68627456e-01, 1.03921577e-01, 7.45098069e-02, 1.27450988e-01,
          8.43137279e-02, 7.45098069e-02 ]
      - [ 1.26794249e-01, 3.34928222e-02, 1.79425836e-01, 6.22009560e-02,
          1.57894731e-01, 1.31578937e-01, 7.17703328e-02, 1.26794249e-01,
          5.74162677e-02, 5.26315756e-02 ]
      - [ 1.86170205e-01, 3.19148935e-02, 6.91489354e-02, 1.27659574e-01,
          1.64893612e-01, 1.59574468e-02, 1.22340418e-01, 7.44680837e-02,
          1.17021270e-01, 9.04255286e-02 ]
      - [ 1.62746340e-01, 5.02225049e-02, 6.42085150e-02, 3.56007628e-02,
          1.48124605e-01, 2.04704374e-01, 9.53591838e-02, 5.65797836e-02,
          7.75588006e-02, 1.04895100e-01 ]
      - [ 1.05263151e-01, 1.35422826e-01, 6.20934330e-02, 7.45121166e-02,
          1.14725009e-01, 7.80603141e-02, 8.45653415e-02, 9.75753963e-02,
          1.62034288e-01, 8.57480764e-02 ]
      - [ 1.43958867e-01, 8.99742916e-02, 6.16966560e-02, 5.91259636e-02,
          1.61953732e-01, 7.45501295e-02, 1.36246786e-01, 5.65552711e-02,
          7.96915144e-02, 1.36246786e-01 ]
      - [ 1.07351229e-01, 1.21353559e-01, 1.82030335e-01, 1.47024512e-01,
          1.13185532e-01, 4.78413068e-02, 7.00116679e-02, 5.83430566e-02,
          7.46791139e-02, 7.81796947e-02 ]
      - [ 1.28672749e-01, 1.40830815e-01, 5.06585650e-02, 1.10435672e-01,
          1.36778116e-01, 5.97771071e-02, 1.07396156e-01, 2.93819662e-02,
          1.30699098e-01, 1.05369814e-01 ]
      - [ 9.29174796e-02, 9.29174796e-02, 1.21507473e-01, 1.04613386e-01,
          1.09811567e-01, 6.75763488e-02, 7.08252117e-02, 1.17608838e-01,
          1.52046785e-01, 7.01754391e-02 ]
      - [ 1.27868846e-01, 4.91803288e-02, 1.14754096e-01, 6.55737668e-02,
          1.50819674e-01, 7.21311495e-02, 1.47540987e-01, 3.60655747e-02,
          1.24590166e-01, 1.11475408e-01 ]
      - [ 1.18397087e-01, 9.83606577e-02, 1.47540987e-01, 1.25683054e-01,
          9.10746828e-02, 2.55009104e-02, 1.36612028e-01, 6.37522787e-02,
          6.19307831e-02, 1.31147534e-01 ]
      - [ 1.38769671e-01, 9.29899886e-02, 7.58226067e-02, 9.58512202e-02,
          1.45922750e-01, 7.86838382e-02, 9.15593728e-02, 5.57939932e-02,
          1.27324760e-01, 9.72818360e-02 ]
      - [ 1.48936167e-01, 6.11702092e-02, 7.97872320e-02, 7.18085095e-02,
          1.30319148e-01, 1.03723399e-01, 1.14361696e-01, 8.24468061e-02,
          8.77659544e-02, 1.19680844e-01 ]
      - [ 1.25475287e-01, 1.06463879e-01, 1.29277572e-01, 1.06463879e-01,
          1.44486696e-01, 4.18250933e-02, 1.02661595e-01, 2.66159698e-02,
          1.02661595e-01, 1.14068441e-01 ]
      - [ 8.35579485e-02, 9.43396240e-02, 1.42857134e-01, 1.02425873e-01,
          1.34770885e-01, 1.18598379e-01, 9.43396240e-02, 6.73854426e-02,
          9.16442052e-02, 7.00808614e-02 ]
      - [ 1.41369045e-01, 8.70535746e-02, 1.10863097e-01, 1.36904761e-01,
          1.36904761e-01, 9.74702388e-02, 7.58928582e-02, 6.17559552e-02,
          8.25892836e-02, 6.91964328e-02 ]
      - [ 1.12994350e-01, 9.60451961e-02, 1.12994350e-01, 1.01694912e-01,
          1.24293789e-01, 7.90960491e-02, 1.12994350e-01, 1.18644066e-01,
          8.47457647e-02, 5.64971752e-02 ]
      - [ 1.23348013e-01, 8.37004334e-02, 9.25110132e-02, 1.51982367e-01,
          1.21145368e-01, 7.04845786e-02, 9.25110132e-02, 5.50660789e-02,
          1.32158577e-01, 7.70925060e-02 ]
      - [ 1.23339660e-01, 9.48766619e-02, 1.17647059e-01, 5.88235296e-02,
          1.36622384e-01, 9.29791257e-02, 1.00569256e-01, 5.88235296e-02,
          1.08159393e-01, 1.08159393e-01 ]
      - [ 1.28787875e-01, 7.19697028e-02, 2.12121218e-01, 9.46969688e-02,
          1.32575765e-01, 6.43939376e-02, 1.06060609e-01, 1.51515156e-02,
          9.09090936e-02, 8.33333358e-02 ]
      - [ 1.19515009e-01, 9.65646654e-02, 4.95092385e-02, 6.07678965e-02,
          1.22979216e-01, 1.15617782e-01, 8.22748244e-02, 1.25288680e-01,
          1.44630477e-01, 8.28521922e-02 ]
      - [ 1.20061375e-01, 9.89643261e-02, 3.45224403e-02, 3.41388583e-02,
          1.13156885e-01, 9.51284990e-02, 9.20598358e-02, 1.54583812e-01,
          1.66474879e-01, 9.09090936e-02 ]
      - [ 1.07837185e-01, 7.83718154e-02, 8.26245472e-02, 8.62697512e-02,
          1.10571086e-01, 1.37910098e-01, 9.20413136e-02, 1.12089917e-01,
          1.03584453e-01, 8.86998847e-02 ]
      - [ 1.28487512e-01, 7.04845786e-02, 7.12187961e-02, 5.80029376e-02,
          1.45374447e-01, 1.12334803e-01, 8.73715132e-02, 1.15271658e-01,
          1.29221737e-01, 8.22320133e-02 ]
      - [ 1.45637035e-01, 3.60508002e-02, 5.94018847e-02, 2.70380992e-02,
          1.54035226e-01, 2.09135592e-01, 9.45309326e-02, 8.82834867e-02,
          8.58254805e-02, 1.00061446e-01 ]
      - [ 1.49156943e-01, 1.03761345e-01, 7.39299580e-02, 7.26329461e-02,
          1.42671853e-01, 1.06355384e-01, 9.72762629e-02, 6.22568093e-02,
          1.02464333e-01, 8.94941613e-02 ]
      - [ 1.44588754e-01, 1.59307361e-01, 4.41558436e-02, 7.01298714e-02,
          1.29870132e-01, 9.35064927e-02, 1.17748924e-01, 3.03030312e-02,
          8.91774893e-02, 1.21212125e-01 ]
      - [ 1.54471546e-01, 5.69105670e-02, 6.91056848e-02, 1.62601620e-02,
          1.58536583e-01, 1.21951215e-01, 1.46341458e-01, 8.53658468e-02,
          6.91056848e-02, 1.21951215e-01 ]
      - [ 1.59810394e-01, 8.86067078e-02, 3.32493782e-02, 2.84919702e-02,
          1.63308486e-01, 1.17028713e-01, 1.06219605e-01, 6.83527440e-02,
          1.30951121e-01, 1.03980824e-01 ]
      - [ 1.02691926e-01, 1.31605193e-01, 5.18444665e-02, 7.57726803e-02,
          1.16650052e-01, 1.02691926e-01, 6.18145578e-02, 1.16650052e-01,
          1.82452649e-01, 5.78265227e-02 ]
      - [ 1.00000001e-01, 1.18660286e-01, 1.25837326e-01, 8.27751160e-02,
          9.33014378e-02, 5.31100482e-02, 7.27272704e-02, 1.44976079e-01,
          1.34928226e-01, 7.36842081e-02 ]
      - [ 1.74434081e-01, 7.72303566e-02, 5.99201024e-02, 2.92942729e-02,
          1.63781613e-01, 1.66444734e-01, 9.98668373e-02, 4.26098518e-02,
          7.58987963e-02, 1.10519305e-01 ]
      - [ 7.21530691e-02, 1.61364689e-01, 8.39096382e-02, 1.08114339e-01,
          6.77731708e-02, 3.98801304e-02, 5.69386818e-02, 1.78423241e-01,
          1.74273863e-01, 5.71692027e-02 ]
      - [ 1.70731708e-01, 1.68292686e-01, 4.39024381e-02, 1.02439024e-01,
          1.41463414e-01, 7.80487806e-02, 5.36585376e-02, 7.07317069e-02,
          1.19512193e-01, 5.12195118e-02 ]
      - [ 9.71866995e-02, 1.22762144e-01, 6.39386177e-02, 3.83631699e-02,
          9.97442454e-02, 6.64961636e-02, 1.04859337e-01, 1.07416876e-01,
          1.56010225e-01, 1.43222511e-01 ]
      - [ 1.44044310e-01, 1.28808856e-01, 6.50969520e-02, 9.69529077e-02,
          1.41274229e-01, 5.67867011e-02, 1.16343483e-01, 5.12465350e-02,
          9.55678672e-02, 1.03878111e-01 ]
      - [ 9.70695987e-02, 2.38095239e-01, 3.84615399e-02, 1.42857149e-01,
          9.15750936e-02, 3.84615399e-02, 7.32600763e-02, 6.22710623e-02,
          1.39194146e-01, 7.87545815e-02 ]
      - [ 1.58653855e-01, 8.17307755e-02, 7.69230798e-02, 1.25000000e-01,
          1.39423087e-01, 8.17307755e-02, 1.25000000e-01, 3.84615399e-02,
          6.73076957e-02, 1.05769232e-01 ]
      - [ 1.21673003e-01, 8.74524713e-02, 1.67300373e-01, 1.10266156e-01,
          1.33079842e-01, 7.98479095e-02, 1.10266156e-01, 4.94296588e-02,
          5.70342205e-02, 8.36501867e-02 ]
      - [ 1.28712863e-01, 8.91089067e-02, 2.07920790e-01, 1.28712863e-01,
          1.18811876e-01, 9.90098994e-03, 9.90099013e-02, 3.96039598e-02,
          1.08910888e-01, 6.93069324e-02 ]
      - [ 8.86699483e-02, 1.97044332e-02, 1.92118227e-01, 9.35960561e-02,
          8.86699483e-02, 6.40394092e-02, 8.37438405e-02, 1.23152710e-01,
          1.62561581e-01, 8.37438405e-02 ]
      - [ 1.33187771e-01, 5.67685589e-02, 1.72489092e-01, 1.20087340e-01,
          1.09170310e-01, 7.64192119e-02, 5.24017476e-02, 1.00436680e-01,
          1.31004363e-01, 4.80349362e-02 ]
      - [ 1.35135129e-01, 9.82800946e-02, 1.91646188e-01, 9.58230942e-02,
          1.32678136e-01, 7.12530687e-02, 6.87960684e-02, 5.40540516e-02,
          6.14250600e-02, 9.09090862e-02 ]
      - [ 1.09271526e-01, 9.27152336e-02, 1.42384112e-01, 2.31788084e-01,
          1.09271526e-01, 3.97351012e-02, 7.61589408e-02, 4.96688746e-02,
          8.60927179e-02, 6.29139096e-02 ]
      - [ 9.55414027e-02, 7.32484087e-02, 8.59872624e-02, 1.94267511e-01,
          1.05095543e-01, 6.68789819e-02, 9.55414027e-02, 5.73248416e-02,
          1.36942685e-01, 8.91719759e-02 ]
      - [ 1.06334843e-01, 8.37104097e-02, 1.69683263e-01, 1.06334843e-01,
          1.24434397e-01, 4.07239832e-02, 1.26696840e-01, 6.33484200e-02,
          8.37104097e-02, 9.50226262e-02 ]
      - [ 1.11662529e-01, 1.16625309e-01, 1.66253105e-01, 1.04218364e-01,
          1.21588089e-01, 5.95533475e-02, 7.44416863e-02, 5.70719615e-02,
          1.01736970e-01, 8.68486315e-02 ]
      - [ 1.34831458e-01, 7.86516890e-02, 1.61516860e-01, 1.16573036e-01,
          1.25000000e-01, 6.60112351e-02, 8.28651711e-02, 5.61797768e-02,
          9.55056176e-02, 8.28651711e-02 ]
      - [ 1.10169493e-01, 1.27118647e-01, 9.11016986e-02, 1.56779662e-01,
          1.18644066e-01, 5.50847463e-02, 1.03813559e-01, 3.60169485e-02,
          9.32203382e-02, 1.08050846e-01 ]
      - [ 1.15789481e-01, 1.10526323e-01, 1.36842117e-01, 9.21052694e-02,
          1.07894741e-01, 6.31579012e-02, 7.10526332e-02, 1.21052638e-01,
          1.15789481e-01, 6.57894760e-02 ]
      - [ 1.70731694e-01, 7.31707290e-02, 1.78861782e-01, 5.28455265e-02,
          1.26016259e-01, 4.87804860e-02, 7.72357732e-02, 9.34959352e-02,
          9.75609720e-02, 8.13008100e-02 ]
      - [ 1.54639170e-01, 7.98969045e-02, 8.50515440e-02, 6.18556663e-02,
          1.70103088e-01, 7.21649453e-02, 8.76288638e-02, 7.73195848e-02,
          1.13402061e-01, 9.79381427e-02 ]
      - [ 1.44578323e-01, 4.81927730e-02, 1.06024101e-01, 7.71084353e-02,
          1.56626508e-01, 1.10843375e-01, 8.91566277e-02, 7.95180723e-02,
          8.67469907e-02, 1.01204820e-01 ]
      - [ 1.46739140e-01, 3.26086953e-02, 1.14130437e-01, 5.70652187e-02,
          1.60326093e-01, 1.73913047e-01, 5.97826093e-02, 8.15217420e-02,
          1.03260875e-01, 7.06521720e-02 ]
      - [ 1.30081296e-01, 4.06504050e-02, 1.74796745e-01, 6.09756075e-02,
          1.46341458e-01, 1.13821134e-01, 9.34959352e-02, 6.91056848e-02,
          1.21951215e-01, 4.87804860e-02 ]
      - [ 1.61585361e-01, 4.87804860e-02, 8.84146318e-02, 7.92682916e-02,
          1.40243903e-01, 1.34146333e-01, 8.53658468e-02, 9.14634094e-02,
          1.00609750e-01, 7.01219514e-02 ]
      - [ 1.37566134e-01, 6.61375672e-02, 8.99470896e-02, 5.82010560e-02,
          1.40211642e-01, 1.03174597e-01, 8.20105821e-02, 1.26984119e-01,
          1.16402112e-01, 7.93650746e-02 ]
      - [ 1.19402982e-01, 5.59701473e-02, 1.41791046e-01, 5.97014911e-02,
          1.08208954e-01, 1.00746267e-01, 5.97014911e-02, 1.71641782e-01,
          1.41791046e-01, 4.10447754e-02 ]
      - [ 1.34703189e-01, 6.39269352e-02, 1.14155248e-01, 1.00456618e-01,
          1.57534242e-01, 8.90410915e-02, 6.62100464e-02, 9.58904102e-02,
          1.09589040e-01, 6.84931502e-02 ]
      - [ 1.43097639e-01, 7.74410740e-02, 1.06060602e-01, 4.37710434e-02,
          1.56565651e-01, 1.36363640e-01, 1.01010099e-01, 7.91245773e-02,
          7.74410740e-02, 7.91245773e-02 ]
      - [ 1.74334154e-01, 5.81113845e-02, 1.08958840e-01, 5.81113845e-02,
          1.45278454e-01, 1.04116224e-01, 1.30750611e-01, 5.81113845e-02,
          7.74818435e-02, 8.47457647e-02 ]
      - [ 1.68453291e-01, 7.50382841e-02, 7.81010762e-02, 6.73813224e-02,
          1.57733545e-01, 8.88208300e-02, 1.14854522e-01, 5.81929572e-02,
          7.65696838e-02, 1.14854522e-01 ]
      - [ 8.82352963e-02, 3.92156877e-02, 2.51634002e-01, 1.27450988e-01,
          1.17647059e-01, 3.92156877e-02, 9.80392173e-02, 6.20915033e-02,
          9.15032700e-02, 8.49673226e-02 ]
      - [ 1.33744851e-01, 7.61316866e-02, 8.64197537e-02, 1.04938269e-01,
          1.35802463e-01, 8.02469105e-02, 9.46502015e-02, 6.58436194e-02,
          1.25514403e-01, 9.67078134e-02 ]
      - [ 1.49206355e-01, 2.85714287e-02, 8.88888910e-02, 6.82539716e-02,
          1.60317466e-01, 1.88888893e-01, 9.04761925e-02, 6.03174604e-02,
          7.46031776e-02, 9.04761925e-02 ]
      - [ 1.25673249e-01, 8.97666067e-02, 7.54039511e-02, 1.02333933e-01,
          1.54398561e-01, 9.51526091e-02, 8.43806118e-02, 8.61759484e-02,
          1.18491925e-01, 6.82226196e-02 ]
      - [ 1.37931034e-01, 3.44827585e-02, 8.12807903e-02, 9.60591137e-02,
          1.82266012e-01, 1.18226603e-01, 1.33004919e-01, 4.67980281e-02,
          7.14285672e-02, 9.85221639e-02 ]
      - [ 1.70686454e-01, 6.49350658e-02, 7.05009252e-02, 3.89610380e-02,
          1.87384039e-01, 1.26159549e-01, 9.83302444e-02, 6.49350658e-02,
          8.90538022e-02, 8.90538022e-02 ]
      - [ 1.58203125e-01, 7.42187500e-02, 8.78906250e-02, 9.37500000e-02,
          1.79687500e-01, 9.96093750e-02, 6.44531250e-02, 7.61718750e-02,
          8.20312500e-02, 8.39843750e-02 ]
      - [ 7.93650821e-02, 1.19047631e-02, 1.42857149e-01, 7.53968284e-02,
          1.15079373e-01, 7.14285746e-02, 3.96825410e-02, 1.94444463e-01,
          2.26190493e-01, 4.36507948e-02 ]
      - [ 1.64576799e-01, 5.79937287e-02, 8.62068981e-02, 5.64263314e-02,
          1.95924759e-01, 1.23824447e-01, 1.08150467e-01, 4.54545431e-02,
          6.89655170e-02, 9.24764872e-02 ]
      - [ 1.35265693e-01, 8.21256042e-02, 1.42512068e-01, 7.72946849e-02,
          1.47342995e-01, 7.97101408e-02, 8.45410600e-02, 6.03864715e-02,
          1.11111112e-01, 7.97101408e-02 ]
      - [ 1.33828998e-01, 4.83271368e-02, 1.37546465e-01, 6.69144988e-02,
          1.82156131e-01, 1.00371748e-01, 5.20446077e-02, 9.29367989e-02,
          1.04089215e-01, 8.17843825e-02 ]
      - [ 1.63194448e-01, 6.25000000e-02, 1.31944448e-01, 7.63888881e-02,
          1.63194448e-01, 1.04166664e-01, 5.55555560e-02, 6.59722239e-02,
          9.72222239e-02, 7.98611119e-02 ]
      - [ 1.66986555e-01, 9.78886709e-02, 9.78886709e-02, 7.29366615e-02,
          1.47792697e-01, 1.13243759e-01, 1.15163147e-01, 4.60652560e-02,
          7.29366615e-02, 6.90978840e-02 ]
      - [ 1.62601620e-01, 6.99186996e-02, 8.45528468e-02, 1.07317068e-01,
          1.28455281e-01, 1.02439024e-01, 9.91869867e-02, 7.15447143e-02,
          6.82926849e-02, 1.05691053e-01 ]
      - [ 1.26086950e-01, 1.41304344e-01, 1.04347825e-01, 6.52173907e-02,
          1.26086950e-01, 9.13043469e-02, 8.91304314e-02, 7.82608688e-02,
          9.34782550e-02, 8.47826079e-02 ]
      - [ 1.53846160e-01, 4.33925055e-02, 1.57790929e-01, 7.29783028e-02,
          1.28205135e-01, 7.49506950e-02, 1.20315582e-01, 7.69230798e-02,
          5.12820520e-02, 1.20315582e-01 ]
      - [ 1.95583597e-01, 5.83596230e-02, 6.94006309e-02, 4.41640392e-02,
          1.97160885e-01, 9.62145105e-02, 1.23028390e-01, 4.25867513e-02,
          5.04731871e-02, 1.23028390e-01 ]
      - [ 1.74438685e-01, 6.90846294e-02, 8.63557830e-02, 6.04490489e-02,
          1.57167524e-01, 1.08808286e-01, 1.12262525e-01, 3.10880821e-02,
          8.11744407e-02, 1.19170986e-01 ]
      - [ 1.25295505e-01, 9.69267115e-02, 8.27423185e-02, 8.03782493e-02,
          1.48936167e-01, 6.61938563e-02, 1.13475174e-01, 7.32860491e-02,
          1.11111112e-01, 1.01654850e-01 ]
   decision_functions:
      -
         sv_count: 184
         rho: -1.0000006471998286e+00
         alpha: [ 1.0000000000000001e-01, 1.0000000000000001e-01,
             1.0000000000000001e-01, 1.0000000000000001e-01,
             1.0000000000000001e-01, 1.0000000000000001e-01,
             1.0000000000000001e-01, 1.0000000000000001e-01,
             1.0000000000000001e-01, 1.0000000000000001e-01,
             6.4528088218399463e-02, 2.3069901421429621e-02,
             1.0000000000000001e-01, 1.0000000000000001e-01,
             1.0000000000000001e-01, 1.0000000000000001e-01,
             6.6451387148764404e-02, 1.0000000000000001e-01,
             1.0000000000000001e-01, 1.0000000000000001e-01,
             1.0000000000000001e-01, 1.0000000000000001e-01,
             1.0000000000000001e-01, 3.8711162326349455e-02,
             1.0000000000000001e-01, 1.0000000000000001e-01,
             4.9727469656084274e-02, 1.0000000000000001e-01,
             1.0000000000000001e-01, 1.0000000000000001e-01,
             1.0000000000000001e-01, 1.0000000000000001e-01,
             1.0000000000000001e-01, 7.8301886904914422e-02,
             1.0000000000000001e-01, 1.0000000000000001e-01,
             5.4338682344869563e-02, 1.0000000000000001e-01,
             1.0000000000000001e-01, 1.0000000000000001e-01,
             4.5661317655130443e-02, 1.0000000000000001e-01,
             1.0000000000000001e-01, 1.0000000000000001e-01,
             1.0000000000000001e-01, 1.0000000000000001e-01,
             1.0000000000000001e-01, 7.6930098578570388e-02,
             1.0000000000000001e-01, 1.0000000000000001e-01,
             1.0000000000000001e-01, 1.0000000000000001e-01,
             1.0000000000000001e-01, 1.0000000000000001e-01,
             1.0000000000000001e-01, 1.0000000000000001e-01,
             1.0000000000000001e-01, 1.0000000000000001e-01,
             1.0000000000000001e-01, 1.0000000000000001e-01,
             2.1698113095085583e-02, 1.0000000000000001e-01,
             8.5744442125516268e-02, 6.1288837673650551e-02,
             1.0000000000000001e-01, 1.0000000000000001e-01,
             1.0000000000000001e-01, 1.0000000000000001e-01,
             1.0000000000000001e-01, 1.0000000000000001e-01,
             1.0000000000000001e-01, 1.0000000000000001e-01,
             1.0000000000000001e-01, 1.0000000000000001e-01,
             1.0000000000000001e-01, 1.0000000000000001e-01,
             1.0000000000000001e-01, 1.0000000000000001e-01,
             1.0000000000000001e-01, 1.0000000000000001e-01,
             1.0000000000000001e-01, 1.0000000000000001e-01,
             3.3548612851235601e-02, 1.0000000000000001e-01,
             1.0000000000000001e-01, 1.0000000000000001e-01,
             1.0000000000000001e-01, 1.0000000000000001e-01,
             1.0000000000000001e-01, 1.0000000000000001e-01,
             1.0000000000000001e-01, 1.0000000000000001e-01,
             1.0000000000000001e-01, 1.0000000000000001e-01,
             1.0000000000000001e-01, -1.0000000000000001e-01,
             -1.0000000000000001e-01, -1.0000000000000001e-01,
             -1.0000000000000001e-01, -1.0000000000000001e-01,
             -1.0000000000000001e-01, -1.0000000000000001e-01,
             -1.0000000000000001e-01, -1.0000000000000001e-01,
             -1.0000000000000001e-01, -1.0000000000000001e-01,
             -1.0000000000000001e-01, -1.0000000000000001e-01,
             -1.0000000000000001e-01, -1.0000000000000001e-01,
             -1.0000000000000001e-01, -1.0000000000000001e-01,
             -1.0000000000000001e-01, -1.0000000000000001e-01,
             -1.0000000000000001e-01, -1.0000000000000001e-01,
             -1.0000000000000001e-01, -1.0000000000000001e-01,
             -1.0000000000000001e-01, -1.0000000000000001e-01,
             -1.0000000000000001e-01, -1.0000000000000001e-01,
             -1.0000000000000001e-01, -1.0000000000000001e-01,
             -1.0000000000000001e-01, -1.0000000000000001e-01,
             -1.0000000000000001e-01, -1.0000000000000001e-01,
             -1.0000000000000001e-01, -1.0000000000000001e-01,
             -1.0000000000000001e-01, -1.0000000000000001e-01,
             -1.0000000000000001e-01, -1.0000000000000001e-01,
             -1.0000000000000001e-01, -1.0000000000000001e-01,
             -1.0000000000000001e-01, -1.0000000000000001e-01,
             -1.0000000000000001e-01, -1.0000000000000001e-01,
             -1.0000000000000001e-01, -1.0000000000000001e-01,
             -1.0000000000000001e-01, -1.0000000000000001e-01,
             -1.0000000000000001e-01, -1.0000000000000001e-01,
             -1.0000000000000001e-01, -1.0000000000000001e-01,
             -1.0000000000000001e-01, -1.0000000000000001e-01,
             -1.0000000000000001e-01, -1.0000000000000001e-01,
             -1.0000000000000001e-01, -1.0000000000000001e-01,
             -1.0000000000000001e-01, -1.0000000000000001e-01,
             -1.0000000000000001e-01, -1.0000000000000001e-01,
             -1.0000000000000001e-01, -1.0000000000000001e-01,
             -1.0000000000000001e-01, -1.0000000000000001e-01,
             -1.0000000000000001e-01, -1.0000000000000001e-01,
             -1.0000000000000001e-01, -1.0000000000000001e-01,
             -1.0000000000000001e-01, -1.0000000000000001e-01,
             -1.0000000000000001e-01, -1.0000000000000001e-01,
             -1.0000000000000001e-01, -1.0000000000000001e-01,
             -1.0000000000000001e-01, -1.0000000000000001e-01,
             -1.0000000000000001e-01, -1.0000000000000001e-01,
             -1.0000000000000001e-01, -1.0000000000000001e-01,
             -1.0000000000000001e-01, -1.0000000000000001e-01,
             -1.0000000000000001e-01, -1.0000000000000001e-01,
             -1.0000000000000001e-01, -1.0000000000000001e-01 ]
         index: [ 0, 1, 2, 3, 4, 5, 6, 7, 8, 9, 10, 11, 12, 13, 14, 15,
             16, 17, 18, 19, 20, 21, 22, 23, 24, 25, 26, 27, 28, 29, 30,
             31, 32, 33, 159, 160, 161, 162, 163, 164, 165, 166, 167,
             168, 169, 170, 171, 172, 173, 174, 175, 176, 177, 178, 179,
             180, 181, 182, 183, 123, 124, 125, 126, 127, 128, 129, 130,
             131, 132, 133, 134, 135, 136, 137, 138, 139, 140, 141, 142,
             143, 144, 145, 146, 147, 148, 149, 150, 151, 152, 153, 154,
             155, 156, 157, 158, 34, 35, 36, 37, 38, 39, 40, 41, 42, 43,
             44, 45, 46, 47, 48, 49, 50, 51, 52, 53, 54, 55, 56, 57, 58,
             59, 60, 61, 62, 63, 64, 65, 66, 67, 68, 69, 70, 71, 72, 73,
             74, 75, 76, 77, 78, 79, 80, 81, 82, 83, 84, 85, 86, 87, 88,
             89, 90, 91, 92, 93, 94, 95, 96, 97, 98, 99, 100, 101, 102,
             103, 104, 105, 106, 107, 108, 109, 110, 111, 112, 113, 114,
             115, 116, 117, 118, 119, 120, 121, 122 ]
