%YAML:1.0
---
opencv_ml_svm:
   format: 3
   svmType: C_SVC
   kernel:
      type: CHI2
      gamma: 5.0625000000000009e-01
   C: 1.2500000000000000e+01
   term_criteria: { iterations:100 }
   var_count: 10
   class_count: 2
   class_labels: !!opencv-matrix
      rows: 2
      cols: 1
      dt: i
      data: [ 0, 1 ]
   sv_total: 142
   support_vectors:
      - [ 9.99999940e-02, 1.27272725e-01, 7.72727281e-02, 1.36363626e-01,
          1.18181817e-01, 7.27272704e-02, 1.22727267e-01, 8.63636360e-02,
          6.81818128e-02, 9.09090862e-02 ]
      - [ 1.14427857e-01, 5.72139286e-02, 1.39303476e-01, 8.70646760e-02,
          1.26865670e-01, 8.20895508e-02, 9.95024890e-02, 1.09452732e-01,
          7.71144256e-02, 1.06965169e-01 ]
      - [ 1.12956807e-01, 4.31893691e-02, 1.06312290e-01, 4.65116277e-02,
          8.97009969e-02, 8.97009969e-02, 4.31893691e-02, 1.92691028e-01,
          1.99335545e-01, 7.64119551e-02 ]
      - [ 9.25507918e-02, 4.28893901e-02, 1.42212197e-01, 3.38600464e-02,
          1.28668174e-01, 1.08352147e-01, 9.02934521e-02, 1.42212197e-01,
          1.12866819e-01, 1.06094807e-01 ]
      - [ 1.37254909e-01, 1.50326803e-01, 9.15032700e-02, 9.80392173e-02,
          1.69934645e-01, 9.15032700e-02, 7.84313753e-02, 2.61437912e-02,
          2.61437912e-02, 1.30718961e-01 ]
      - [ 1.19999997e-01, 3.42857130e-02, 5.71428575e-02, 5.71428565e-03,
          9.71428528e-02, 1.88571423e-01, 6.85714260e-02, 2.22857147e-01,
          1.71428576e-01, 3.42857130e-02 ]
      - [ 1.51624545e-01, 7.58122727e-02, 9.02527049e-02, 5.41516244e-02,
          1.66064978e-01, 1.29963905e-01, 8.66426006e-02, 5.77617325e-02,
          7.94223845e-02, 1.08303249e-01 ]
      - [ 1.17948718e-01, 6.66666701e-02, 1.48717955e-01, 8.20512846e-02,
          1.07692309e-01, 7.69230798e-02, 1.17948718e-01, 1.02564104e-01,
          9.23076943e-02, 8.71794894e-02 ]
      - [ 9.93377492e-02, 9.27152336e-02, 1.78807944e-01, 1.52317882e-01,
          1.05960265e-01, 1.32450331e-02, 1.19205296e-01, 3.31125818e-02,
          9.27152336e-02, 1.12582780e-01 ]
      - [ 1.40043765e-01, 8.53391662e-02, 1.05032824e-01, 7.87746161e-02,
          1.55361056e-01, 7.65864328e-02, 1.02844641e-01, 5.68927787e-02,
          1.02844641e-01, 9.62800905e-02 ]
      - [ 1.49999991e-01, 9.09090862e-02, 1.22727267e-01, 3.63636352e-02,
          1.11363634e-01, 6.36363626e-02, 1.15909085e-01, 1.06818177e-01,
          1.06818177e-01, 9.54545438e-02 ]
      - [ 1.40000001e-01, 9.49999988e-02, 1.04999997e-01, 7.00000003e-02,
          1.42499998e-01, 1.19999997e-01, 7.75000006e-02, 8.99999961e-02,
          1.02499999e-01, 5.74999973e-02 ]
      - [ 1.17647059e-01, 5.51470593e-02, 1.10294119e-01, 9.55882370e-02,
          1.32352948e-01, 1.61764711e-01, 8.45588222e-02, 1.06617644e-01,
          6.61764741e-02, 6.98529407e-02 ]
      - [ 1.50015369e-01, 7.07039610e-02, 1.41407922e-01, 7.25484118e-02,
          1.49707958e-01, 1.11589298e-01, 8.97632912e-02, 4.98001836e-02,
          6.64002448e-02, 9.80633274e-02 ]
      - [ 1.55212358e-01, 4.34362926e-02, 6.85328171e-02, 7.14285672e-02,
          1.56177610e-01, 1.53088793e-01, 1.05405405e-01, 6.52509630e-02,
          8.59073326e-02, 9.55598429e-02 ]
      - [ 1.96035236e-01, 3.74449342e-02, 5.94713613e-02, 6.38766512e-02,
          1.76211447e-01, 1.29955947e-01, 7.92951509e-02, 4.84581478e-02,
          1.18942723e-01, 9.03083682e-02 ]
      - [ 1.25461251e-01, 5.16605154e-02, 1.69741705e-01, 3.87453884e-02,
          1.25461251e-01, 7.93357939e-02, 1.10701106e-01, 9.40959454e-02,
          9.77859795e-02, 1.07011072e-01 ]
      - [ 1.58227846e-01, 6.11814335e-02, 6.54008389e-02, 6.54008389e-02,
          1.75105482e-01, 8.43881816e-02, 1.01265818e-01, 9.49367061e-02,
          9.49367061e-02, 9.91561115e-02 ]
      - [ 1.32620320e-01, 6.31016046e-02, 1.13368988e-01, 9.41176489e-02,
          1.56149730e-01, 9.83957201e-02, 6.09625690e-02, 9.09090936e-02,
          1.25133693e-01, 6.52406439e-02 ]
      - [ 1.38401568e-01, 4.87329438e-02, 8.96686167e-02, 7.79727101e-02,
          1.36452243e-01, 1.96881086e-01, 9.35672522e-02, 6.43274859e-02,
          7.60233924e-02, 7.79727101e-02 ]
      - [ 1.98359668e-01, 3.37181054e-02, 7.65492097e-02, 4.49574739e-02,
          1.94410697e-01, 1.32138520e-01, 1.13304988e-01, 4.16160412e-02,
          4.79951426e-02, 1.16950184e-01 ]
      - [ 1.47058830e-01, 1.29901960e-01, 1.27450988e-01, 4.90196086e-02,
          1.25000000e-01, 6.12745136e-02, 1.02941178e-01, 8.57843161e-02,
          8.08823556e-02, 9.06862766e-02 ]
      - [ 1.80851057e-01, 2.39361692e-02, 7.97872320e-02, 5.31914867e-02,
          1.83510631e-01, 1.19680844e-01, 1.03723399e-01, 7.44680837e-02,
          8.77659544e-02, 9.30851027e-02 ]
      - [ 1.42011836e-01, 8.28402340e-02, 1.15384616e-01, 6.50887564e-02,
          1.77514791e-01, 9.76331383e-02, 8.87573957e-02, 6.80473372e-02,
          6.50887564e-02, 9.76331383e-02 ]
      - [ 1.78472862e-01, 1.40754372e-01, 9.01563913e-02, 9.10763517e-02,
          1.46274149e-01, 6.89972416e-02, 7.17571303e-02, 5.61177544e-02,
          8.92364308e-02, 6.71573132e-02 ]
      - [ 1.20805368e-01, 7.04697967e-02, 1.30872488e-01, 7.04697967e-02,
          1.34228185e-01, 5.36912754e-02, 1.57718122e-01, 7.38255009e-02,
          6.71140924e-02, 1.20805368e-01 ]
      - [ 1.48514852e-01, 4.15841602e-02, 1.18811883e-01, 6.53465390e-02,
          1.12871289e-01, 1.30693078e-01, 8.91089141e-02, 9.10891145e-02,
          1.10891089e-01, 9.10891145e-02 ]
      - [ 1.41805828e-01, 4.61364277e-02, 1.40107557e-01, 8.23662654e-02,
          1.46051511e-01, 1.12935185e-01, 8.57628137e-02, 6.90631196e-02,
          9.62354988e-02, 7.95358047e-02 ]
      - [ 1.05658196e-01, 5.42725176e-02, 1.65127024e-01, 7.50577375e-02,
          1.13163970e-01, 8.60277116e-02, 7.62124732e-02, 1.32794455e-01,
          1.14318706e-01, 7.73672014e-02 ]
      - [ 1.62544176e-01, 6.36042431e-02, 1.27208486e-01, 8.48056525e-02,
          1.23674914e-01, 1.20141342e-01, 8.83392245e-02, 8.83392245e-02,
          7.06713796e-02, 7.06713796e-02 ]
      - [ 1.13861382e-01, 9.90099013e-02, 1.63366333e-01, 3.46534662e-02,
          1.08910888e-01, 9.40594077e-02, 7.92079195e-02, 8.91089067e-02,
          6.93069324e-02, 1.48514852e-01 ]
      - [ 1.54901966e-01, 2.35294141e-02, 1.00000009e-01, 8.82352963e-02,
          1.68627456e-01, 1.03921577e-01, 7.45098069e-02, 1.27450988e-01,
          8.43137279e-02, 7.45098069e-02 ]
      - [ 1.26794249e-01, 3.34928222e-02, 1.79425836e-01, 6.22009560e-02,
          1.57894731e-01, 1.31578937e-01, 7.17703328e-02, 1.26794249e-01,
          5.74162677e-02, 5.26315756e-02 ]
      - [ 1.62746340e-01, 5.02225049e-02, 6.42085150e-02, 3.56007628e-02,
          1.48124605e-01, 2.04704374e-01, 9.53591838e-02, 5.65797836e-02,
          7.75588006e-02, 1.04895100e-01 ]
      - [ 1.48936167e-01, 6.11702092e-02, 7.97872320e-02, 7.18085095e-02,
          1.30319148e-01, 1.03723399e-01, 1.14361696e-01, 8.24468061e-02,
          8.77659544e-02, 1.19680844e-01 ]
      - [ 8.35579485e-02, 9.43396240e-02, 1.42857134e-01, 1.02425873e-01,
          1.34770885e-01, 1.18598379e-01, 9.43396240e-02, 6.73854426e-02,
          9.16442052e-02, 7.00808614e-02 ]
      - [ 1.41369045e-01, 8.70535746e-02, 1.10863097e-01, 1.36904761e-01,
          1.36904761e-01, 9.74702388e-02, 7.58928582e-02, 6.17559552e-02,
          8.25892836e-02, 6.91964328e-02 ]
      - [ 1.12994350e-01, 9.60451961e-02, 1.12994350e-01, 1.01694912e-01,
          1.24293789e-01, 7.90960491e-02, 1.12994350e-01, 1.18644066e-01,
          8.47457647e-02, 5.64971752e-02 ]
      - [ 1.23339660e-01, 9.48766619e-02, 1.17647059e-01, 5.88235296e-02,
          1.36622384e-01, 9.29791257e-02, 1.00569256e-01, 5.88235296e-02,
          1.08159393e-01, 1.08159393e-01 ]
      - [ 1.63630992e-01, 8.64428505e-02, 2.56965645e-02, 2.39243880e-02,
          1.62154183e-01, 1.43152505e-01, 1.08004339e-01, 6.47829100e-02,
          1.13517776e-01, 1.08693518e-01 ]
      - [ 1.01669192e-01, 7.13201836e-02, 1.71471924e-01, 1.47192717e-01,
          8.34597871e-02, 9.55993906e-02, 5.31107746e-02, 1.22913502e-01,
          9.40819383e-02, 5.91805764e-02 ]
      - [ 1.54471546e-01, 5.69105670e-02, 6.91056848e-02, 1.62601620e-02,
          1.58536583e-01, 1.21951215e-01, 1.46341458e-01, 8.53658468e-02,
          6.91056848e-02, 1.21951215e-01 ]
      - [ 1.89111754e-01, 7.92741179e-02, 5.44412620e-02, 1.10792741e-01,
          2.04393506e-01, 8.50047767e-02, 9.16905403e-02, 3.24737355e-02,
          6.78128004e-02, 8.50047767e-02 ]
      - [ 1.74434081e-01, 7.72303566e-02, 5.99201024e-02, 2.92942729e-02,
          1.63781613e-01, 1.66444734e-01, 9.98668373e-02, 4.26098518e-02,
          7.58987963e-02, 1.10519305e-01 ]
      - [ 1.59999996e-01, 3.66315767e-02, 8.96842107e-02, 3.41052637e-02,
          1.44842103e-01, 1.09052628e-01, 4.33684215e-02, 1.44842103e-01,
          1.90315783e-01, 4.71578948e-02 ]
      - [ 1.70731708e-01, 1.68292686e-01, 4.39024381e-02, 1.02439024e-01,
          1.41463414e-01, 7.80487806e-02, 5.36585376e-02, 7.07317069e-02,
          1.19512193e-01, 5.12195118e-02 ]
      - [ 9.27419364e-02, 4.20506895e-02, 1.45161286e-01, 5.87557591e-02,
          9.44700465e-02, 6.22119829e-02, 6.91244230e-02, 2.15437785e-01,
          1.33064523e-01, 8.69815648e-02 ]
      - [ 1.22047246e-01, 9.44881886e-02, 3.14960629e-02, 7.87401572e-03,
          1.41732275e-01, 1.41732275e-01, 1.02362201e-01, 1.14173226e-01,
          1.41732275e-01, 1.02362201e-01 ]
      - [ 1.67202562e-01, 8.68167207e-02, 1.54340833e-01, 1.12540193e-01,
          1.35048226e-01, 9.00321528e-02, 9.00321528e-02, 2.89389063e-02,
          3.85852084e-02, 9.64630246e-02 ]
      - [ 9.36749354e-02, 1.54523611e-01, 1.20096073e-01, 1.77742183e-01,
          9.44755822e-02, 9.36749354e-02, 6.00480363e-02, 4.88390699e-02,
          9.68775004e-02, 6.00480363e-02 ]
      - [ 8.89830515e-02, 6.77966103e-02, 3.22033912e-01, 1.52542368e-01,
          9.74576250e-02, 4.23728824e-02, 3.81355919e-02, 4.66101691e-02,
          1.05932206e-01, 3.81355919e-02 ]
      - [ 9.33333337e-02, 8.53333324e-02, 1.78666666e-01, 1.06666669e-01,
          1.19999997e-01, 1.01333335e-01, 1.22666664e-01, 4.53333333e-02,
          7.19999969e-02, 7.46666640e-02 ]
      - [ 1.53284669e-01, 7.29926974e-02, 1.10948898e-01, 4.23357636e-02,
          1.24087587e-01, 7.88321123e-02, 7.59124085e-02, 1.06569342e-01,
          1.47445247e-01, 8.75912383e-02 ]
      - [ 1.21673003e-01, 8.74524713e-02, 1.67300373e-01, 1.10266156e-01,
          1.33079842e-01, 7.98479095e-02, 1.10266156e-01, 4.94296588e-02,
          5.70342205e-02, 8.36501867e-02 ]
      - [ 1.25925928e-01, 6.17283992e-02, 1.87654331e-01, 1.30864203e-01,
          1.13580249e-01, 7.16049448e-02, 8.14814866e-02, 6.66666701e-02,
          8.39506239e-02, 7.65432119e-02 ]
      - [ 1.28404662e-01, 4.47470807e-02, 2.37354085e-01, 1.24513619e-01,
          1.07003890e-01, 5.83657585e-02, 9.33852121e-02, 4.66926061e-02,
          7.39299580e-02, 8.56031105e-02 ]
      - [ 6.81818128e-02, 3.18181813e-02, 2.72727251e-01, 2.09090903e-01,
          9.09090862e-02, 5.90909086e-02, 6.81818128e-02, 6.36363626e-02,
          8.63636360e-02, 4.99999970e-02 ]
      - [ 1.34146333e-01, 3.25203240e-02, 1.54471546e-01, 1.74796745e-01,
          1.62601620e-01, 9.34959352e-02, 8.94308910e-02, 1.62601620e-02,
          5.28455265e-02, 8.94308910e-02 ]
      - [ 8.86699483e-02, 1.97044332e-02, 1.92118227e-01, 9.35960561e-02,
          8.86699483e-02, 6.40394092e-02, 8.37438405e-02, 1.23152710e-01,
          1.62561581e-01, 8.37438405e-02 ]
      - [ 1.16731517e-01, 6.61478564e-02, 1.55642018e-01, 1.26459137e-01,
          1.40077814e-01, 8.56031105e-02, 7.97665343e-02, 6.22568093e-02,
          9.92217883e-02, 6.80933818e-02 ]
      - [ 1.17505997e-01, 7.91366920e-02, 1.34292573e-01, 9.59232599e-02,
          1.41486809e-01, 1.00719430e-01, 1.03117511e-01, 5.51558770e-02,
          4.07673866e-02, 1.31894484e-01 ]
      - [ 1.33187771e-01, 5.67685589e-02, 1.72489092e-01, 1.20087340e-01,
          1.09170310e-01, 7.64192119e-02, 5.24017476e-02, 1.00436680e-01,
          1.31004363e-01, 4.80349362e-02 ]
      - [ 1.35135129e-01, 9.82800946e-02, 1.91646188e-01, 9.58230942e-02,
          1.32678136e-01, 7.12530687e-02, 6.87960684e-02, 5.40540516e-02,
          6.14250600e-02, 9.09090862e-02 ]
      - [ 1.00558653e-01, 1.53631285e-01, 1.25698313e-01, 1.64804459e-01,
          1.14525139e-01, 5.86592145e-02, 9.21787694e-02, 3.35195512e-02,
          7.26256967e-02, 8.37988779e-02 ]
      - [ 1.25000000e-01, 5.95238097e-02, 1.19047619e-01, 1.96428582e-01,
          1.36904761e-01, 1.01190478e-01, 7.73809552e-02, 6.54761940e-02,
          4.76190485e-02, 7.14285746e-02 ]
      - [ 1.09947644e-01, 6.02094233e-02, 2.12041885e-01, 1.28272250e-01,
          1.07329845e-01, 6.02094233e-02, 6.28272295e-02, 7.85340294e-02,
          9.16230381e-02, 8.90052393e-02 ]
      - [ 1.11662529e-01, 1.16625309e-01, 1.66253105e-01, 1.04218364e-01,
          1.21588089e-01, 5.95533475e-02, 7.44416863e-02, 5.70719615e-02,
          1.01736970e-01, 8.68486315e-02 ]
      - [ 1.34831458e-01, 7.86516890e-02, 1.61516860e-01, 1.16573036e-01,
          1.25000000e-01, 6.60112351e-02, 8.28651711e-02, 5.61797768e-02,
          9.55056176e-02, 8.28651711e-02 ]
      - [ 1.23076931e-01, 5.89743592e-02, 2.12820515e-01, 1.56410262e-01,
          1.17948718e-01, 6.41025677e-02, 8.46153870e-02, 5.38461544e-02,
          7.17948750e-02, 5.64102568e-02 ]
      - [ 1.15789481e-01, 1.10526323e-01, 1.36842117e-01, 9.21052694e-02,
          1.07894741e-01, 6.31579012e-02, 7.10526332e-02, 1.21052638e-01,
          1.15789481e-01, 6.57894760e-02 ]
      - [ 1.17117122e-01, 6.75675720e-02, 1.73423424e-01, 1.30630627e-01,
          9.90990996e-02, 3.82882878e-02, 6.08108118e-02, 1.28378376e-01,
          1.05855860e-01, 7.88288340e-02 ]
      - [ 1.28749996e-01, 1.06249996e-01, 1.38750002e-01, 8.99999961e-02,
          1.25000000e-01, 7.37499967e-02, 1.01250000e-01, 5.24999984e-02,
          1.06249996e-01, 7.75000006e-02 ]
      - [ 1.04166664e-01, 9.02777761e-02, 1.21527776e-01, 1.11111112e-01,
          1.04166664e-01, 9.72222239e-02, 1.28472224e-01, 6.94444478e-02,
          6.59722239e-02, 1.07638888e-01 ]
      - [ 1.23529412e-01, 9.11764726e-02, 1.41176477e-01, 8.52941200e-02,
          1.20588236e-01, 8.52941200e-02, 1.14705883e-01, 9.41176489e-02,
          8.82352963e-02, 5.58823533e-02 ]
      - [ 1.70731694e-01, 7.31707290e-02, 1.78861782e-01, 5.28455265e-02,
          1.26016259e-01, 4.87804860e-02, 7.72357732e-02, 9.34959352e-02,
          9.75609720e-02, 8.13008100e-02 ]
      - [ 1.54639170e-01, 7.98969045e-02, 8.50515440e-02, 6.18556663e-02,
          1.70103088e-01, 7.21649453e-02, 8.76288638e-02, 7.73195848e-02,
          1.13402061e-01, 9.79381427e-02 ]
      - [ 1.23486690e-01, 1.18644074e-01, 1.47699758e-01, 7.26392269e-02,
          1.16222769e-01, 7.74818435e-02, 7.26392269e-02, 7.74818435e-02,
          1.08958840e-01, 8.47457647e-02 ]
      - [ 1.46341458e-01, 9.14634094e-02, 7.62195066e-02, 3.04878037e-02,
          1.70731694e-01, 1.21951215e-01, 7.31707290e-02, 7.01219514e-02,
          1.40243903e-01, 7.92682916e-02 ]
      - [ 9.78593305e-02, 6.11620806e-02, 1.52905211e-01, 1.00917436e-01,
          1.00917436e-01, 1.03975542e-01, 8.25688094e-02, 1.40672788e-01,
          1.00917436e-01, 5.81039786e-02 ]
      - [ 1.46739140e-01, 3.26086953e-02, 1.14130437e-01, 5.70652187e-02,
          1.60326093e-01, 1.73913047e-01, 5.97826093e-02, 8.15217420e-02,
          1.03260875e-01, 7.06521720e-02 ]
      - [ 1.61585361e-01, 4.87804860e-02, 8.84146318e-02, 7.92682916e-02,
          1.40243903e-01, 1.34146333e-01, 8.53658468e-02, 9.14634094e-02,
          1.00609750e-01, 7.01219514e-02 ]
      - [ 1.37566134e-01, 6.61375672e-02, 8.99470896e-02, 5.82010560e-02,
          1.40211642e-01, 1.03174597e-01, 8.20105821e-02, 1.26984119e-01,
          1.16402112e-01, 7.93650746e-02 ]
      - [ 1.19402982e-01, 5.59701473e-02, 1.41791046e-01, 5.97014911e-02,
          1.08208954e-01, 1.00746267e-01, 5.97014911e-02, 1.71641782e-01,
          1.41791046e-01, 4.10447754e-02 ]
      - [ 1.34703189e-01, 6.39269352e-02, 1.14155248e-01, 1.00456618e-01,
          1.57534242e-01, 8.90410915e-02, 6.62100464e-02, 9.58904102e-02,
          1.09589040e-01, 6.84931502e-02 ]
      - [ 1.43097639e-01, 7.74410740e-02, 1.06060602e-01, 4.37710434e-02,
          1.56565651e-01, 1.36363640e-01, 1.01010099e-01, 7.91245773e-02,
          7.74410740e-02, 7.91245773e-02 ]
      - [ 1.59680635e-01, 6.58682659e-02, 9.78043899e-02, 6.58682659e-02,
          1.43712580e-01, 1.05788425e-01, 1.45708576e-01, 6.38722554e-02,
          4.79041934e-02, 1.03792414e-01 ]
      - [ 1.68453291e-01, 7.50382841e-02, 7.81010762e-02, 6.73813224e-02,
          1.57733545e-01, 8.88208300e-02, 1.14854522e-01, 5.81929572e-02,
          7.65696838e-02, 1.14854522e-01 ]
      - [ 1.63424119e-01, 5.25291823e-02, 1.34241238e-01, 1.01167314e-01,
          1.61478594e-01, 7.00389072e-02, 9.53307375e-02, 3.30739282e-02,
          7.78210089e-02, 1.10894941e-01 ]
      - [ 8.82352963e-02, 3.92156877e-02, 2.51634002e-01, 1.27450988e-01,
          1.17647059e-01, 3.92156877e-02, 9.80392173e-02, 6.20915033e-02,
          9.15032700e-02, 8.49673226e-02 ]
      - [ 1.15138598e-01, 8.10234547e-02, 1.47121534e-01, 1.13006398e-01,
          1.21535182e-01, 7.24946707e-02, 8.52878466e-02, 6.82302788e-02,
          1.10874206e-01, 8.52878466e-02 ]
      - [ 1.33744851e-01, 7.61316866e-02, 8.64197537e-02, 1.04938269e-01,
          1.35802463e-01, 8.02469105e-02, 9.46502015e-02, 6.58436194e-02,
          1.25514403e-01, 9.67078134e-02 ]
      - [ 1.38297871e-01, 6.59574419e-02, 1.21276595e-01, 1.17021270e-01,
          1.08510636e-01, 1.19148932e-01, 6.17021248e-02, 9.78723392e-02,
          9.36170220e-02, 7.65957385e-02 ]
      - [ 1.49206355e-01, 2.85714287e-02, 8.88888910e-02, 6.82539716e-02,
          1.60317466e-01, 1.88888893e-01, 9.04761925e-02, 6.03174604e-02,
          7.46031776e-02, 9.04761925e-02 ]
      - [ 1.25673249e-01, 8.97666067e-02, 7.54039511e-02, 1.02333933e-01,
          1.54398561e-01, 9.51526091e-02, 8.43806118e-02, 8.61759484e-02,
          1.18491925e-01, 6.82226196e-02 ]
      - [ 1.50134057e-01, 6.16622008e-02, 1.07238606e-01, 2.14477219e-02,
          1.74262747e-01, 1.09919578e-01, 1.34048268e-01, 6.43431693e-02,
          6.97050989e-02, 1.07238606e-01 ]
      - [ 1.37931034e-01, 3.44827585e-02, 8.12807903e-02, 9.60591137e-02,
          1.82266012e-01, 1.18226603e-01, 1.33004919e-01, 4.67980281e-02,
          7.14285672e-02, 9.85221639e-02 ]
      - [ 1.27272725e-01, 5.45454547e-02, 1.21212117e-01, 3.33333313e-02,
          1.60606056e-01, 1.39393941e-01, 1.21212117e-01, 7.57575706e-02,
          6.36363626e-02, 1.03030302e-01 ]
      - [ 1.50170639e-01, 5.46075068e-02, 1.80887371e-01, 2.73037534e-02,
          1.05802044e-01, 8.19112584e-02, 1.09215014e-01, 7.50853196e-02,
          1.16040953e-01, 9.89761055e-02 ]
      - [ 1.54241651e-01, 4.62724939e-02, 8.74035954e-02, 6.42673522e-02,
          1.38817474e-01, 1.10539846e-01, 8.99742916e-02, 1.02827765e-01,
          8.48329067e-02, 1.20822623e-01 ]
      - [ 1.70686454e-01, 6.49350658e-02, 7.05009252e-02, 3.89610380e-02,
          1.87384039e-01, 1.26159549e-01, 9.83302444e-02, 6.49350658e-02,
          8.90538022e-02, 8.90538022e-02 ]
      - [ 1.15501523e-01, 5.16717322e-02, 1.00303955e-01, 1.03343464e-01,
          1.48936167e-01, 1.00303955e-01, 7.90273547e-02, 1.09422490e-01,
          1.03343464e-01, 8.81458968e-02 ]
      - [ 9.97304544e-02, 1.02425873e-01, 1.64420485e-01, 1.05121292e-01,
          1.26684636e-01, 8.89487863e-02, 6.46900237e-02, 1.02425873e-01,
          7.54716992e-02, 7.00808614e-02 ]
      - [ 1.62412986e-01, 1.02088161e-01, 1.02088161e-01, 9.28074196e-02,
          1.60092801e-01, 1.41531318e-01, 9.51276049e-02, 2.32018549e-02,
          4.87238951e-02, 7.19257519e-02 ]
      - [ 1.11436948e-01, 1.11436948e-01, 1.73020527e-01, 1.37829915e-01,
          1.05571851e-01, 1.11436948e-01, 7.62463361e-02, 2.93255132e-02,
          7.03812316e-02, 7.33137801e-02 ]
      - [ 1.16981134e-01, 1.50943398e-01, 1.54716983e-01, 1.32075474e-01,
          1.05660379e-01, 5.66037744e-02, 6.79245293e-02, 4.90566045e-02,
          8.30188692e-02, 8.30188692e-02 ]
      - [ 1.24260359e-01, 1.06508881e-01, 1.53846160e-01, 1.36094674e-01,
          9.46745574e-02, 8.87573957e-02, 5.91715984e-02, 1.06508881e-01,
          7.10059181e-02, 5.91715984e-02 ]
      - [ 6.45161271e-02, 2.15053763e-02, 3.06451619e-01, 1.93548381e-01,
          8.06451589e-02, 8.06451589e-02, 5.37634417e-02, 4.30107526e-02,
          9.13978517e-02, 6.45161271e-02 ]
      - [ 8.33333358e-02, 7.57575780e-02, 2.27272734e-01, 1.13636367e-01,
          9.84848514e-02, 4.54545468e-02, 9.09090936e-02, 5.30303046e-02,
          7.57575780e-02, 1.36363640e-01 ]
      - [ 1.14130437e-01, 1.19565219e-01, 2.06521749e-01, 2.11956531e-01,
          7.06521720e-02, 2.17391308e-02, 5.97826093e-02, 7.60869607e-02,
          5.97826093e-02, 5.97826093e-02 ]
      - [ 1.22448981e-01, 7.14285672e-02, 2.44897962e-01, 1.63265303e-01,
          1.02040812e-01, 5.61224483e-02, 4.08163257e-02, 3.57142836e-02,
          1.02040812e-01, 6.12244904e-02 ]
      - [ 1.50375947e-01, 4.13533859e-02, 1.57894745e-01, 1.35338351e-01,
          1.24060154e-01, 7.14285746e-02, 9.77443606e-02, 7.51879737e-02,
          7.14285746e-02, 7.51879737e-02 ]
      - [ 1.28472224e-01, 2.08333340e-02, 1.84027776e-01, 5.55555560e-02,
          1.45833328e-01, 6.59722239e-02, 5.20833321e-02, 1.63194448e-01,
          1.21527776e-01, 6.25000000e-02 ]
      - [ 7.93650821e-02, 1.19047631e-02, 1.42857149e-01, 7.53968284e-02,
          1.15079373e-01, 7.14285746e-02, 3.96825410e-02, 1.94444463e-01,
          2.26190493e-01, 4.36507948e-02 ]
      - [ 1.16232470e-01, 5.41082174e-02, 1.88376755e-01, 3.40681374e-02,
          1.32264525e-01, 1.02204412e-01, 9.01803598e-02, 8.01603198e-02,
          1.10220440e-01, 9.21843722e-02 ]
      - [ 1.64341092e-01, 4.18604650e-02, 8.99224803e-02, 4.65116277e-02,
          1.76744193e-01, 2.04651162e-01, 1.16279066e-01, 4.49612401e-02,
          3.25581394e-02, 8.21705461e-02 ]
      - [ 1.21597096e-01, 8.89292210e-02, 1.01633392e-01, 9.61887464e-02,
          1.47005439e-01, 9.43738669e-02, 9.98185128e-02, 7.44101629e-02,
          7.07803965e-02, 1.05263159e-01 ]
      - [ 1.99658692e-01, 4.60750833e-02, 8.36177468e-02, 3.75426598e-02,
          1.63822517e-01, 1.00682594e-01, 1.36518762e-01, 7.50853196e-02,
          5.97269610e-02, 9.72696245e-02 ]
      - [ 1.08108111e-01, 7.43243247e-02, 1.82432443e-01, 1.35135144e-01,
          1.48648649e-01, 8.78378376e-02, 7.43243247e-02, 8.78378376e-02,
          6.08108118e-02, 4.05405425e-02 ]
      - [ 1.17647059e-01, 4.34782617e-02, 1.07416876e-01, 6.64961636e-02,
          1.53452680e-01, 9.71866995e-02, 9.20716077e-02, 1.27877235e-01,
          1.20204605e-01, 7.41687939e-02 ]
      - [ 1.03092782e-01, 5.49828187e-02, 1.54639184e-01, 5.15463911e-02,
          1.23711340e-01, 8.24742317e-02, 6.87285215e-02, 1.54639184e-01,
          1.30584195e-01, 7.56013766e-02 ]
      - [ 1.26470596e-01, 6.17647059e-02, 1.32352948e-01, 5.88235296e-02,
          1.23529412e-01, 8.82352963e-02, 9.41176489e-02, 1.29411772e-01,
          9.70588252e-02, 8.82352963e-02 ]
      - [ 1.35265693e-01, 8.21256042e-02, 1.42512068e-01, 7.72946849e-02,
          1.47342995e-01, 7.97101408e-02, 8.45410600e-02, 6.03864715e-02,
          1.11111112e-01, 7.97101408e-02 ]
      - [ 1.52892560e-01, 4.95867729e-02, 1.52892560e-01, 5.37190065e-02,
          1.11570247e-01, 1.03305779e-01, 4.95867729e-02, 1.03305779e-01,
          1.81818172e-01, 4.13223132e-02 ]
      - [ 1.26245841e-01, 7.97342211e-02, 1.22923583e-01, 7.30896965e-02,
          1.29568100e-01, 5.64784035e-02, 1.06312290e-01, 1.26245841e-01,
          9.30232555e-02, 8.63787383e-02 ]
      - [ 9.73782763e-02, 5.61797768e-02, 1.53558061e-01, 8.61423239e-02,
          1.04868919e-01, 7.49063641e-02, 7.86516890e-02, 1.42322093e-01,
          1.01123594e-01, 1.04868919e-01 ]
      - [ 1.31519273e-01, 7.93650821e-02, 1.79138318e-01, 1.15646258e-01,
          1.40589565e-01, 9.52380970e-02, 8.39002281e-02, 4.08163257e-02,
          4.53514755e-02, 8.84353742e-02 ]
      - [ 1.49206355e-01, 1.07936509e-01, 1.42857149e-01, 1.07936509e-01,
          1.30158737e-01, 6.66666701e-02, 8.57142881e-02, 7.30158761e-02,
          5.71428575e-02, 7.93650821e-02 ]
      - [ 1.26543209e-01, 6.48148134e-02, 1.72839507e-01, 1.14197530e-01,
          1.11111112e-01, 9.87654328e-02, 7.40740746e-02, 6.17283955e-02,
          1.04938269e-01, 7.09876567e-02 ]
      - [ 1.04316548e-01, 4.31654677e-02, 2.19424471e-01, 8.63309354e-02,
          1.40287772e-01, 6.11510798e-02, 5.39568365e-02, 8.99280608e-02,
          1.29496410e-01, 7.19424486e-02 ]
      - [ 1.22775801e-01, 9.96441245e-02, 1.19217083e-01, 1.24555156e-01,
          1.24555156e-01, 7.29537383e-02, 9.96441245e-02, 4.98220623e-02,
          7.47330934e-02, 1.12099640e-01 ]
      - [ 1.54034242e-01, 4.40097824e-02, 1.71149150e-01, 1.56479225e-01,
          1.29584357e-01, 9.04645547e-02, 8.80195647e-02, 2.44498793e-02,
          4.64547686e-02, 9.53545272e-02 ]
      - [ 1.39004156e-01, 6.84647337e-02, 1.01659760e-01, 5.80912903e-02,
          1.47302911e-01, 9.54356864e-02, 9.12863091e-02, 7.67634884e-02,
          9.33609977e-02, 1.28630713e-01 ]
      - [ 1.66986555e-01, 9.78886709e-02, 9.78886709e-02, 7.29366615e-02,
          1.47792697e-01, 1.13243759e-01, 1.15163147e-01, 4.60652560e-02,
          7.29366615e-02, 6.90978840e-02 ]
      - [ 1.34146333e-01, 9.34959352e-02, 1.13821134e-01, 1.13821134e-01,
          1.17886171e-01, 1.05691053e-01, 6.09756075e-02, 1.26016259e-01,
          6.91056848e-02, 6.50406480e-02 ]
      - [ 1.00286536e-01, 8.59598890e-02, 1.54727802e-01, 1.74785107e-01,
          1.23209171e-01, 6.59025833e-02, 7.44985715e-02, 4.87106033e-02,
          7.16332421e-02, 1.00286536e-01 ]
      - [ 1.62601620e-01, 6.99186996e-02, 8.45528468e-02, 1.07317068e-01,
          1.28455281e-01, 1.02439024e-01, 9.91869867e-02, 7.15447143e-02,
          6.82926849e-02, 1.05691053e-01 ]
      - [ 1.57392696e-01, 1.31955490e-01, 6.67726547e-02, 9.37996805e-02,
          1.30365655e-01, 8.58505592e-02, 1.01748809e-01, 6.04133569e-02,
          7.79014304e-02, 9.37996805e-02 ]
      - [ 1.26086950e-01, 1.41304344e-01, 1.04347825e-01, 6.52173907e-02,
          1.26086950e-01, 9.13043469e-02, 8.91304314e-02, 7.82608688e-02,
          9.34782550e-02, 8.47826079e-02 ]
      - [ 1.95583597e-01, 5.83596230e-02, 6.94006309e-02, 4.41640392e-02,
          1.97160885e-01, 9.62145105e-02, 1.23028390e-01, 4.25867513e-02,
          5.04731871e-02, 1.23028390e-01 ]
      - [ 1.74438685e-01, 6.90846294e-02, 8.63557830e-02, 6.04490489e-02,
          1.57167524e-01, 1.08808286e-01, 1.12262525e-01, 3.10880821e-02,
          8.11744407e-02, 1.19170986e-01 ]
      - [ 1.78057551e-01, 5.75539581e-02, 8.27338174e-02, 5.39568365e-02,
          1.65467635e-01, 1.02517985e-01, 1.22302160e-01, 6.11510798e-02,
          4.85611521e-02, 1.27697840e-01 ]
      - [ 1.25295505e-01, 9.69267115e-02, 8.27423185e-02, 8.03782493e-02,
          1.48936167e-01, 6.61938563e-02, 1.13475174e-01, 7.32860491e-02,
          1.11111112e-01, 1.01654850e-01 ]
   decision_functions:
      -
         sv_count: 142
         rho: -2.8755547137421407e+00
         alpha: [ 1.2500000000000000e+01, 1.2500000000000000e+01,
             1.1954570660810734e+01, 1.2500000000000000e+01,
             1.1028918593952055e+01, 7.7956235394050957e+00,
             1.2500000000000000e+01, 1.2500000000000000e+01,
             1.1336501325416952e+01, 1.2500000000000000e+01,
             1.2500000000000000e+01, 1.2500000000000000e+01,
             1.2500000000000000e+01, 1.2500000000000000e+01,
             1.2500000000000000e+01, 1.2500000000000000e+01,
             1.2500000000000000e+01, 1.2500000000000000e+01,
             1.2500000000000000e+01, 1.2500000000000000e+01,
             1.2500000000000000e+01, 1.2500000000000000e+01,
             1.2500000000000000e+01, 1.2500000000000000e+01,
             1.2500000000000000e+01, 1.2500000000000000e+01,
             1.2500000000000000e+01, 1.2500000000000000e+01,
             1.2500000000000000e+01, 1.2500000000000000e+01,
             1.2500000000000000e+01, 1.2500000000000000e+01,
             1.2500000000000000e+01, 1.2500000000000000e+01,
             1.2500000000000000e+01, 1.2500000000000000e+01,
             1.2500000000000000e+01, 1.2500000000000000e+01,
             1.2500000000000000e+01, 1.2500000000000000e+01,
             1.2500000000000000e+01, 1.2500000000000000e+01,
             1.2500000000000000e+01, 1.2500000000000000e+01,
             1.2500000000000000e+01, 1.2500000000000000e+01,
             1.2500000000000000e+01, 1.4710814060479454e+00,
             1.2500000000000000e+01, 3.7481898327582588e+00,
             1.2500000000000000e+01, 1.2500000000000000e+01,
             1.2500000000000000e+01, 1.2500000000000000e+01,
             1.2500000000000000e+01, 1.2500000000000000e+01,
             1.1834174876806552e+01, 1.2500000000000000e+01,
             1.2500000000000000e+01, 1.2500000000000000e+01,
             1.2500000000000000e+01, 1.2500000000000000e+01,
             1.2500000000000000e+01, 1.2500000000000000e+01,
             1.2500000000000000e+01, 1.2500000000000000e+01,
             1.2500000000000000e+01, 1.2500000000000000e+01,
             1.2500000000000000e+01, 3.1834639520166998e+00,
             1.2500000000000000e+01, 1.2500000000000000e+01,
             -1.2500000000000000e+01, -1.2500000000000000e+01,
             -7.5475613866500844e+00, -1.2500000000000000e+01,
             -1.2500000000000000e+01, -1.2500000000000000e+01,
             -1.2500000000000000e+01, -1.2500000000000000e+01,
             -1.2500000000000000e+01, -1.2500000000000000e+01,
             -1.2500000000000000e+01, -1.2500000000000000e+01,
             -1.2500000000000000e+01, -1.2500000000000000e+01,
             -1.2500000000000000e+01, -1.2500000000000000e+01,
             -1.2500000000000000e+01, -1.2500000000000000e+01,
             -1.2500000000000000e+01, -1.2500000000000000e+01,
             -1.2500000000000000e+01, -1.2500000000000000e+01,
             -1.2500000000000000e+01, -1.2500000000000000e+01,
             -1.2500000000000000e+01, -1.2500000000000000e+01,
             -1.2500000000000000e+01, -1.2500000000000000e+01,
             -1.2500000000000000e+01, -1.2500000000000000e+01,
             -1.2500000000000000e+01, -1.2500000000000000e+01,
             -1.2500000000000000e+01, -1.2500000000000000e+01,
             -1.2500000000000000e+01, -1.2500000000000000e+01,
             -1.2500000000000000e+01, -1.2500000000000000e+01,
             -1.2500000000000000e+01, -1.2500000000000000e+01,
             -1.2500000000000000e+01, -1.2500000000000000e+01,
             -1.2500000000000000e+01, -1.2500000000000000e+01,
             -1.2500000000000000e+01, -1.2500000000000000e+01,
             -1.2500000000000000e+01, -1.2500000000000000e+01,
             -9.2170201387850561e+00, -8.0879426617791523e+00,
             -1.2500000000000000e+01, -1.2500000000000000e+01,
             -1.2500000000000000e+01, -1.2500000000000000e+01,
             -1.2500000000000000e+01, -1.2500000000000000e+01,
             -1.2500000000000000e+01, -1.2500000000000000e+01,
             -1.2500000000000000e+01, -1.2500000000000000e+01,
             -1.2500000000000000e+01, -1.2500000000000000e+01,
             -1.2500000000000000e+01, -1.2500000000000000e+01,
             -1.2500000000000000e+01, -1.2500000000000000e+01,
             -1.2500000000000000e+01, -1.2500000000000000e+01,
             -1.2500000000000000e+01, -1.2500000000000000e+01 ]
         index: [ 0, 1, 2, 3, 4, 5, 6, 7, 8, 9, 10, 11, 12, 13, 14, 15,
             16, 17, 18, 19, 20, 21, 22, 23, 24, 25, 26, 27, 28, 29, 30,
             31, 32, 33, 34, 35, 36, 37, 38, 39, 40, 41, 42, 43, 44, 45,
             46, 47, 48, 49, 50, 51, 52, 53, 54, 55, 56, 57, 58, 59, 60,
             61, 62, 63, 64, 65, 66, 67, 68, 69, 70, 71, 72, 73, 74, 75,
             76, 77, 78, 79, 80, 81, 82, 83, 84, 85, 86, 87, 88, 89, 90,
             91, 92, 93, 94, 95, 96, 97, 98, 99, 100, 101, 102, 103, 104,
             105, 106, 107, 108, 109, 110, 111, 112, 113, 114, 115, 116,
             117, 118, 119, 120, 121, 122, 123, 124, 125, 126, 127, 128,
             129, 130, 131, 132, 133, 134, 135, 136, 137, 138, 139, 140,
             141 ]
