%YAML:1.0
---
opencv_ml_svm:
   format: 3
   svmType: C_SVC
   kernel:
      type: INTER
      gamma: 1.0000000000000001e-05
   C: 2.5000000000000000e+00
   term_criteria: { iterations:100 }
   var_count: 10
   class_count: 2
   class_labels: !!opencv-matrix
      rows: 2
      cols: 1
      dt: i
      data: [ 0, 1 ]
   sv_total: 179
   support_vectors:
      - [ 1.58730149e-01, 1.32275134e-01, 7.40740746e-02, 1.11111104e-01,
          1.64021164e-01, 8.99470896e-02, 9.52380896e-02, 5.29100522e-02,
          5.29100522e-02, 6.87830672e-02 ]
      - [ 1.16731517e-01, 8.56031105e-02, 9.72762629e-02, 7.39299580e-02,
          1.32295713e-01, 9.72762629e-02, 1.36186764e-01, 7.00389072e-02,
          8.17120597e-02, 1.08949415e-01 ]
      - [ 1.34328350e-01, 6.34328350e-02, 8.95522386e-02, 5.22388034e-02,
          1.26865670e-01, 1.00746267e-01, 8.58208910e-02, 8.95522386e-02,
          1.52985066e-01, 1.04477607e-01 ]
      - [ 1.14427857e-01, 5.72139286e-02, 1.39303476e-01, 8.70646760e-02,
          1.26865670e-01, 8.20895508e-02, 9.95024890e-02, 1.09452732e-01,
          7.71144256e-02, 1.06965169e-01 ]
      - [ 1.25984251e-01, 4.72440943e-02, 8.26771632e-02, 3.93700786e-02,
          1.37795269e-01, 1.02362201e-01, 7.87401572e-02, 1.37795269e-01,
          1.18110240e-01, 1.29921257e-01 ]
      - [ 8.48484784e-02, 1.09090909e-01, 1.39393941e-01, 1.09090909e-01,
          1.57575756e-01, 7.87878782e-02, 8.48484784e-02, 7.87878782e-02,
          6.06060587e-02, 9.69696939e-02 ]
      - [ 1.12956807e-01, 4.31893691e-02, 1.06312290e-01, 4.65116277e-02,
          8.97009969e-02, 8.97009969e-02, 4.31893691e-02, 1.92691028e-01,
          1.99335545e-01, 7.64119551e-02 ]
      - [ 9.25507918e-02, 4.28893901e-02, 1.42212197e-01, 3.38600464e-02,
          1.28668174e-01, 1.08352147e-01, 9.02934521e-02, 1.42212197e-01,
          1.12866819e-01, 1.06094807e-01 ]
      - [ 1.59722224e-01, 1.18055560e-01, 9.02777761e-02, 9.02777761e-02,
          1.66666672e-01, 7.63888881e-02, 9.72222239e-02, 2.77777780e-02,
          3.47222239e-02, 1.38888896e-01 ]
      - [ 1.51624545e-01, 7.58122727e-02, 9.02527049e-02, 5.41516244e-02,
          1.66064978e-01, 1.29963905e-01, 8.66426006e-02, 5.77617325e-02,
          7.94223845e-02, 1.08303249e-01 ]
      - [ 1.26315802e-01, 3.15789506e-02, 7.89473727e-02, 1.05263162e-02,
          1.63157895e-01, 2.05263168e-01, 8.94736871e-02, 1.15789481e-01,
          8.94736871e-02, 8.94736871e-02 ]
      - [ 1.17948718e-01, 6.66666701e-02, 1.48717955e-01, 8.20512846e-02,
          1.07692309e-01, 7.69230798e-02, 1.17948718e-01, 1.02564104e-01,
          9.23076943e-02, 8.71794894e-02 ]
      - [ 1.40043765e-01, 8.53391662e-02, 1.05032824e-01, 7.87746161e-02,
          1.55361056e-01, 7.65864328e-02, 1.02844641e-01, 5.68927787e-02,
          1.02844641e-01, 9.62800905e-02 ]
      - [ 1.49999991e-01, 9.09090862e-02, 1.22727267e-01, 3.63636352e-02,
          1.11363634e-01, 6.36363626e-02, 1.15909085e-01, 1.06818177e-01,
          1.06818177e-01, 9.54545438e-02 ]
      - [ 1.40000001e-01, 9.49999988e-02, 1.04999997e-01, 7.00000003e-02,
          1.42499998e-01, 1.19999997e-01, 7.75000006e-02, 8.99999961e-02,
          1.02499999e-01, 5.74999973e-02 ]
      - [ 1.17647059e-01, 5.51470593e-02, 1.10294119e-01, 9.55882370e-02,
          1.32352948e-01, 1.61764711e-01, 8.45588222e-02, 1.06617644e-01,
          6.61764741e-02, 6.98529407e-02 ]
      - [ 1.36546180e-01, 5.22088334e-02, 1.00401603e-01, 6.82730898e-02,
          1.32530123e-01, 1.00401603e-01, 1.36546180e-01, 2.40963846e-02,
          9.63855386e-02, 1.52610436e-01 ]
      - [ 1.49193540e-01, 6.85483813e-02, 7.66129047e-02, 7.45967701e-02,
          1.37096763e-01, 9.47580636e-02, 1.29032254e-01, 7.86290318e-02,
          8.06451589e-02, 1.10887095e-01 ]
      - [ 1.50015369e-01, 7.07039610e-02, 1.41407922e-01, 7.25484118e-02,
          1.49707958e-01, 1.11589298e-01, 8.97632912e-02, 4.98001836e-02,
          6.64002448e-02, 9.80633274e-02 ]
      - [ 1.55212358e-01, 4.34362926e-02, 6.85328171e-02, 7.14285672e-02,
          1.56177610e-01, 1.53088793e-01, 1.05405405e-01, 6.52509630e-02,
          8.59073326e-02, 9.55598429e-02 ]
      - [ 1.96035236e-01, 3.74449342e-02, 5.94713613e-02, 6.38766512e-02,
          1.76211447e-01, 1.29955947e-01, 7.92951509e-02, 4.84581478e-02,
          1.18942723e-01, 9.03083682e-02 ]
      - [ 1.25461251e-01, 5.16605154e-02, 1.69741705e-01, 3.87453884e-02,
          1.25461251e-01, 7.93357939e-02, 1.10701106e-01, 9.40959454e-02,
          9.77859795e-02, 1.07011072e-01 ]
      - [ 1.18881121e-01, 1.32867143e-01, 1.23543128e-01, 3.96270417e-02,
          1.09557115e-01, 5.59440553e-02, 6.06060624e-02, 1.65501162e-01,
          1.18881121e-01, 7.45920762e-02 ]
      - [ 1.44086018e-01, 9.89247337e-02, 1.37634411e-01, 1.11827962e-01,
          1.44086018e-01, 4.30107526e-02, 1.09677419e-01, 4.94623668e-02,
          6.45161271e-02, 9.67741981e-02 ]
      - [ 1.58227846e-01, 6.11814335e-02, 6.54008389e-02, 6.54008389e-02,
          1.75105482e-01, 8.43881816e-02, 1.01265818e-01, 9.49367061e-02,
          9.49367061e-02, 9.91561115e-02 ]
      - [ 1.32620320e-01, 6.31016046e-02, 1.13368988e-01, 9.41176489e-02,
          1.56149730e-01, 9.83957201e-02, 6.09625690e-02, 9.09090936e-02,
          1.25133693e-01, 6.52406439e-02 ]
      - [ 1.38401568e-01, 4.87329438e-02, 8.96686167e-02, 7.79727101e-02,
          1.36452243e-01, 1.96881086e-01, 9.35672522e-02, 6.43274859e-02,
          7.60233924e-02, 7.79727101e-02 ]
      - [ 1.98359668e-01, 3.37181054e-02, 7.65492097e-02, 4.49574739e-02,
          1.94410697e-01, 1.32138520e-01, 1.13304988e-01, 4.16160412e-02,
          4.79951426e-02, 1.16950184e-01 ]
      - [ 1.47058830e-01, 1.29901960e-01, 1.27450988e-01, 4.90196086e-02,
          1.25000000e-01, 6.12745136e-02, 1.02941178e-01, 8.57843161e-02,
          8.08823556e-02, 9.06862766e-02 ]
      - [ 1.80851057e-01, 2.39361692e-02, 7.97872320e-02, 5.31914867e-02,
          1.83510631e-01, 1.19680844e-01, 1.03723399e-01, 7.44680837e-02,
          8.77659544e-02, 9.30851027e-02 ]
      - [ 1.42011836e-01, 8.28402340e-02, 1.15384616e-01, 6.50887564e-02,
          1.77514791e-01, 9.76331383e-02, 8.87573957e-02, 6.80473372e-02,
          6.50887564e-02, 9.76331383e-02 ]
      - [ 1.78472862e-01, 1.40754372e-01, 9.01563913e-02, 9.10763517e-02,
          1.46274149e-01, 6.89972416e-02, 7.17571303e-02, 5.61177544e-02,
          8.92364308e-02, 6.71573132e-02 ]
      - [ 1.20805368e-01, 7.04697967e-02, 1.30872488e-01, 7.04697967e-02,
          1.34228185e-01, 5.36912754e-02, 1.57718122e-01, 7.38255009e-02,
          6.71140924e-02, 1.20805368e-01 ]
      - [ 1.48514852e-01, 4.15841602e-02, 1.18811883e-01, 6.53465390e-02,
          1.12871289e-01, 1.30693078e-01, 8.91089141e-02, 9.10891145e-02,
          1.10891089e-01, 9.10891145e-02 ]
      - [ 1.41805828e-01, 4.61364277e-02, 1.40107557e-01, 8.23662654e-02,
          1.46051511e-01, 1.12935185e-01, 8.57628137e-02, 6.90631196e-02,
          9.62354988e-02, 7.95358047e-02 ]
      - [ 1.05658196e-01, 5.42725176e-02, 1.65127024e-01, 7.50577375e-02,
          1.13163970e-01, 8.60277116e-02, 7.62124732e-02, 1.32794455e-01,
          1.14318706e-01, 7.73672014e-02 ]
      - [ 2.11640209e-01, 3.70370373e-02, 8.46560821e-02, 1.48148149e-01,
          1.85185179e-01, 7.93650746e-02, 2.64550261e-02, 4.23280410e-02,
          1.69312164e-01, 1.58730149e-02 ]
      - [ 1.26948774e-01, 8.90868604e-02, 9.35412049e-02, 8.01781788e-02,
          1.49220496e-01, 8.46325159e-02, 1.02449894e-01, 7.57238343e-02,
          9.57683772e-02, 1.02449894e-01 ]
      - [ 1.62544176e-01, 6.36042431e-02, 1.27208486e-01, 8.48056525e-02,
          1.23674914e-01, 1.20141342e-01, 8.83392245e-02, 8.83392245e-02,
          7.06713796e-02, 7.06713796e-02 ]
      - [ 1.57458574e-01, 7.18232095e-02, 6.07734844e-02, 5.24861887e-02,
          1.51933715e-01, 9.94475186e-02, 1.71270728e-01, 3.86740342e-02,
          7.45856389e-02, 1.21546969e-01 ]
      - [ 1.24365479e-01, 7.36040622e-02, 1.14213198e-01, 8.62944126e-02,
          1.09137051e-01, 1.16751269e-01, 1.14213198e-01, 7.61421323e-02,
          9.39086303e-02, 9.13705528e-02 ]
      - [ 1.39534891e-01, 8.06201547e-02, 1.08527131e-01, 1.12403102e-01,
          1.40310079e-01, 8.75969008e-02, 8.91472846e-02, 5.81395328e-02,
          6.82170540e-02, 1.15503877e-01 ]
      - [ 1.01045296e-01, 8.36236924e-02, 1.56794429e-01, 5.92334494e-02,
          1.21951222e-01, 8.01393762e-02, 1.28919855e-01, 6.62020892e-02,
          1.08013935e-01, 9.40766558e-02 ]
      - [ 1.13861382e-01, 9.90099013e-02, 1.63366333e-01, 3.46534662e-02,
          1.08910888e-01, 9.40594077e-02, 7.92079195e-02, 8.91089067e-02,
          6.93069324e-02, 1.48514852e-01 ]
      - [ 1.20930232e-01, 4.41860482e-02, 1.11627907e-01, 9.30232555e-02,
          1.37209296e-01, 1.04651161e-01, 1.02325581e-01, 6.51162788e-02,
          1.46511629e-01, 7.44186044e-02 ]
      - [ 1.54901966e-01, 2.35294141e-02, 1.00000009e-01, 8.82352963e-02,
          1.68627456e-01, 1.03921577e-01, 7.45098069e-02, 1.27450988e-01,
          8.43137279e-02, 7.45098069e-02 ]
      - [ 1.26794249e-01, 3.34928222e-02, 1.79425836e-01, 6.22009560e-02,
          1.57894731e-01, 1.31578937e-01, 7.17703328e-02, 1.26794249e-01,
          5.74162677e-02, 5.26315756e-02 ]
      - [ 1.62746340e-01, 5.02225049e-02, 6.42085150e-02, 3.56007628e-02,
          1.48124605e-01, 2.04704374e-01, 9.53591838e-02, 5.65797836e-02,
          7.75588006e-02, 1.04895100e-01 ]
      - [ 1.27868846e-01, 4.91803288e-02, 1.14754096e-01, 6.55737668e-02,
          1.50819674e-01, 7.21311495e-02, 1.47540987e-01, 3.60655747e-02,
          1.24590166e-01, 1.11475408e-01 ]
      - [ 1.48936167e-01, 6.11702092e-02, 7.97872320e-02, 7.18085095e-02,
          1.30319148e-01, 1.03723399e-01, 1.14361696e-01, 8.24468061e-02,
          8.77659544e-02, 1.19680844e-01 ]
      - [ 8.35579485e-02, 9.43396240e-02, 1.42857134e-01, 1.02425873e-01,
          1.34770885e-01, 1.18598379e-01, 9.43396240e-02, 6.73854426e-02,
          9.16442052e-02, 7.00808614e-02 ]
      - [ 1.41369045e-01, 8.70535746e-02, 1.10863097e-01, 1.36904761e-01,
          1.36904761e-01, 9.74702388e-02, 7.58928582e-02, 6.17559552e-02,
          8.25892836e-02, 6.91964328e-02 ]
      - [ 1.23339660e-01, 9.48766619e-02, 1.17647059e-01, 5.88235296e-02,
          1.36622384e-01, 9.29791257e-02, 1.00569256e-01, 5.88235296e-02,
          1.08159393e-01, 1.08159393e-01 ]
      - [ 1.28487512e-01, 7.04845786e-02, 7.12187961e-02, 5.80029376e-02,
          1.45374447e-01, 1.12334803e-01, 8.73715132e-02, 1.15271658e-01,
          1.29221737e-01, 8.22320133e-02 ]
      - [ 1.34853661e-01, 5.54857254e-02, 6.37457371e-02, 6.75166100e-02,
          1.28389299e-01, 1.58197165e-01, 1.24618426e-01, 7.23648742e-02,
          7.41605312e-02, 1.20667987e-01 ]
      - [ 1.40710384e-01, 6.76229522e-02, 1.03825137e-01, 1.70765027e-01,
          1.48907095e-01, 7.44535476e-02, 7.37704933e-02, 7.03551918e-02,
          6.35245889e-02, 8.60655680e-02 ]
      - [ 1.01669192e-01, 7.13201836e-02, 1.71471924e-01, 1.47192717e-01,
          8.34597871e-02, 9.55993906e-02, 5.31107746e-02, 1.22913502e-01,
          9.40819383e-02, 5.91805764e-02 ]
      - [ 1.54471546e-01, 5.69105670e-02, 6.91056848e-02, 1.62601620e-02,
          1.58536583e-01, 1.21951215e-01, 1.46341458e-01, 8.53658468e-02,
          6.91056848e-02, 1.21951215e-01 ]
      - [ 1.89111754e-01, 7.92741179e-02, 5.44412620e-02, 1.10792741e-01,
          2.04393506e-01, 8.50047767e-02, 9.16905403e-02, 3.24737355e-02,
          6.78128004e-02, 8.50047767e-02 ]
      - [ 1.59810394e-01, 8.86067078e-02, 3.32493782e-02, 2.84919702e-02,
          1.63308486e-01, 1.17028713e-01, 1.06219605e-01, 6.83527440e-02,
          1.30951121e-01, 1.03980824e-01 ]
      - [ 1.09845400e-01, 1.08218059e-01, 1.48901537e-01, 7.81122893e-02,
          9.92676988e-02, 1.07404396e-01, 6.83482513e-02, 8.70626494e-02,
          1.28559798e-01, 6.42798990e-02 ]
      - [ 1.74434081e-01, 7.72303566e-02, 5.99201024e-02, 2.92942729e-02,
          1.63781613e-01, 1.66444734e-01, 9.98668373e-02, 4.26098518e-02,
          7.58987963e-02, 1.10519305e-01 ]
      - [ 1.59999996e-01, 3.66315767e-02, 8.96842107e-02, 3.41052637e-02,
          1.44842103e-01, 1.09052628e-01, 4.33684215e-02, 1.44842103e-01,
          1.90315783e-01, 4.71578948e-02 ]
      - [ 9.27419364e-02, 4.20506895e-02, 1.45161286e-01, 5.87557591e-02,
          9.44700465e-02, 6.22119829e-02, 6.91244230e-02, 2.15437785e-01,
          1.33064523e-01, 8.69815648e-02 ]
      - [ 1.01265818e-01, 8.86075944e-02, 1.47679314e-01, 1.05485231e-01,
          1.18143454e-01, 1.05485231e-01, 9.28269997e-02, 2.95358635e-02,
          9.28269997e-02, 1.18143454e-01 ]
      - [ 1.33465141e-01, 6.96984604e-02, 8.89767632e-02, 5.78348972e-02,
          1.42362818e-01, 1.27039045e-01, 9.34256017e-02, 8.15620348e-02,
          1.16164103e-01, 8.94710794e-02 ]
      - [ 1.67202562e-01, 8.68167207e-02, 1.54340833e-01, 1.12540193e-01,
          1.35048226e-01, 9.00321528e-02, 9.00321528e-02, 2.89389063e-02,
          3.85852084e-02, 9.64630246e-02 ]
      - [ 1.29032254e-01, 3.87096778e-02, 1.74193546e-01, 1.93548381e-01,
          1.67741939e-01, 4.51612882e-02, 7.74193555e-02, 4.51612882e-02,
          4.51612882e-02, 8.38709697e-02 ]
      - [ 9.33333337e-02, 8.53333324e-02, 1.78666666e-01, 1.06666669e-01,
          1.19999997e-01, 1.01333335e-01, 1.22666664e-01, 4.53333333e-02,
          7.19999969e-02, 7.46666640e-02 ]
      - [ 1.53284669e-01, 7.29926974e-02, 1.10948898e-01, 4.23357636e-02,
          1.24087587e-01, 7.88321123e-02, 7.59124085e-02, 1.06569342e-01,
          1.47445247e-01, 8.75912383e-02 ]
      - [ 1.21673003e-01, 8.74524713e-02, 1.67300373e-01, 1.10266156e-01,
          1.33079842e-01, 7.98479095e-02, 1.10266156e-01, 4.94296588e-02,
          5.70342205e-02, 8.36501867e-02 ]
      - [ 1.25925928e-01, 6.17283992e-02, 1.87654331e-01, 1.30864203e-01,
          1.13580249e-01, 7.16049448e-02, 8.14814866e-02, 6.66666701e-02,
          8.39506239e-02, 7.65432119e-02 ]
      - [ 1.00427352e-01, 6.19658157e-02, 2.17948735e-01, 1.45299152e-01,
          1.41025648e-01, 8.33333358e-02, 7.05128238e-02, 4.27350439e-02,
          6.62393197e-02, 7.05128238e-02 ]
      - [ 1.28404662e-01, 4.47470807e-02, 2.37354085e-01, 1.24513619e-01,
          1.07003890e-01, 5.83657585e-02, 9.33852121e-02, 4.66926061e-02,
          7.39299580e-02, 8.56031105e-02 ]
      - [ 6.81818128e-02, 3.18181813e-02, 2.72727251e-01, 2.09090903e-01,
          9.09090862e-02, 5.90909086e-02, 6.81818128e-02, 6.36363626e-02,
          8.63636360e-02, 4.99999970e-02 ]
      - [ 1.46608323e-01, 1.15973741e-01, 9.62800905e-02, 1.15973741e-01,
          1.24726482e-01, 1.02844641e-01, 5.90809621e-02, 5.68927787e-02,
          1.07221007e-01, 7.43982494e-02 ]
      - [ 1.34146333e-01, 3.25203240e-02, 1.54471546e-01, 1.74796745e-01,
          1.62601620e-01, 9.34959352e-02, 8.94308910e-02, 1.62601620e-02,
          5.28455265e-02, 8.94308910e-02 ]
      - [ 1.10486895e-01, 1.04868919e-01, 1.55430719e-01, 1.17977530e-01,
          1.49812728e-01, 7.11610466e-02, 1.10486895e-01, 3.74531820e-02,
          6.17977530e-02, 8.05243477e-02 ]
      - [ 1.26126125e-01, 1.35135144e-01, 9.00900960e-02, 7.95795843e-02,
          1.24624625e-01, 1.12612613e-01, 8.55855867e-02, 6.60660714e-02,
          1.15615621e-01, 6.45645633e-02 ]
      - [ 1.16731517e-01, 6.61478564e-02, 1.55642018e-01, 1.26459137e-01,
          1.40077814e-01, 8.56031105e-02, 7.97665343e-02, 6.22568093e-02,
          9.92217883e-02, 6.80933818e-02 ]
      - [ 1.17505997e-01, 7.91366920e-02, 1.34292573e-01, 9.59232599e-02,
          1.41486809e-01, 1.00719430e-01, 1.03117511e-01, 5.51558770e-02,
          4.07673866e-02, 1.31894484e-01 ]
      - [ 1.33187771e-01, 5.67685589e-02, 1.72489092e-01, 1.20087340e-01,
          1.09170310e-01, 7.64192119e-02, 5.24017476e-02, 1.00436680e-01,
          1.31004363e-01, 4.80349362e-02 ]
      - [ 1.35135129e-01, 9.82800946e-02, 1.91646188e-01, 9.58230942e-02,
          1.32678136e-01, 7.12530687e-02, 6.87960684e-02, 5.40540516e-02,
          6.14250600e-02, 9.09090862e-02 ]
      - [ 1.25000000e-01, 5.95238097e-02, 1.19047619e-01, 1.96428582e-01,
          1.36904761e-01, 1.01190478e-01, 7.73809552e-02, 6.54761940e-02,
          4.76190485e-02, 7.14285746e-02 ]
      - [ 8.86075944e-02, 6.96202517e-02, 2.84810126e-01, 2.15189874e-01,
          9.49367136e-02, 1.89873427e-02, 3.79746854e-02, 7.59493709e-02,
          7.59493709e-02, 3.79746854e-02 ]
      - [ 7.80487806e-02, 6.34146333e-02, 2.39024386e-01, 2.24390239e-01,
          5.85365854e-02, 3.41463424e-02, 4.87804860e-02, 7.80487806e-02,
          1.12195119e-01, 6.34146333e-02 ]
      - [ 1.23036653e-01, 1.04712039e-01, 1.64921463e-01, 1.57068059e-01,
          1.25654459e-01, 8.63874331e-02, 7.59162307e-02, 3.92670147e-02,
          5.23560196e-02, 7.06806257e-02 ]
      - [ 1.04072399e-01, 5.20361997e-02, 2.01357469e-01, 1.24434397e-01,
          1.13122180e-01, 6.33484200e-02, 8.14479664e-02, 7.91855231e-02,
          9.27601829e-02, 8.82352963e-02 ]
      - [ 1.23076931e-01, 5.89743592e-02, 2.12820515e-01, 1.56410262e-01,
          1.17948718e-01, 6.41025677e-02, 8.46153870e-02, 5.38461544e-02,
          7.17948750e-02, 5.64102568e-02 ]
      - [ 1.17117122e-01, 6.75675720e-02, 1.73423424e-01, 1.30630627e-01,
          9.90990996e-02, 3.82882878e-02, 6.08108118e-02, 1.28378376e-01,
          1.05855860e-01, 7.88288340e-02 ]
      - [ 9.29292962e-02, 6.06060624e-02, 2.12121218e-01, 1.27272740e-01,
          1.31313130e-01, 6.66666701e-02, 8.68686885e-02, 4.04040441e-02,
          7.67676830e-02, 1.05050512e-01 ]
      - [ 1.04166664e-01, 9.02777761e-02, 1.21527776e-01, 1.11111112e-01,
          1.04166664e-01, 9.72222239e-02, 1.28472224e-01, 6.94444478e-02,
          6.59722239e-02, 1.07638888e-01 ]
      - [ 1.23529412e-01, 9.11764726e-02, 1.41176477e-01, 8.52941200e-02,
          1.20588236e-01, 8.52941200e-02, 1.14705883e-01, 9.41176489e-02,
          8.82352963e-02, 5.58823533e-02 ]
      - [ 1.70731694e-01, 7.31707290e-02, 1.78861782e-01, 5.28455265e-02,
          1.26016259e-01, 4.87804860e-02, 7.72357732e-02, 9.34959352e-02,
          9.75609720e-02, 8.13008100e-02 ]
      - [ 1.54639170e-01, 7.98969045e-02, 8.50515440e-02, 6.18556663e-02,
          1.70103088e-01, 7.21649453e-02, 8.76288638e-02, 7.73195848e-02,
          1.13402061e-01, 9.79381427e-02 ]
      - [ 1.44578323e-01, 4.81927730e-02, 1.06024101e-01, 7.71084353e-02,
          1.56626508e-01, 1.10843375e-01, 8.91566277e-02, 7.95180723e-02,
          8.67469907e-02, 1.01204820e-01 ]
      - [ 1.23486690e-01, 1.18644074e-01, 1.47699758e-01, 7.26392269e-02,
          1.16222769e-01, 7.74818435e-02, 7.26392269e-02, 7.74818435e-02,
          1.08958840e-01, 8.47457647e-02 ]
      - [ 1.46341458e-01, 9.14634094e-02, 7.62195066e-02, 3.04878037e-02,
          1.70731694e-01, 1.21951215e-01, 7.31707290e-02, 7.01219514e-02,
          1.40243903e-01, 7.92682916e-02 ]
      - [ 9.78593305e-02, 6.11620806e-02, 1.52905211e-01, 1.00917436e-01,
          1.00917436e-01, 1.03975542e-01, 8.25688094e-02, 1.40672788e-01,
          1.00917436e-01, 5.81039786e-02 ]
      - [ 1.46739140e-01, 3.26086953e-02, 1.14130437e-01, 5.70652187e-02,
          1.60326093e-01, 1.73913047e-01, 5.97826093e-02, 8.15217420e-02,
          1.03260875e-01, 7.06521720e-02 ]
      - [ 1.30081296e-01, 4.06504050e-02, 1.74796745e-01, 6.09756075e-02,
          1.46341458e-01, 1.13821134e-01, 9.34959352e-02, 6.91056848e-02,
          1.21951215e-01, 4.87804860e-02 ]
      - [ 1.20521165e-01, 4.88599315e-02, 1.69381097e-01, 7.49185607e-02,
          1.40065148e-01, 1.43322468e-01, 9.44625363e-02, 7.16612339e-02,
          6.18892498e-02, 7.49185607e-02 ]
      - [ 1.61585361e-01, 4.87804860e-02, 8.84146318e-02, 7.92682916e-02,
          1.40243903e-01, 1.34146333e-01, 8.53658468e-02, 9.14634094e-02,
          1.00609750e-01, 7.01219514e-02 ]
      - [ 1.37566134e-01, 6.61375672e-02, 8.99470896e-02, 5.82010560e-02,
          1.40211642e-01, 1.03174597e-01, 8.20105821e-02, 1.26984119e-01,
          1.16402112e-01, 7.93650746e-02 ]
      - [ 1.19402982e-01, 5.59701473e-02, 1.41791046e-01, 5.97014911e-02,
          1.08208954e-01, 1.00746267e-01, 5.97014911e-02, 1.71641782e-01,
          1.41791046e-01, 4.10447754e-02 ]
      - [ 1.22137405e-01, 5.08905873e-02, 1.39949113e-01, 8.65139961e-02,
          1.50127232e-01, 1.04325697e-01, 4.58015278e-02, 1.24681935e-01,
          1.09414756e-01, 6.61577582e-02 ]
      - [ 1.34703189e-01, 6.39269352e-02, 1.14155248e-01, 1.00456618e-01,
          1.57534242e-01, 8.90410915e-02, 6.62100464e-02, 9.58904102e-02,
          1.09589040e-01, 6.84931502e-02 ]
      - [ 1.43097639e-01, 7.74410740e-02, 1.06060602e-01, 4.37710434e-02,
          1.56565651e-01, 1.36363640e-01, 1.01010099e-01, 7.91245773e-02,
          7.74410740e-02, 7.91245773e-02 ]
      - [ 1.59680635e-01, 6.58682659e-02, 9.78043899e-02, 6.58682659e-02,
          1.43712580e-01, 1.05788425e-01, 1.45708576e-01, 6.38722554e-02,
          4.79041934e-02, 1.03792414e-01 ]
      - [ 1.68453291e-01, 7.50382841e-02, 7.81010762e-02, 6.73813224e-02,
          1.57733545e-01, 8.88208300e-02, 1.14854522e-01, 5.81929572e-02,
          7.65696838e-02, 1.14854522e-01 ]
      - [ 1.63424119e-01, 5.25291823e-02, 1.34241238e-01, 1.01167314e-01,
          1.61478594e-01, 7.00389072e-02, 9.53307375e-02, 3.30739282e-02,
          7.78210089e-02, 1.10894941e-01 ]
      - [ 8.82352963e-02, 3.92156877e-02, 2.51634002e-01, 1.27450988e-01,
          1.17647059e-01, 3.92156877e-02, 9.80392173e-02, 6.20915033e-02,
          9.15032700e-02, 8.49673226e-02 ]
      - [ 1.15138598e-01, 8.10234547e-02, 1.47121534e-01, 1.13006398e-01,
          1.21535182e-01, 7.24946707e-02, 8.52878466e-02, 6.82302788e-02,
          1.10874206e-01, 8.52878466e-02 ]
      - [ 1.33744851e-01, 7.61316866e-02, 8.64197537e-02, 1.04938269e-01,
          1.35802463e-01, 8.02469105e-02, 9.46502015e-02, 6.58436194e-02,
          1.25514403e-01, 9.67078134e-02 ]
      - [ 1.38297871e-01, 6.59574419e-02, 1.21276595e-01, 1.17021270e-01,
          1.08510636e-01, 1.19148932e-01, 6.17021248e-02, 9.78723392e-02,
          9.36170220e-02, 7.65957385e-02 ]
      - [ 1.49206355e-01, 2.85714287e-02, 8.88888910e-02, 6.82539716e-02,
          1.60317466e-01, 1.88888893e-01, 9.04761925e-02, 6.03174604e-02,
          7.46031776e-02, 9.04761925e-02 ]
      - [ 1.25673249e-01, 8.97666067e-02, 7.54039511e-02, 1.02333933e-01,
          1.54398561e-01, 9.51526091e-02, 8.43806118e-02, 8.61759484e-02,
          1.18491925e-01, 6.82226196e-02 ]
      - [ 1.50134057e-01, 6.16622008e-02, 1.07238606e-01, 2.14477219e-02,
          1.74262747e-01, 1.09919578e-01, 1.34048268e-01, 6.43431693e-02,
          6.97050989e-02, 1.07238606e-01 ]
      - [ 1.37931034e-01, 3.44827585e-02, 8.12807903e-02, 9.60591137e-02,
          1.82266012e-01, 1.18226603e-01, 1.33004919e-01, 4.67980281e-02,
          7.14285672e-02, 9.85221639e-02 ]
      - [ 1.27272725e-01, 5.45454547e-02, 1.21212117e-01, 3.33333313e-02,
          1.60606056e-01, 1.39393941e-01, 1.21212117e-01, 7.57575706e-02,
          6.36363626e-02, 1.03030302e-01 ]
      - [ 1.50170639e-01, 5.46075068e-02, 1.80887371e-01, 2.73037534e-02,
          1.05802044e-01, 8.19112584e-02, 1.09215014e-01, 7.50853196e-02,
          1.16040953e-01, 9.89761055e-02 ]
      - [ 1.54241651e-01, 4.62724939e-02, 8.74035954e-02, 6.42673522e-02,
          1.38817474e-01, 1.10539846e-01, 8.99742916e-02, 1.02827765e-01,
          8.48329067e-02, 1.20822623e-01 ]
      - [ 1.70686454e-01, 6.49350658e-02, 7.05009252e-02, 3.89610380e-02,
          1.87384039e-01, 1.26159549e-01, 9.83302444e-02, 6.49350658e-02,
          8.90538022e-02, 8.90538022e-02 ]
      - [ 1.58203125e-01, 7.42187500e-02, 8.78906250e-02, 9.37500000e-02,
          1.79687500e-01, 9.96093750e-02, 6.44531250e-02, 7.61718750e-02,
          8.20312500e-02, 8.39843750e-02 ]
      - [ 1.29032254e-01, 5.73476702e-02, 1.25448033e-01, 5.37634417e-02,
          1.50537640e-01, 1.07526883e-01, 7.88530484e-02, 1.18279569e-01,
          1.11111112e-01, 6.81003556e-02 ]
      - [ 1.15501523e-01, 5.16717322e-02, 1.00303955e-01, 1.03343464e-01,
          1.48936167e-01, 1.00303955e-01, 7.90273547e-02, 1.09422490e-01,
          1.03343464e-01, 8.81458968e-02 ]
      - [ 9.97304544e-02, 1.02425873e-01, 1.64420485e-01, 1.05121292e-01,
          1.26684636e-01, 8.89487863e-02, 6.46900237e-02, 1.02425873e-01,
          7.54716992e-02, 7.00808614e-02 ]
      - [ 1.62412986e-01, 1.02088161e-01, 1.02088161e-01, 9.28074196e-02,
          1.60092801e-01, 1.41531318e-01, 9.51276049e-02, 2.32018549e-02,
          4.87238951e-02, 7.19257519e-02 ]
      - [ 1.14718616e-01, 4.97835502e-02, 1.25541121e-01, 8.87445882e-02,
          1.58008665e-01, 1.06060609e-01, 1.14718616e-01, 7.79220760e-02,
          6.49350658e-02, 9.95671004e-02 ]
      - [ 1.11436948e-01, 1.11436948e-01, 1.73020527e-01, 1.37829915e-01,
          1.05571851e-01, 1.11436948e-01, 7.62463361e-02, 2.93255132e-02,
          7.03812316e-02, 7.33137801e-02 ]
      - [ 1.16981134e-01, 1.50943398e-01, 1.54716983e-01, 1.32075474e-01,
          1.05660379e-01, 5.66037744e-02, 6.79245293e-02, 4.90566045e-02,
          8.30188692e-02, 8.30188692e-02 ]
      - [ 1.24260359e-01, 1.06508881e-01, 1.53846160e-01, 1.36094674e-01,
          9.46745574e-02, 8.87573957e-02, 5.91715984e-02, 1.06508881e-01,
          7.10059181e-02, 5.91715984e-02 ]
      - [ 6.45161271e-02, 2.15053763e-02, 3.06451619e-01, 1.93548381e-01,
          8.06451589e-02, 8.06451589e-02, 5.37634417e-02, 4.30107526e-02,
          9.13978517e-02, 6.45161271e-02 ]
      - [ 8.33333358e-02, 7.57575780e-02, 2.27272734e-01, 1.13636367e-01,
          9.84848514e-02, 4.54545468e-02, 9.09090936e-02, 5.30303046e-02,
          7.57575780e-02, 1.36363640e-01 ]
      - [ 1.14130437e-01, 1.19565219e-01, 2.06521749e-01, 2.11956531e-01,
          7.06521720e-02, 2.17391308e-02, 5.97826093e-02, 7.60869607e-02,
          5.97826093e-02, 5.97826093e-02 ]
      - [ 1.22448981e-01, 7.14285672e-02, 2.44897962e-01, 1.63265303e-01,
          1.02040812e-01, 5.61224483e-02, 4.08163257e-02, 3.57142836e-02,
          1.02040812e-01, 6.12244904e-02 ]
      - [ 1.50375947e-01, 4.13533859e-02, 1.57894745e-01, 1.35338351e-01,
          1.24060154e-01, 7.14285746e-02, 9.77443606e-02, 7.51879737e-02,
          7.14285746e-02, 7.51879737e-02 ]
      - [ 1.58854172e-01, 5.98958358e-02, 1.25000000e-01, 9.89583358e-02,
          1.35416672e-01, 9.11458358e-02, 1.01562500e-01, 6.51041716e-02,
          5.46875000e-02, 1.09375000e-01 ]
      - [ 1.26074508e-01, 7.73639008e-02, 1.83381096e-01, 9.16905478e-02,
          1.34670496e-01, 9.74212065e-02, 5.15759327e-02, 1.08882524e-01,
          7.44985715e-02, 5.44412620e-02 ]
      - [ 1.28472224e-01, 2.08333340e-02, 1.84027776e-01, 5.55555560e-02,
          1.45833328e-01, 6.59722239e-02, 5.20833321e-02, 1.63194448e-01,
          1.21527776e-01, 6.25000000e-02 ]
      - [ 7.93650821e-02, 1.19047631e-02, 1.42857149e-01, 7.53968284e-02,
          1.15079373e-01, 7.14285746e-02, 3.96825410e-02, 1.94444463e-01,
          2.26190493e-01, 4.36507948e-02 ]
      - [ 1.16232470e-01, 5.41082174e-02, 1.88376755e-01, 3.40681374e-02,
          1.32264525e-01, 1.02204412e-01, 9.01803598e-02, 8.01603198e-02,
          1.10220440e-01, 9.21843722e-02 ]
      - [ 1.64576799e-01, 5.79937287e-02, 8.62068981e-02, 5.64263314e-02,
          1.95924759e-01, 1.23824447e-01, 1.08150467e-01, 4.54545431e-02,
          6.89655170e-02, 9.24764872e-02 ]
      - [ 1.64341092e-01, 4.18604650e-02, 8.99224803e-02, 4.65116277e-02,
          1.76744193e-01, 2.04651162e-01, 1.16279066e-01, 4.49612401e-02,
          3.25581394e-02, 8.21705461e-02 ]
      - [ 1.21597096e-01, 8.89292210e-02, 1.01633392e-01, 9.61887464e-02,
          1.47005439e-01, 9.43738669e-02, 9.98185128e-02, 7.44101629e-02,
          7.07803965e-02, 1.05263159e-01 ]
      - [ 1.56424582e-01, 5.21415286e-02, 1.11731842e-01, 5.40037267e-02,
          1.43389195e-01, 1.08007453e-01, 1.17318437e-01, 5.95903173e-02,
          8.00744891e-02, 1.17318437e-01 ]
      - [ 1.99658692e-01, 4.60750833e-02, 8.36177468e-02, 3.75426598e-02,
          1.63822517e-01, 1.00682594e-01, 1.36518762e-01, 7.50853196e-02,
          5.97269610e-02, 9.72696245e-02 ]
      - [ 1.33630291e-01, 5.79064600e-02, 1.04677066e-01, 5.56792878e-02,
          1.75946549e-01, 9.35412049e-02, 1.00222722e-01, 7.57238343e-02,
          9.57683772e-02, 1.06904238e-01 ]
      - [ 1.08108111e-01, 7.43243247e-02, 1.82432443e-01, 1.35135144e-01,
          1.48648649e-01, 8.78378376e-02, 7.43243247e-02, 8.78378376e-02,
          6.08108118e-02, 4.05405425e-02 ]
      - [ 1.82072833e-01, 5.88235296e-02, 1.00840338e-01, 5.32212891e-02,
          1.54061630e-01, 1.40056029e-01, 1.03641458e-01, 4.48179282e-02,
          6.72268942e-02, 9.52380970e-02 ]
      - [ 1.17647059e-01, 4.34782617e-02, 1.07416876e-01, 6.64961636e-02,
          1.53452680e-01, 9.71866995e-02, 9.20716077e-02, 1.27877235e-01,
          1.20204605e-01, 7.41687939e-02 ]
      - [ 1.17994100e-01, 7.07964599e-02, 1.17994100e-01, 5.01474924e-02,
          1.76991150e-01, 8.84955749e-02, 1.03244841e-01, 7.66961649e-02,
          1.06194690e-01, 9.14454311e-02 ]
      - [ 1.03092782e-01, 5.49828187e-02, 1.54639184e-01, 5.15463911e-02,
          1.23711340e-01, 8.24742317e-02, 6.87285215e-02, 1.54639184e-01,
          1.30584195e-01, 7.56013766e-02 ]
      - [ 1.26470596e-01, 6.17647059e-02, 1.32352948e-01, 5.88235296e-02,
          1.23529412e-01, 8.82352963e-02, 9.41176489e-02, 1.29411772e-01,
          9.70588252e-02, 8.82352963e-02 ]
      - [ 1.35265693e-01, 8.21256042e-02, 1.42512068e-01, 7.72946849e-02,
          1.47342995e-01, 7.97101408e-02, 8.45410600e-02, 6.03864715e-02,
          1.11111112e-01, 7.97101408e-02 ]
      - [ 1.52892560e-01, 4.95867729e-02, 1.52892560e-01, 5.37190065e-02,
          1.11570247e-01, 1.03305779e-01, 4.95867729e-02, 1.03305779e-01,
          1.81818172e-01, 4.13223132e-02 ]
      - [ 1.26245841e-01, 7.97342211e-02, 1.22923583e-01, 7.30896965e-02,
          1.29568100e-01, 5.64784035e-02, 1.06312290e-01, 1.26245841e-01,
          9.30232555e-02, 8.63787383e-02 ]
      - [ 9.73782763e-02, 5.61797768e-02, 1.53558061e-01, 8.61423239e-02,
          1.04868919e-01, 7.49063641e-02, 7.86516890e-02, 1.42322093e-01,
          1.01123594e-01, 1.04868919e-01 ]
      - [ 1.31519273e-01, 7.93650821e-02, 1.79138318e-01, 1.15646258e-01,
          1.40589565e-01, 9.52380970e-02, 8.39002281e-02, 4.08163257e-02,
          4.53514755e-02, 8.84353742e-02 ]
      - [ 1.49206355e-01, 1.07936509e-01, 1.42857149e-01, 1.07936509e-01,
          1.30158737e-01, 6.66666701e-02, 8.57142881e-02, 7.30158761e-02,
          5.71428575e-02, 7.93650821e-02 ]
      - [ 1.26543209e-01, 6.48148134e-02, 1.72839507e-01, 1.14197530e-01,
          1.11111112e-01, 9.87654328e-02, 7.40740746e-02, 6.17283955e-02,
          1.04938269e-01, 7.09876567e-02 ]
      - [ 1.40811458e-01, 6.92124143e-02, 1.86157525e-01, 5.25059700e-02,
          1.50358006e-01, 1.26491651e-01, 8.59188586e-02, 5.01193330e-02,
          5.01193330e-02, 8.83054957e-02 ]
      - [ 1.04316548e-01, 4.31654677e-02, 2.19424471e-01, 8.63309354e-02,
          1.40287772e-01, 6.11510798e-02, 5.39568365e-02, 8.99280608e-02,
          1.29496410e-01, 7.19424486e-02 ]
      - [ 1.22775801e-01, 9.96441245e-02, 1.19217083e-01, 1.24555156e-01,
          1.24555156e-01, 7.29537383e-02, 9.96441245e-02, 4.98220623e-02,
          7.47330934e-02, 1.12099640e-01 ]
      - [ 1.54034242e-01, 4.40097824e-02, 1.71149150e-01, 1.56479225e-01,
          1.29584357e-01, 9.04645547e-02, 8.80195647e-02, 2.44498793e-02,
          4.64547686e-02, 9.53545272e-02 ]
      - [ 1.39004156e-01, 6.84647337e-02, 1.01659760e-01, 5.80912903e-02,
          1.47302911e-01, 9.54356864e-02, 9.12863091e-02, 7.67634884e-02,
          9.33609977e-02, 1.28630713e-01 ]
      - [ 1.66986555e-01, 9.78886709e-02, 9.78886709e-02, 7.29366615e-02,
          1.47792697e-01, 1.13243759e-01, 1.15163147e-01, 4.60652560e-02,
          7.29366615e-02, 6.90978840e-02 ]
      - [ 1.34146333e-01, 9.34959352e-02, 1.13821134e-01, 1.13821134e-01,
          1.17886171e-01, 1.05691053e-01, 6.09756075e-02, 1.26016259e-01,
          6.91056848e-02, 6.50406480e-02 ]
      - [ 1.00286536e-01, 8.59598890e-02, 1.54727802e-01, 1.74785107e-01,
          1.23209171e-01, 6.59025833e-02, 7.44985715e-02, 4.87106033e-02,
          7.16332421e-02, 1.00286536e-01 ]
      - [ 1.62601620e-01, 6.99186996e-02, 8.45528468e-02, 1.07317068e-01,
          1.28455281e-01, 1.02439024e-01, 9.91869867e-02, 7.15447143e-02,
          6.82926849e-02, 1.05691053e-01 ]
      - [ 1.57392696e-01, 1.31955490e-01, 6.67726547e-02, 9.37996805e-02,
          1.30365655e-01, 8.58505592e-02, 1.01748809e-01, 6.04133569e-02,
          7.79014304e-02, 9.37996805e-02 ]
      - [ 1.26086950e-01, 1.41304344e-01, 1.04347825e-01, 6.52173907e-02,
          1.26086950e-01, 9.13043469e-02, 8.91304314e-02, 7.82608688e-02,
          9.34782550e-02, 8.47826079e-02 ]
      - [ 1.53846160e-01, 4.33925055e-02, 1.57790929e-01, 7.29783028e-02,
          1.28205135e-01, 7.49506950e-02, 1.20315582e-01, 7.69230798e-02,
          5.12820520e-02, 1.20315582e-01 ]
      - [ 1.52619600e-01, 6.37813210e-02, 9.33940783e-02, 5.23918010e-02,
          1.54897496e-01, 1.02505699e-01, 1.11617319e-01, 7.28929415e-02,
          8.88382718e-02, 1.07061505e-01 ]
      - [ 1.95583597e-01, 5.83596230e-02, 6.94006309e-02, 4.41640392e-02,
          1.97160885e-01, 9.62145105e-02, 1.23028390e-01, 4.25867513e-02,
          5.04731871e-02, 1.23028390e-01 ]
      - [ 1.74438685e-01, 6.90846294e-02, 8.63557830e-02, 6.04490489e-02,
          1.57167524e-01, 1.08808286e-01, 1.12262525e-01, 3.10880821e-02,
          8.11744407e-02, 1.19170986e-01 ]
      - [ 1.78057551e-01, 5.75539581e-02, 8.27338174e-02, 5.39568365e-02,
          1.65467635e-01, 1.02517985e-01, 1.22302160e-01, 6.11510798e-02,
          4.85611521e-02, 1.27697840e-01 ]
      - [ 1.51260510e-01, 7.28291348e-02, 1.34453788e-01, 7.00280145e-02,
          1.62464991e-01, 9.24369767e-02, 9.80392173e-02, 4.20168079e-02,
          6.72268942e-02, 1.09243698e-01 ]
      - [ 1.25295505e-01, 9.69267115e-02, 8.27423185e-02, 8.03782493e-02,
          1.48936167e-01, 6.61938563e-02, 1.13475174e-01, 7.32860491e-02,
          1.11111112e-01, 1.01654850e-01 ]
   decision_functions:
      -
         sv_count: 179
         rho: -1.8683136951466115e+00
         alpha: [ 2.5000000000000000e+00, 2.5000000000000000e+00,
             1.8278165270100577e+00, 2.5000000000000000e+00,
             2.5000000000000000e+00, 2.5000000000000000e+00,
             2.5000000000000000e+00, 2.5000000000000000e+00,
             1.4955945826441788e+00, 2.5000000000000000e+00,
             2.5000000000000000e+00, 2.5000000000000000e+00,
             2.5000000000000000e+00, 2.5000000000000000e+00,
             2.5000000000000000e+00, 2.5000000000000000e+00,
             2.1507981515103731e+00, 2.5000000000000000e+00,
             2.5000000000000000e+00, 2.5000000000000000e+00,
             2.5000000000000000e+00, 2.5000000000000000e+00,
             2.5000000000000000e+00, 2.5000000000000000e+00,
             2.5000000000000000e+00, 2.5000000000000000e+00,
             2.5000000000000000e+00, 2.5000000000000000e+00,
             2.5000000000000000e+00, 2.5000000000000000e+00,
             2.5000000000000000e+00, 2.5000000000000000e+00,
             2.5000000000000000e+00, 2.5000000000000000e+00,
             2.5000000000000000e+00, 2.5000000000000000e+00,
             2.5000000000000000e+00, 2.5000000000000000e+00,
             2.5000000000000000e+00, 2.5000000000000000e+00,
             2.5000000000000000e+00, 2.5000000000000000e+00,
             2.5000000000000000e+00, 2.5000000000000000e+00,
             2.5000000000000000e+00, 2.5000000000000000e+00,
             2.5000000000000000e+00, 2.5000000000000000e+00,
             1.0044054173558212e+00, 2.5000000000000000e+00,
             2.5000000000000000e+00, 2.5000000000000000e+00,
             2.5000000000000000e+00, 1.3239439809786262e+00,
             2.5000000000000000e+00, 2.5000000000000000e+00,
             2.5000000000000000e+00, 2.5000000000000000e+00,
             2.5000000000000000e+00, 2.5000000000000000e+00,
             2.5000000000000000e+00, 2.5000000000000000e+00,
             2.5000000000000000e+00, 2.5000000000000000e+00,
             2.5000000000000000e+00, 2.5000000000000000e+00,
             2.5000000000000000e+00, 2.5000000000000000e+00,
             2.5000000000000000e+00, 2.5000000000000000e+00,
             2.5000000000000000e+00, 2.5000000000000000e+00,
             2.5000000000000000e+00, 2.5000000000000000e+00,
             3.4920184848962688e-01, 2.5000000000000000e+00,
             2.5000000000000000e+00, 2.5000000000000000e+00,
             2.5000000000000000e+00, 2.5000000000000000e+00,
             2.5000000000000000e+00, 2.5000000000000000e+00,
             2.5000000000000000e+00, 2.5000000000000000e+00,
             1.8482394920113161e+00, 2.5000000000000000e+00,
             2.5000000000000000e+00, 2.5000000000000000e+00,
             2.5000000000000000e+00, 2.5000000000000000e+00,
             2.5000000000000000e+00, -2.5000000000000000e+00,
             -2.5000000000000000e+00, -2.5000000000000000e+00,
             -2.5000000000000000e+00, -2.5000000000000000e+00,
             -2.5000000000000000e+00, -2.5000000000000000e+00,
             -2.5000000000000000e+00, -2.5000000000000000e+00,
             -2.5000000000000000e+00, -2.5000000000000000e+00,
             -2.5000000000000000e+00, -2.5000000000000000e+00,
             -2.5000000000000000e+00, -2.5000000000000000e+00,
             -2.5000000000000000e+00, -2.5000000000000000e+00,
             -2.5000000000000000e+00, -2.5000000000000000e+00,
             -2.5000000000000000e+00, -2.5000000000000000e+00,
             -2.5000000000000000e+00, -2.5000000000000000e+00,
             -2.5000000000000000e+00, -2.5000000000000000e+00,
             -2.5000000000000000e+00, -2.5000000000000000e+00,
             -2.5000000000000000e+00, -2.5000000000000000e+00,
             -2.5000000000000000e+00, -2.5000000000000000e+00,
             -2.5000000000000000e+00, -2.5000000000000000e+00,
             -2.5000000000000000e+00, -2.5000000000000000e+00,
             -2.5000000000000000e+00, -2.5000000000000000e+00,
             -2.5000000000000000e+00, -2.5000000000000000e+00,
             -2.5000000000000000e+00, -2.5000000000000000e+00,
             -2.5000000000000000e+00, -2.5000000000000000e+00,
             -2.5000000000000000e+00, -2.5000000000000000e+00,
             -2.5000000000000000e+00, -2.5000000000000000e+00,
             -2.5000000000000000e+00, -2.5000000000000000e+00,
             -2.5000000000000000e+00, -2.5000000000000000e+00,
             -2.5000000000000000e+00, -2.5000000000000000e+00,
             -2.5000000000000000e+00, -2.5000000000000000e+00,
             -2.5000000000000000e+00, -2.5000000000000000e+00,
             -2.5000000000000000e+00, -2.5000000000000000e+00,
             -2.5000000000000000e+00, -2.5000000000000000e+00,
             -2.5000000000000000e+00, -2.5000000000000000e+00,
             -2.5000000000000000e+00, -2.5000000000000000e+00,
             -2.5000000000000000e+00, -2.5000000000000000e+00,
             -2.5000000000000000e+00, -2.5000000000000000e+00,
             -2.5000000000000000e+00, -2.5000000000000000e+00,
             -2.5000000000000000e+00, -2.5000000000000000e+00,
             -2.5000000000000000e+00, -2.5000000000000000e+00,
             -2.5000000000000000e+00, -2.5000000000000000e+00,
             -2.5000000000000000e+00, -2.5000000000000000e+00,
             -2.5000000000000000e+00, -2.5000000000000000e+00,
             -2.5000000000000000e+00, -2.5000000000000000e+00,
             -2.5000000000000000e+00, -2.5000000000000000e+00,
             -2.5000000000000000e+00, -2.5000000000000000e+00,
             -2.5000000000000000e+00 ]
         index: [ 0, 1, 2, 3, 4, 5, 6, 7, 8, 9, 10, 11, 12, 13, 14, 15,
             16, 17, 18, 19, 20, 21, 22, 23, 24, 25, 26, 27, 28, 29, 30,
             31, 32, 33, 34, 35, 36, 37, 38, 39, 40, 41, 42, 43, 44, 45,
             46, 47, 48, 49, 50, 51, 52, 53, 54, 55, 56, 57, 58, 59, 60,
             61, 62, 63, 64, 65, 66, 67, 68, 69, 70, 71, 72, 73, 74, 75,
             76, 77, 78, 79, 80, 81, 82, 83, 84, 85, 86, 87, 88, 89, 90,
             91, 92, 93, 94, 95, 96, 97, 98, 99, 100, 101, 102, 103, 104,
             105, 106, 107, 108, 109, 110, 111, 112, 113, 114, 115, 116,
             117, 118, 119, 120, 121, 122, 123, 124, 125, 126, 127, 128,
             129, 130, 131, 132, 133, 134, 135, 136, 137, 138, 139, 140,
             141, 142, 143, 144, 145, 146, 147, 148, 149, 150, 151, 152,
             153, 154, 155, 156, 157, 158, 159, 160, 161, 162, 163, 164,
             165, 166, 167, 168, 169, 170, 171, 172, 173, 174, 175, 176,
             177, 178 ]
