%YAML:1.0
---
opencv_ml_svm:
   format: 3
   svmType: C_SVC
   kernel:
      type: INTER
      gamma: 1.0000000000000001e-05
   C: 1.0000000000000001e-01
   term_criteria: { iterations:100 }
   var_count: 10
   class_count: 2
   class_labels: !!opencv-matrix
      rows: 2
      cols: 1
      dt: i
      data: [ 0, 1 ]
   sv_total: 185
   support_vectors:
      - [ 9.99999940e-02, 1.27272725e-01, 7.72727281e-02, 1.36363626e-01,
          1.18181817e-01, 7.27272704e-02, 1.22727267e-01, 8.63636360e-02,
          6.81818128e-02, 9.09090862e-02 ]
      - [ 1.04166672e-01, 1.14583336e-01, 8.33333358e-02, 8.33333358e-02,
          1.09375000e-01, 6.25000000e-02, 1.40625000e-01, 4.68750000e-02,
          1.04166672e-01, 1.51041672e-01 ]
      - [ 1.13725498e-01, 9.01960805e-02, 7.05882385e-02, 7.45098069e-02,
          1.68627456e-01, 9.41176564e-02, 1.52941182e-01, 3.92156877e-02,
          5.88235334e-02, 1.37254909e-01 ]
      - [ 1.09004743e-01, 1.23222753e-01, 9.95260701e-02, 1.09004743e-01,
          1.32701427e-01, 7.58293867e-02, 1.04265407e-01, 4.73933667e-02,
          9.47867334e-02, 1.04265407e-01 ]
      - [ 9.28961709e-02, 8.19672123e-02, 1.25683054e-01, 1.25683054e-01,
          9.83606502e-02, 4.37158458e-02, 1.36612013e-01, 7.65027329e-02,
          8.74316916e-02, 1.31147534e-01 ]
      - [ 1.12970710e-01, 1.12970710e-01, 6.27615079e-02, 1.08786605e-01,
          1.04602508e-01, 6.27615079e-02, 1.25523016e-01, 7.94979036e-02,
          1.08786605e-01, 1.21338911e-01 ]
      - [ 1.53439149e-01, 1.37566134e-01, 7.40740746e-02, 1.69312164e-01,
          1.21693119e-01, 4.23280410e-02, 1.11111104e-01, 3.17460299e-02,
          3.17460299e-02, 1.26984119e-01 ]
      - [ 1.27139375e-01, 1.49144262e-01, 3.66748199e-02, 4.40097824e-02,
          1.12469442e-01, 9.53545272e-02, 1.02689490e-01, 1.24694385e-01,
          1.12469442e-01, 9.53545272e-02 ]
      - [ 1.41104296e-01, 7.97545984e-02, 1.41104296e-01, 1.10429443e-01,
          1.28834352e-01, 7.36196339e-02, 1.34969324e-01, 1.84049085e-02,
          6.13496900e-02, 1.10429443e-01 ]
      - [ 1.63742691e-01, 9.94152054e-02, 8.77192989e-02, 1.52046785e-01,
          9.35672522e-02, 5.26315793e-02, 1.05263159e-01, 4.09356728e-02,
          8.18713456e-02, 1.22807018e-01 ]
      - [ 1.15079373e-01, 5.95238134e-02, 6.74603209e-02, 7.93650821e-02,
          1.26984134e-01, 1.11111119e-01, 1.23015881e-01, 9.12698433e-02,
          1.11111119e-01, 1.15079373e-01 ]
      - [ 1.34328350e-01, 6.34328350e-02, 8.95522386e-02, 5.22388034e-02,
          1.26865670e-01, 1.00746267e-01, 8.58208910e-02, 8.95522386e-02,
          1.52985066e-01, 1.04477607e-01 ]
      - [ 1.14427857e-01, 5.72139286e-02, 1.39303476e-01, 8.70646760e-02,
          1.26865670e-01, 8.20895508e-02, 9.95024890e-02, 1.09452732e-01,
          7.71144256e-02, 1.06965169e-01 ]
      - [ 1.25984251e-01, 4.72440943e-02, 8.26771632e-02, 3.93700786e-02,
          1.37795269e-01, 1.02362201e-01, 7.87401572e-02, 1.37795269e-01,
          1.18110240e-01, 1.29921257e-01 ]
      - [ 1.13924056e-01, 1.13924056e-01, 1.26582280e-01, 1.01265825e-01,
          9.49367136e-02, 5.69620281e-02, 1.32911399e-01, 6.96202517e-02,
          1.07594937e-01, 8.22784826e-02 ]
      - [ 9.04255286e-02, 1.06382973e-01, 1.27659574e-01, 1.27659574e-01,
          1.32978722e-01, 9.57446769e-02, 1.01063825e-01, 4.78723384e-02,
          7.44680837e-02, 9.57446769e-02 ]
      - [ 1.01449274e-01, 8.21256042e-02, 9.66183543e-02, 1.15942031e-01,
          1.06280193e-01, 9.17874351e-02, 1.11111112e-01, 8.21256042e-02,
          8.21256042e-02, 1.30434781e-01 ]
      - [ 1.04651161e-01, 1.04651161e-01, 1.10465117e-01, 8.72092992e-02,
          1.10465117e-01, 6.39534891e-02, 1.39534891e-01, 6.39534891e-02,
          6.39534891e-02, 1.51162788e-01 ]
      - [ 1.11111104e-01, 6.87830672e-02, 7.40740746e-02, 7.40740746e-02,
          8.99470896e-02, 8.46560821e-02, 1.48148149e-01, 8.99470896e-02,
          1.64021164e-01, 9.52380896e-02 ]
      - [ 7.18562901e-02, 8.98203626e-02, 1.07784435e-01, 1.31736532e-01,
          1.31736532e-01, 4.79041934e-02, 9.58083868e-02, 9.58083868e-02,
          1.19760484e-01, 1.07784435e-01 ]
      - [ 7.64705911e-02, 7.05882385e-02, 1.17647059e-01, 1.35294124e-01,
          8.23529437e-02, 4.70588244e-02, 1.00000001e-01, 1.00000001e-01,
          1.52941182e-01, 1.17647059e-01 ]
      - [ 7.67263398e-02, 6.13810718e-02, 1.32992327e-01, 8.18414316e-02,
          1.35549873e-01, 7.67263398e-02, 6.39386177e-02, 7.92838857e-02,
          1.84143215e-01, 1.07416876e-01 ]
      - [ 1.21212117e-01, 1.15151510e-01, 1.03030302e-01, 1.27272725e-01,
          1.57575756e-01, 3.63636352e-02, 1.03030302e-01, 2.42424235e-02,
          9.69696939e-02, 1.15151510e-01 ]
      - [ 1.50259063e-01, 1.13989636e-01, 4.14507762e-02, 1.45077720e-01,
          1.13989636e-01, 6.21761642e-02, 1.34715021e-01, 3.10880821e-02,
          7.77202025e-02, 1.29533678e-01 ]
      - [ 1.25000000e-01, 1.25000000e-01, 9.21052620e-02, 1.25000000e-01,
          1.31578952e-01, 4.60526310e-02, 1.18421055e-01, 3.94736826e-02,
          7.89473653e-02, 1.18421055e-01 ]
      - [ 1.23655915e-01, 8.60215053e-02, 1.02150537e-01, 1.18279569e-01,
          9.13978517e-02, 1.18279569e-01, 1.02150537e-01, 6.45161271e-02,
          1.02150537e-01, 9.13978517e-02 ]
      - [ 1.23486690e-01, 7.74818435e-02, 1.13801457e-01, 9.68523026e-02,
          1.33171916e-01, 7.99031481e-02, 9.44309980e-02, 7.74818435e-02,
          1.21065378e-01, 8.23244601e-02 ]
      - [ 9.30232555e-02, 9.76744145e-02, 8.83720964e-02, 8.83720964e-02,
          1.44186050e-01, 6.97674453e-02, 7.44186044e-02, 1.20930232e-01,
          1.20930232e-01, 1.02325581e-01 ]
      - [ 9.93377492e-02, 9.27152336e-02, 1.78807944e-01, 1.52317882e-01,
          1.05960265e-01, 1.32450331e-02, 1.19205296e-01, 3.31125818e-02,
          9.27152336e-02, 1.12582780e-01 ]
      - [ 1.30434781e-01, 9.42028984e-02, 1.11111112e-01, 1.23188406e-01,
          1.47342995e-01, 7.48792291e-02, 8.69565234e-02, 6.03864715e-02,
          9.66183543e-02, 7.48792291e-02 ]
      - [ 1.40043765e-01, 8.53391662e-02, 1.05032824e-01, 7.87746161e-02,
          1.55361056e-01, 7.65864328e-02, 1.02844641e-01, 5.68927787e-02,
          1.02844641e-01, 9.62800905e-02 ]
      - [ 1.49999991e-01, 9.09090862e-02, 1.22727267e-01, 3.63636352e-02,
          1.11363634e-01, 6.36363626e-02, 1.15909085e-01, 1.06818177e-01,
          1.06818177e-01, 9.54545438e-02 ]
      - [ 6.66666701e-02, 4.88888919e-02, 8.88888910e-02, 4.44444455e-02,
          7.11111128e-02, 1.55555561e-01, 9.77777839e-02, 1.55555561e-01,
          1.42222226e-01, 1.28888890e-01 ]
      - [ 1.19535513e-01, 6.48907050e-02, 7.24043697e-02, 5.80601059e-02,
          1.13729507e-01, 1.39002725e-01, 1.28415301e-01, 8.06010887e-02,
          8.74316916e-02, 1.35928959e-01 ]
      - [ 1.03111111e-01, 9.77777764e-02, 1.12888888e-01, 1.12888888e-01,
          1.04000002e-01, 5.42222224e-02, 8.79999995e-02, 1.01333335e-01,
          1.28888890e-01, 9.68888924e-02 ]
      - [ 1.49193540e-01, 6.85483813e-02, 7.66129047e-02, 7.45967701e-02,
          1.37096763e-01, 9.47580636e-02, 1.29032254e-01, 7.86290318e-02,
          8.06451589e-02, 1.10887095e-01 ]
      - [ 1.19515881e-01, 6.20272309e-02, 7.56429657e-02, 1.08925864e-01,
          1.48260206e-01, 8.92586932e-02, 1.05900146e-01, 8.92586932e-02,
          8.01815391e-02, 1.21028736e-01 ]
      - [ 1.50015369e-01, 7.07039610e-02, 1.41407922e-01, 7.25484118e-02,
          1.49707958e-01, 1.11589298e-01, 8.97632912e-02, 4.98001836e-02,
          6.64002448e-02, 9.80633274e-02 ]
      - [ 1.13829784e-01, 1.15957446e-01, 6.91489354e-02, 7.97872320e-02,
          1.17021270e-01, 7.76595697e-02, 6.59574419e-02, 1.20212764e-01,
          1.73404247e-01, 6.70212731e-02 ]
      - [ 1.55212358e-01, 4.34362926e-02, 6.85328171e-02, 7.14285672e-02,
          1.56177610e-01, 1.53088793e-01, 1.05405405e-01, 6.52509630e-02,
          8.59073326e-02, 9.55598429e-02 ]
      - [ 1.21593289e-01, 1.27882600e-01, 1.25786155e-01, 1.06918238e-01,
          9.22431797e-02, 4.82180268e-02, 1.00628927e-01, 6.70859516e-02,
          1.36268333e-01, 7.33752623e-02 ]
      - [ 1.16255835e-01, 9.72684920e-02, 1.19920060e-01, 9.92671549e-02,
          1.22584946e-01, 7.52831474e-02, 7.86142573e-02, 7.32844770e-02,
          1.28914058e-01, 8.86075944e-02 ]
      - [ 1.19447775e-01, 1.33253291e-01, 9.90396142e-02, 1.17046818e-01,
          1.24849938e-01, 7.62304887e-02, 8.88355300e-02, 4.98199277e-02,
          9.90396142e-02, 9.24369693e-02 ]
      - [ 8.25688019e-02, 1.92660540e-01, 1.28440365e-01, 7.33944923e-02,
          1.19266048e-01, 4.58715558e-02, 1.10091738e-01, 4.58715558e-02,
          1.10091738e-01, 9.17431116e-02 ]
      - [ 1.96035236e-01, 3.74449342e-02, 5.94713613e-02, 6.38766512e-02,
          1.76211447e-01, 1.29955947e-01, 7.92951509e-02, 4.84581478e-02,
          1.18942723e-01, 9.03083682e-02 ]
      - [ 1.25461251e-01, 5.16605154e-02, 1.69741705e-01, 3.87453884e-02,
          1.25461251e-01, 7.93357939e-02, 1.10701106e-01, 9.40959454e-02,
          9.77859795e-02, 1.07011072e-01 ]
      - [ 1.00689657e-01, 1.21379316e-01, 7.31034502e-02, 1.31034493e-01,
          1.14482760e-01, 7.17241392e-02, 1.00689657e-01, 8.00000057e-02,
          1.28275871e-01, 7.86206946e-02 ]
      - [ 1.18881121e-01, 1.32867143e-01, 1.23543128e-01, 3.96270417e-02,
          1.09557115e-01, 5.59440553e-02, 6.06060624e-02, 1.65501162e-01,
          1.18881121e-01, 7.45920762e-02 ]
      - [ 1.35933802e-01, 6.56028390e-02, 1.19976357e-01, 1.42434984e-01,
          1.27068564e-01, 8.56973976e-02, 8.74704495e-02, 5.49645387e-02,
          9.98817980e-02, 8.09692666e-02 ]
      - [ 1.44086018e-01, 9.89247337e-02, 1.37634411e-01, 1.11827962e-01,
          1.44086018e-01, 4.30107526e-02, 1.09677419e-01, 4.94623668e-02,
          6.45161271e-02, 9.67741981e-02 ]
      - [ 1.58227846e-01, 6.11814335e-02, 6.54008389e-02, 6.54008389e-02,
          1.75105482e-01, 8.43881816e-02, 1.01265818e-01, 9.49367061e-02,
          9.49367061e-02, 9.91561115e-02 ]
      - [ 1.32620320e-01, 6.31016046e-02, 1.13368988e-01, 9.41176489e-02,
          1.56149730e-01, 9.83957201e-02, 6.09625690e-02, 9.09090936e-02,
          1.25133693e-01, 6.52406439e-02 ]
      - [ 1.38401568e-01, 4.87329438e-02, 8.96686167e-02, 7.79727101e-02,
          1.36452243e-01, 1.96881086e-01, 9.35672522e-02, 6.43274859e-02,
          7.60233924e-02, 7.79727101e-02 ]
      - [ 1.00882724e-01, 9.33165178e-02, 1.33669615e-01, 1.28625467e-01,
          9.70996246e-02, 6.30517006e-02, 7.06179067e-02, 1.61412358e-01,
          9.70996246e-02, 5.42244650e-02 ]
      - [ 1.98359668e-01, 3.37181054e-02, 7.65492097e-02, 4.49574739e-02,
          1.94410697e-01, 1.32138520e-01, 1.13304988e-01, 4.16160412e-02,
          4.79951426e-02, 1.16950184e-01 ]
      - [ 1.16883114e-01, 1.55844152e-01, 7.14285746e-02, 5.19480519e-02,
          1.13636367e-01, 4.22077924e-02, 1.42857149e-01, 4.87012975e-02,
          1.03896104e-01, 1.52597398e-01 ]
      - [ 1.17750444e-01, 9.45518464e-02, 5.51845357e-02, 7.27592260e-02,
          1.26186296e-01, 1.12829529e-01, 1.08963095e-01, 7.59226754e-02,
          1.28646746e-01, 1.07205629e-01 ]
      - [ 1.16584569e-01, 8.70279148e-02, 9.03119892e-02, 8.04597735e-02,
          1.24794744e-01, 7.71756992e-02, 1.33004934e-01, 1.03448279e-01,
          8.37438405e-02, 1.03448279e-01 ]
      - [ 1.47058830e-01, 1.29901960e-01, 1.27450988e-01, 4.90196086e-02,
          1.25000000e-01, 6.12745136e-02, 1.02941178e-01, 8.57843161e-02,
          8.08823556e-02, 9.06862766e-02 ]
      - [ 9.34256092e-02, 4.49827015e-02, 1.52249143e-01, 1.24567479e-01,
          1.03806235e-01, 1.38408309e-02, 1.34948105e-01, 6.92041516e-02,
          1.34948105e-01, 1.28027692e-01 ]
      - [ 1.80851057e-01, 2.39361692e-02, 7.97872320e-02, 5.31914867e-02,
          1.83510631e-01, 1.19680844e-01, 1.03723399e-01, 7.44680837e-02,
          8.77659544e-02, 9.30851027e-02 ]
      - [ 1.42011836e-01, 8.28402340e-02, 1.15384616e-01, 6.50887564e-02,
          1.77514791e-01, 9.76331383e-02, 8.87573957e-02, 6.80473372e-02,
          6.50887564e-02, 9.76331383e-02 ]
      - [ 1.00199074e-01, 1.07498340e-01, 8.22826847e-02, 6.76841438e-02,
          1.14797615e-01, 8.89183804e-02, 1.14134043e-01, 8.16191137e-02,
          1.36695430e-01, 1.06171206e-01 ]
      - [ 1.44000009e-01, 7.20000044e-02, 4.80000004e-02, 2.40000002e-02,
          1.68000013e-01, 8.00000057e-02, 1.36000007e-01, 1.28000006e-01,
          4.80000004e-02, 1.52000010e-01 ]
      - [ 1.78472862e-01, 1.40754372e-01, 9.01563913e-02, 9.10763517e-02,
          1.46274149e-01, 6.89972416e-02, 7.17571303e-02, 5.61177544e-02,
          8.92364308e-02, 6.71573132e-02 ]
      - [ 1.20805368e-01, 7.04697967e-02, 1.30872488e-01, 7.04697967e-02,
          1.34228185e-01, 5.36912754e-02, 1.57718122e-01, 7.38255009e-02,
          6.71140924e-02, 1.20805368e-01 ]
      - [ 1.48514852e-01, 4.15841602e-02, 1.18811883e-01, 6.53465390e-02,
          1.12871289e-01, 1.30693078e-01, 8.91089141e-02, 9.10891145e-02,
          1.10891089e-01, 9.10891145e-02 ]
      - [ 1.34038791e-01, 1.18165784e-01, 3.52733657e-02, 1.11111104e-01,
          1.18165784e-01, 4.76190448e-02, 9.70017612e-02, 1.04056433e-01,
          1.49911806e-01, 8.46560821e-02 ]
      - [ 1.38632163e-01, 5.36044352e-02, 7.76340142e-02, 2.40295753e-02,
          1.14602588e-01, 1.18299447e-01, 1.01663589e-01, 1.20147876e-01,
          1.57116458e-01, 9.42698717e-02 ]
      - [ 1.39917687e-01, 1.00823045e-01, 7.20164552e-02, 1.06995881e-01,
          1.41975299e-01, 6.37860075e-02, 1.02880657e-01, 5.14403284e-02,
          1.09053493e-01, 1.11111104e-01 ]
      - [ 1.41805828e-01, 4.61364277e-02, 1.40107557e-01, 8.23662654e-02,
          1.46051511e-01, 1.12935185e-01, 8.57628137e-02, 6.90631196e-02,
          9.62354988e-02, 7.95358047e-02 ]
      - [ 1.34306565e-01, 1.75182477e-01, 4.23357636e-02, 1.29927009e-01,
          1.24087587e-01, 4.81751822e-02, 8.90510902e-02, 7.00729936e-02,
          9.63503644e-02, 9.05109420e-02 ]
      - [ 1.51685402e-01, 1.29213482e-01, 1.01123594e-01, 7.86516890e-02,
          1.12359554e-01, 7.86516890e-02, 1.12359554e-01, 2.80898884e-02,
          1.34831458e-01, 7.30337054e-02 ]
      - [ 1.16751269e-01, 1.01522841e-01, 1.11675128e-01, 9.64467004e-02,
          1.11675128e-01, 5.58375642e-02, 8.62944126e-02, 8.12182724e-02,
          1.37055829e-01, 1.01522841e-01 ]
      - [ 1.02173910e-01, 9.99999940e-02, 1.15217388e-01, 1.45652160e-01,
          1.36956513e-01, 5.43478243e-02, 1.06521733e-01, 3.91304344e-02,
          9.78260860e-02, 1.02173910e-01 ]
      - [ 1.05658196e-01, 5.42725176e-02, 1.65127024e-01, 7.50577375e-02,
          1.13163970e-01, 8.60277116e-02, 7.62124732e-02, 1.32794455e-01,
          1.14318706e-01, 7.73672014e-02 ]
      - [ 2.11640209e-01, 3.70370373e-02, 8.46560821e-02, 1.48148149e-01,
          1.85185179e-01, 7.93650746e-02, 2.64550261e-02, 4.23280410e-02,
          1.69312164e-01, 1.58730149e-02 ]
      - [ 1.01833001e-01, 7.94297382e-02, 1.44602865e-01, 1.26272917e-01,
          1.22199595e-01, 4.48065177e-02, 1.52749494e-01, 5.09165004e-02,
          5.90631403e-02, 1.18126281e-01 ]
      - [ 1.26948774e-01, 8.90868604e-02, 9.35412049e-02, 8.01781788e-02,
          1.49220496e-01, 8.46325159e-02, 1.02449894e-01, 7.57238343e-02,
          9.57683772e-02, 1.02449894e-01 ]
      - [ 1.01426311e-01, 7.21077695e-02, 1.32329643e-01, 1.22028530e-01,
          1.00633919e-01, 9.19175968e-02, 9.35023800e-02, 9.90491286e-02,
          6.81458041e-02, 1.18858956e-01 ]
      - [ 1.14705883e-01, 1.08823530e-01, 7.64705911e-02, 6.76470622e-02,
          1.29411772e-01, 8.52941200e-02, 1.05882354e-01, 5.58823533e-02,
          1.61764711e-01, 9.41176489e-02 ]
      - [ 1.45328730e-01, 7.95847774e-02, 6.92041516e-02, 7.61245713e-02,
          1.34948105e-01, 1.66089967e-01, 6.92041516e-02, 8.99654031e-02,
          1.03806235e-01, 6.57439455e-02 ]
      - [ 1.11607149e-01, 5.35714328e-02, 1.11607149e-01, 9.37500075e-02,
          9.82142910e-02, 5.80357164e-02, 1.07142866e-01, 1.11607149e-01,
          1.38392866e-01, 1.16071433e-01 ]
      - [ 1.62544176e-01, 6.36042431e-02, 1.27208486e-01, 8.48056525e-02,
          1.23674914e-01, 1.20141342e-01, 8.83392245e-02, 8.83392245e-02,
          7.06713796e-02, 7.06713796e-02 ]
      - [ 1.57458574e-01, 7.18232095e-02, 6.07734844e-02, 5.24861887e-02,
          1.51933715e-01, 9.94475186e-02, 1.71270728e-01, 3.86740342e-02,
          7.45856389e-02, 1.21546969e-01 ]
      - [ 9.28143710e-02, 1.19760484e-01, 8.68263543e-02, 1.19760484e-01,
          9.28143710e-02, 4.79041934e-02, 1.13772459e-01, 8.08383226e-02,
          1.22754499e-01, 1.22754499e-01 ]
      - [ 1.24365479e-01, 7.36040622e-02, 1.14213198e-01, 8.62944126e-02,
          1.09137051e-01, 1.16751269e-01, 1.14213198e-01, 7.61421323e-02,
          9.39086303e-02, 9.13705528e-02 ]
      - [ 1.39534891e-01, 8.06201547e-02, 1.08527131e-01, 1.12403102e-01,
          1.40310079e-01, 8.75969008e-02, 8.91472846e-02, 5.81395328e-02,
          6.82170540e-02, 1.15503877e-01 ]
      - [ 8.15450624e-02, 6.00858368e-02, 1.07296139e-01, 1.28755361e-01,
          9.01287571e-02, 3.86266112e-02, 1.54506445e-01, 9.44205970e-02,
          1.15879826e-01, 1.28755361e-01 ]
      - [ 1.01045296e-01, 8.36236924e-02, 1.56794429e-01, 5.92334494e-02,
          1.21951222e-01, 8.01393762e-02, 1.28919855e-01, 6.62020892e-02,
          1.08013935e-01, 9.40766558e-02 ]
      - [ 1.13861382e-01, 9.90099013e-02, 1.63366333e-01, 3.46534662e-02,
          1.08910888e-01, 9.40594077e-02, 7.92079195e-02, 8.91089067e-02,
          6.93069324e-02, 1.48514852e-01 ]
      - [ 9.23076943e-02, 1.05494514e-01, 1.23076931e-01, 1.50549456e-01,
          1.02197804e-01, 4.72527482e-02, 9.67032984e-02, 7.14285746e-02,
          1.09890118e-01, 1.01098903e-01 ]
      - [ 1.29709110e-01, 1.22556038e-01, 4.43490706e-02, 4.53028157e-02,
          1.41154036e-01, 1.36385322e-01, 1.06819272e-01, 6.58082962e-02,
          1.18264191e-01, 8.96518826e-02 ]
      - [ 1.18609406e-01, 1.06339470e-01, 9.20245349e-02, 1.10429443e-01,
          9.61145163e-02, 5.72597124e-02, 9.20245349e-02, 1.28834352e-01,
          9.81595069e-02, 1.00204498e-01 ]
      - [ 1.22340418e-01, 1.15248226e-01, 1.13475174e-01, 1.47163123e-01,
          1.24113470e-01, 6.38297871e-02, 7.97872320e-02, 6.20567352e-02,
          9.57446769e-02, 7.62411356e-02 ]
      - [ 1.20930232e-01, 4.41860482e-02, 1.11627907e-01, 9.30232555e-02,
          1.37209296e-01, 1.04651161e-01, 1.02325581e-01, 6.51162788e-02,
          1.46511629e-01, 7.44186044e-02 ]
      - [ 1.42408371e-01, 9.52879563e-02, 9.52879563e-02, 1.06806286e-01,
          1.49738222e-01, 8.37696344e-02, 8.58638734e-02, 4.18848172e-02,
          7.12041855e-02, 1.27748698e-01 ]
      - [ 1.01382487e-01, 9.21659023e-02, 1.33640558e-01, 1.18663594e-01,
          1.07142858e-01, 4.49308753e-02, 7.48847947e-02, 1.07142858e-01,
          1.31336406e-01, 8.87096748e-02 ]
      - [ 1.19140625e-01, 7.42187500e-02, 6.44531250e-02, 4.88281250e-02,
          1.13281250e-01, 1.15234375e-01, 1.30859375e-01, 1.15234375e-01,
          1.11328125e-01, 1.07421875e-01 ]
      - [ 1.02574930e-01, 9.37104300e-02, 1.05529763e-01, 6.92275241e-02,
          1.04685523e-01, 6.54284507e-02, 9.62431431e-02, 1.19881809e-01,
          1.42676234e-01, 1.00042216e-01 ]
      - [ 1.00147277e-01, 6.92194402e-02, 1.22238584e-01, 8.98379982e-02,
          1.29602358e-01, 9.72017646e-02, 8.83652419e-02, 8.24742243e-02,
          1.14874817e-01, 1.06038295e-01 ]
      - [ 1.27887785e-01, 1.42739281e-01, 9.48844925e-02, 1.75742581e-01,
          1.18811883e-01, 8.99339989e-02, 7.09570944e-02, 4.95049506e-02,
          7.09570944e-02, 5.85808605e-02 ]
      - [ 1.54901966e-01, 2.35294141e-02, 1.00000009e-01, 8.82352963e-02,
          1.68627456e-01, 1.03921577e-01, 7.45098069e-02, 1.27450988e-01,
          8.43137279e-02, 7.45098069e-02 ]
      - [ 1.26794249e-01, 3.34928222e-02, 1.79425836e-01, 6.22009560e-02,
          1.57894731e-01, 1.31578937e-01, 7.17703328e-02, 1.26794249e-01,
          5.74162677e-02, 5.26315756e-02 ]
      - [ 1.86170205e-01, 3.19148935e-02, 6.91489354e-02, 1.27659574e-01,
          1.64893612e-01, 1.59574468e-02, 1.22340418e-01, 7.44680837e-02,
          1.17021270e-01, 9.04255286e-02 ]
      - [ 1.62746340e-01, 5.02225049e-02, 6.42085150e-02, 3.56007628e-02,
          1.48124605e-01, 2.04704374e-01, 9.53591838e-02, 5.65797836e-02,
          7.75588006e-02, 1.04895100e-01 ]
      - [ 1.05263151e-01, 1.35422826e-01, 6.20934330e-02, 7.45121166e-02,
          1.14725009e-01, 7.80603141e-02, 8.45653415e-02, 9.75753963e-02,
          1.62034288e-01, 8.57480764e-02 ]
      - [ 1.43958867e-01, 8.99742916e-02, 6.16966560e-02, 5.91259636e-02,
          1.61953732e-01, 7.45501295e-02, 1.36246786e-01, 5.65552711e-02,
          7.96915144e-02, 1.36246786e-01 ]
      - [ 1.07351229e-01, 1.21353559e-01, 1.82030335e-01, 1.47024512e-01,
          1.13185532e-01, 4.78413068e-02, 7.00116679e-02, 5.83430566e-02,
          7.46791139e-02, 7.81796947e-02 ]
      - [ 1.28672749e-01, 1.40830815e-01, 5.06585650e-02, 1.10435672e-01,
          1.36778116e-01, 5.97771071e-02, 1.07396156e-01, 2.93819662e-02,
          1.30699098e-01, 1.05369814e-01 ]
      - [ 9.29174796e-02, 9.29174796e-02, 1.21507473e-01, 1.04613386e-01,
          1.09811567e-01, 6.75763488e-02, 7.08252117e-02, 1.17608838e-01,
          1.52046785e-01, 7.01754391e-02 ]
      - [ 1.27868846e-01, 4.91803288e-02, 1.14754096e-01, 6.55737668e-02,
          1.50819674e-01, 7.21311495e-02, 1.47540987e-01, 3.60655747e-02,
          1.24590166e-01, 1.11475408e-01 ]
      - [ 1.18397087e-01, 9.83606577e-02, 1.47540987e-01, 1.25683054e-01,
          9.10746828e-02, 2.55009104e-02, 1.36612028e-01, 6.37522787e-02,
          6.19307831e-02, 1.31147534e-01 ]
      - [ 1.38769671e-01, 9.29899886e-02, 7.58226067e-02, 9.58512202e-02,
          1.45922750e-01, 7.86838382e-02, 9.15593728e-02, 5.57939932e-02,
          1.27324760e-01, 9.72818360e-02 ]
      - [ 1.48936167e-01, 6.11702092e-02, 7.97872320e-02, 7.18085095e-02,
          1.30319148e-01, 1.03723399e-01, 1.14361696e-01, 8.24468061e-02,
          8.77659544e-02, 1.19680844e-01 ]
      - [ 1.25475287e-01, 1.06463879e-01, 1.29277572e-01, 1.06463879e-01,
          1.44486696e-01, 4.18250933e-02, 1.02661595e-01, 2.66159698e-02,
          1.02661595e-01, 1.14068441e-01 ]
      - [ 8.35579485e-02, 9.43396240e-02, 1.42857134e-01, 1.02425873e-01,
          1.34770885e-01, 1.18598379e-01, 9.43396240e-02, 6.73854426e-02,
          9.16442052e-02, 7.00808614e-02 ]
      - [ 1.41369045e-01, 8.70535746e-02, 1.10863097e-01, 1.36904761e-01,
          1.36904761e-01, 9.74702388e-02, 7.58928582e-02, 6.17559552e-02,
          8.25892836e-02, 6.91964328e-02 ]
      - [ 1.12994350e-01, 9.60451961e-02, 1.12994350e-01, 1.01694912e-01,
          1.24293789e-01, 7.90960491e-02, 1.12994350e-01, 1.18644066e-01,
          8.47457647e-02, 5.64971752e-02 ]
      - [ 1.23348013e-01, 8.37004334e-02, 9.25110132e-02, 1.51982367e-01,
          1.21145368e-01, 7.04845786e-02, 9.25110132e-02, 5.50660789e-02,
          1.32158577e-01, 7.70925060e-02 ]
      - [ 1.23339660e-01, 9.48766619e-02, 1.17647059e-01, 5.88235296e-02,
          1.36622384e-01, 9.29791257e-02, 1.00569256e-01, 5.88235296e-02,
          1.08159393e-01, 1.08159393e-01 ]
      - [ 1.28787875e-01, 7.19697028e-02, 2.12121218e-01, 9.46969688e-02,
          1.32575765e-01, 6.43939376e-02, 1.06060609e-01, 1.51515156e-02,
          9.09090936e-02, 8.33333358e-02 ]
      - [ 1.19515009e-01, 9.65646654e-02, 4.95092385e-02, 6.07678965e-02,
          1.22979216e-01, 1.15617782e-01, 8.22748244e-02, 1.25288680e-01,
          1.44630477e-01, 8.28521922e-02 ]
      - [ 1.16504855e-01, 1.42394826e-01, 6.79611638e-02, 1.26213595e-01,
          1.19741105e-01, 7.11974129e-02, 7.44336620e-02, 6.14886768e-02,
          1.03559874e-01, 1.16504855e-01 ]
      - [ 1.28487512e-01, 7.04845786e-02, 7.12187961e-02, 5.80029376e-02,
          1.45374447e-01, 1.12334803e-01, 8.73715132e-02, 1.15271658e-01,
          1.29221737e-01, 8.22320133e-02 ]
      - [ 1.45637035e-01, 3.60508002e-02, 5.94018847e-02, 2.70380992e-02,
          1.54035226e-01, 2.09135592e-01, 9.45309326e-02, 8.82834867e-02,
          8.58254805e-02, 1.00061446e-01 ]
      - [ 1.34853661e-01, 5.54857254e-02, 6.37457371e-02, 6.75166100e-02,
          1.28389299e-01, 1.58197165e-01, 1.24618426e-01, 7.23648742e-02,
          7.41605312e-02, 1.20667987e-01 ]
      - [ 1.49156943e-01, 1.03761345e-01, 7.39299580e-02, 7.26329461e-02,
          1.42671853e-01, 1.06355384e-01, 9.72762629e-02, 6.22568093e-02,
          1.02464333e-01, 8.94941613e-02 ]
      - [ 1.19101122e-01, 1.68539330e-01, 5.61797768e-02, 1.10112362e-01,
          1.10112362e-01, 1.12359554e-01, 9.21348333e-02, 6.96629211e-02,
          7.41573051e-02, 8.76404494e-02 ]
      - [ 1.54471546e-01, 5.69105670e-02, 6.91056848e-02, 1.62601620e-02,
          1.58536583e-01, 1.21951215e-01, 1.46341458e-01, 8.53658468e-02,
          6.91056848e-02, 1.21951215e-01 ]
      - [ 1.09845400e-01, 1.08218059e-01, 1.48901537e-01, 7.81122893e-02,
          9.92676988e-02, 1.07404396e-01, 6.83482513e-02, 8.70626494e-02,
          1.28559798e-01, 6.42798990e-02 ]
      - [ 1.02691926e-01, 1.31605193e-01, 5.18444665e-02, 7.57726803e-02,
          1.16650052e-01, 1.02691926e-01, 6.18145578e-02, 1.16650052e-01,
          1.82452649e-01, 5.78265227e-02 ]
      - [ 1.33093521e-01, 1.90647483e-01, 2.51798574e-02, 1.33093521e-01,
          1.43884897e-01, 2.51798574e-02, 1.07913673e-01, 3.23741026e-02,
          7.19424486e-02, 1.36690646e-01 ]
      - [ 1.00000001e-01, 1.18660286e-01, 1.25837326e-01, 8.27751160e-02,
          9.33014378e-02, 5.31100482e-02, 7.27272704e-02, 1.44976079e-01,
          1.34928226e-01, 7.36842081e-02 ]
      - [ 1.22047246e-01, 9.44881886e-02, 3.14960629e-02, 7.87401572e-03,
          1.41732275e-01, 1.41732275e-01, 1.02362201e-01, 1.14173226e-01,
          1.41732275e-01, 1.02362201e-01 ]
      - [ 1.29296228e-01, 1.51554823e-01, 6.35024533e-02, 1.08510636e-01,
          1.32405892e-01, 8.24877247e-02, 6.08837977e-02, 5.23731560e-02,
          1.60556465e-01, 5.84288053e-02 ]
      - [ 9.71866995e-02, 1.22762144e-01, 6.39386177e-02, 3.83631699e-02,
          9.97442454e-02, 6.64961636e-02, 1.04859337e-01, 1.07416876e-01,
          1.56010225e-01, 1.43222511e-01 ]
      - [ 1.44044310e-01, 1.28808856e-01, 6.50969520e-02, 9.69529077e-02,
          1.41274229e-01, 5.67867011e-02, 1.16343483e-01, 5.12465350e-02,
          9.55678672e-02, 1.03878111e-01 ]
      - [ 9.70695987e-02, 2.38095239e-01, 3.84615399e-02, 1.42857149e-01,
          9.15750936e-02, 3.84615399e-02, 7.32600763e-02, 6.22710623e-02,
          1.39194146e-01, 7.87545815e-02 ]
      - [ 9.81308371e-02, 2.33644843e-02, 1.16822429e-01, 6.54205605e-02,
          1.07476629e-01, 4.20560725e-02, 1.44859806e-01, 1.86915874e-01,
          1.07476629e-01, 1.07476629e-01 ]
      - [ 1.27941176e-01, 6.61764741e-02, 1.23529412e-01, 7.05882385e-02,
          1.14705883e-01, 6.61764741e-02, 8.97058845e-02, 1.04411766e-01,
          1.50000006e-01, 8.67647082e-02 ]
      - [ 1.20320857e-01, 1.09625667e-01, 9.35828909e-02, 1.49732620e-01,
          1.12299465e-01, 6.68449178e-02, 9.09090936e-02, 5.61497323e-02,
          9.09090936e-02, 1.09625667e-01 ]
      - [ 1.53284669e-01, 7.29926974e-02, 1.10948898e-01, 4.23357636e-02,
          1.24087587e-01, 7.88321123e-02, 7.59124085e-02, 1.06569342e-01,
          1.47445247e-01, 8.75912383e-02 ]
      - [ 1.28712863e-01, 8.91089067e-02, 2.07920790e-01, 1.28712863e-01,
          1.18811876e-01, 9.90098994e-03, 9.90099013e-02, 3.96039598e-02,
          1.08910888e-01, 6.93069324e-02 ]
      - [ 1.09271526e-01, 9.27152336e-02, 1.42384112e-01, 2.31788084e-01,
          1.09271526e-01, 3.97351012e-02, 7.61589408e-02, 4.96688746e-02,
          8.60927179e-02, 6.29139096e-02 ]
      - [ 8.96861032e-02, 1.30044848e-01, 1.12107627e-01, 1.43497765e-01,
          9.41704065e-02, 5.82959652e-02, 7.17488825e-02, 1.07623324e-01,
          1.34529158e-01, 5.82959652e-02 ]
      - [ 1.06334843e-01, 8.37104097e-02, 1.69683263e-01, 1.06334843e-01,
          1.24434397e-01, 4.07239832e-02, 1.26696840e-01, 6.33484200e-02,
          8.37104097e-02, 9.50226262e-02 ]
      - [ 1.34831458e-01, 7.86516890e-02, 1.61516860e-01, 1.16573036e-01,
          1.25000000e-01, 6.60112351e-02, 8.28651711e-02, 5.61797768e-02,
          9.55056176e-02, 8.28651711e-02 ]
      - [ 1.10169493e-01, 1.27118647e-01, 9.11016986e-02, 1.56779662e-01,
          1.18644066e-01, 5.50847463e-02, 1.03813559e-01, 3.60169485e-02,
          9.32203382e-02, 1.08050846e-01 ]
      - [ 1.15789481e-01, 1.10526323e-01, 1.36842117e-01, 9.21052694e-02,
          1.07894741e-01, 6.31579012e-02, 7.10526332e-02, 1.21052638e-01,
          1.15789481e-01, 6.57894760e-02 ]
      - [ 1.06468998e-01, 1.19946092e-01, 1.50943398e-01, 1.29380047e-01,
          1.02425873e-01, 4.44743931e-02, 7.54716992e-02, 6.46900237e-02,
          1.33423179e-01, 7.27762803e-02 ]
      - [ 1.28749996e-01, 1.06249996e-01, 1.38750002e-01, 8.99999961e-02,
          1.25000000e-01, 7.37499967e-02, 1.01250000e-01, 5.24999984e-02,
          1.06249996e-01, 7.75000006e-02 ]
      - [ 1.23529412e-01, 9.11764726e-02, 1.41176477e-01, 8.52941200e-02,
          1.20588236e-01, 8.52941200e-02, 1.14705883e-01, 9.41176489e-02,
          8.82352963e-02, 5.58823533e-02 ]
      - [ 1.54639170e-01, 7.98969045e-02, 8.50515440e-02, 6.18556663e-02,
          1.70103088e-01, 7.21649453e-02, 8.76288638e-02, 7.73195848e-02,
          1.13402061e-01, 9.79381427e-02 ]
      - [ 1.44578323e-01, 4.81927730e-02, 1.06024101e-01, 7.71084353e-02,
          1.56626508e-01, 1.10843375e-01, 8.91566277e-02, 7.95180723e-02,
          8.67469907e-02, 1.01204820e-01 ]
      - [ 1.46341458e-01, 9.14634094e-02, 7.62195066e-02, 3.04878037e-02,
          1.70731694e-01, 1.21951215e-01, 7.31707290e-02, 7.01219514e-02,
          1.40243903e-01, 7.92682916e-02 ]
      - [ 1.48148149e-01, 6.94444478e-02, 1.15740739e-01, 6.71296269e-02,
          1.50462970e-01, 1.18055560e-01, 9.95370373e-02, 9.02777761e-02,
          8.10185224e-02, 6.01851866e-02 ]
      - [ 1.30081296e-01, 4.06504050e-02, 1.74796745e-01, 6.09756075e-02,
          1.46341458e-01, 1.13821134e-01, 9.34959352e-02, 6.91056848e-02,
          1.21951215e-01, 4.87804860e-02 ]
      - [ 1.61585361e-01, 4.87804860e-02, 8.84146318e-02, 7.92682916e-02,
          1.40243903e-01, 1.34146333e-01, 8.53658468e-02, 9.14634094e-02,
          1.00609750e-01, 7.01219514e-02 ]
      - [ 1.34703189e-01, 6.39269352e-02, 1.14155248e-01, 1.00456618e-01,
          1.57534242e-01, 8.90410915e-02, 6.62100464e-02, 9.58904102e-02,
          1.09589040e-01, 6.84931502e-02 ]
      - [ 1.59680635e-01, 6.58682659e-02, 9.78043899e-02, 6.58682659e-02,
          1.43712580e-01, 1.05788425e-01, 1.45708576e-01, 6.38722554e-02,
          4.79041934e-02, 1.03792414e-01 ]
      - [ 1.15138598e-01, 8.10234547e-02, 1.47121534e-01, 1.13006398e-01,
          1.21535182e-01, 7.24946707e-02, 8.52878466e-02, 6.82302788e-02,
          1.10874206e-01, 8.52878466e-02 ]
      - [ 1.33744851e-01, 7.61316866e-02, 8.64197537e-02, 1.04938269e-01,
          1.35802463e-01, 8.02469105e-02, 9.46502015e-02, 6.58436194e-02,
          1.25514403e-01, 9.67078134e-02 ]
      - [ 1.49206355e-01, 2.85714287e-02, 8.88888910e-02, 6.82539716e-02,
          1.60317466e-01, 1.88888893e-01, 9.04761925e-02, 6.03174604e-02,
          7.46031776e-02, 9.04761925e-02 ]
      - [ 1.25673249e-01, 8.97666067e-02, 7.54039511e-02, 1.02333933e-01,
          1.54398561e-01, 9.51526091e-02, 8.43806118e-02, 8.61759484e-02,
          1.18491925e-01, 6.82226196e-02 ]
      - [ 1.37931034e-01, 3.44827585e-02, 8.12807903e-02, 9.60591137e-02,
          1.82266012e-01, 1.18226603e-01, 1.33004919e-01, 4.67980281e-02,
          7.14285672e-02, 9.85221639e-02 ]
      - [ 1.50170639e-01, 5.46075068e-02, 1.80887371e-01, 2.73037534e-02,
          1.05802044e-01, 8.19112584e-02, 1.09215014e-01, 7.50853196e-02,
          1.16040953e-01, 9.89761055e-02 ]
      - [ 1.70686454e-01, 6.49350658e-02, 7.05009252e-02, 3.89610380e-02,
          1.87384039e-01, 1.26159549e-01, 9.83302444e-02, 6.49350658e-02,
          8.90538022e-02, 8.90538022e-02 ]
      - [ 1.51335314e-01, 5.04451022e-02, 1.60237387e-01, 8.90207738e-02,
          1.54302672e-01, 1.36498511e-01, 6.52818978e-02, 5.34124635e-02,
          6.52818978e-02, 7.41839781e-02 ]
      - [ 1.58854172e-01, 5.98958358e-02, 1.25000000e-01, 9.89583358e-02,
          1.35416672e-01, 9.11458358e-02, 1.01562500e-01, 6.51041716e-02,
          5.46875000e-02, 1.09375000e-01 ]
      - [ 7.93650821e-02, 1.19047631e-02, 1.42857149e-01, 7.53968284e-02,
          1.15079373e-01, 7.14285746e-02, 3.96825410e-02, 1.94444463e-01,
          2.26190493e-01, 4.36507948e-02 ]
      - [ 1.99658692e-01, 4.60750833e-02, 8.36177468e-02, 3.75426598e-02,
          1.63822517e-01, 1.00682594e-01, 1.36518762e-01, 7.50853196e-02,
          5.97269610e-02, 9.72696245e-02 ]
      - [ 1.69724762e-01, 3.89908254e-02, 1.44495413e-01, 5.27522899e-02,
          1.65137604e-01, 1.62844032e-01, 5.96330240e-02, 7.33944923e-02,
          5.96330240e-02, 7.33944923e-02 ]
      - [ 1.82072833e-01, 5.88235296e-02, 1.00840338e-01, 5.32212891e-02,
          1.54061630e-01, 1.40056029e-01, 1.03641458e-01, 4.48179282e-02,
          6.72268942e-02, 9.52380970e-02 ]
      - [ 1.17647059e-01, 4.34782617e-02, 1.07416876e-01, 6.64961636e-02,
          1.53452680e-01, 9.71866995e-02, 9.20716077e-02, 1.27877235e-01,
          1.20204605e-01, 7.41687939e-02 ]
      - [ 1.17994100e-01, 7.07964599e-02, 1.17994100e-01, 5.01474924e-02,
          1.76991150e-01, 8.84955749e-02, 1.03244841e-01, 7.66961649e-02,
          1.06194690e-01, 9.14454311e-02 ]
      - [ 1.26470596e-01, 6.17647059e-02, 1.32352948e-01, 5.88235296e-02,
          1.23529412e-01, 8.82352963e-02, 9.41176489e-02, 1.29411772e-01,
          9.70588252e-02, 8.82352963e-02 ]
      - [ 1.26245841e-01, 7.97342211e-02, 1.22923583e-01, 7.30896965e-02,
          1.29568100e-01, 5.64784035e-02, 1.06312290e-01, 1.26245841e-01,
          9.30232555e-02, 8.63787383e-02 ]
      - [ 1.90709054e-01, 6.84596598e-02, 1.24694385e-01, 5.62347211e-02,
          1.56479225e-01, 1.24694385e-01, 7.33496398e-02, 6.35696873e-02,
          7.82396123e-02, 6.35696873e-02 ]
      - [ 1.33828998e-01, 4.83271368e-02, 1.37546465e-01, 6.69144988e-02,
          1.82156131e-01, 1.00371748e-01, 5.20446077e-02, 9.29367989e-02,
          1.04089215e-01, 8.17843825e-02 ]
      - [ 1.04316548e-01, 4.31654677e-02, 2.19424471e-01, 8.63309354e-02,
          1.40287772e-01, 6.11510798e-02, 5.39568365e-02, 8.99280608e-02,
          1.29496410e-01, 7.19424486e-02 ]
      - [ 1.22775801e-01, 9.96441245e-02, 1.19217083e-01, 1.24555156e-01,
          1.24555156e-01, 7.29537383e-02, 9.96441245e-02, 4.98220623e-02,
          7.47330934e-02, 1.12099640e-01 ]
      - [ 1.57392696e-01, 1.31955490e-01, 6.67726547e-02, 9.37996805e-02,
          1.30365655e-01, 8.58505592e-02, 1.01748809e-01, 6.04133569e-02,
          7.79014304e-02, 9.37996805e-02 ]
      - [ 1.95583597e-01, 5.83596230e-02, 6.94006309e-02, 4.41640392e-02,
          1.97160885e-01, 9.62145105e-02, 1.23028390e-01, 4.25867513e-02,
          5.04731871e-02, 1.23028390e-01 ]
      - [ 1.25295505e-01, 9.69267115e-02, 8.27423185e-02, 8.03782493e-02,
          1.48936167e-01, 6.61938563e-02, 1.13475174e-01, 7.32860491e-02,
          1.11111112e-01, 1.01654850e-01 ]
   decision_functions:
      -
         sv_count: 185
         rho: -1.0137820546446135e+00
         alpha: [ 1.0000000000000001e-01, 1.0000000000000001e-01,
             1.0000000000000001e-01, 1.0000000000000001e-01,
             1.0000000000000001e-01, 1.0000000000000001e-01,
             1.0000000000000001e-01, 6.0300408668080063e-02,
             1.0000000000000001e-01, 5.6496127640216116e-02,
             1.0000000000000001e-01, 1.0000000000000001e-01,
             1.0000000000000001e-01, 1.0000000000000001e-01,
             1.0000000000000001e-01, 1.0000000000000001e-01,
             1.0000000000000001e-01, 1.0000000000000001e-01,
             1.0000000000000001e-01, 1.0000000000000001e-01,
             1.0000000000000001e-01, 1.0000000000000001e-01,
             1.0000000000000001e-01, 1.0000000000000001e-01,
             1.0000000000000001e-01, 7.4248277819302683e-02,
             1.0000000000000001e-01, 9.8493904598686344e-02,
             1.0000000000000001e-01, 1.0000000000000001e-01,
             1.0000000000000001e-01, 1.0000000000000001e-01,
             1.3063590762495067e-02, 1.0000000000000001e-01,
             1.0000000000000001e-01, 1.0000000000000001e-01,
             1.0000000000000001e-01, 1.0000000000000001e-01,
             1.0000000000000001e-01, 1.0000000000000001e-01,
             1.0000000000000001e-01, 1.0000000000000001e-01,
             1.0000000000000001e-01, 1.0000000000000001e-01,
             2.5751722180697323e-02, 1.0000000000000001e-01,
             4.3503872359783889e-02, 1.0000000000000001e-01,
             1.0000000000000001e-01, 1.0000000000000001e-01,
             1.0000000000000001e-01, 1.0000000000000001e-01,
             1.0000000000000001e-01, 1.0000000000000001e-01,
             6.6086752322476128e-02, 1.0000000000000001e-01,
             1.0000000000000001e-01, 5.7726631346541324e-02,
             1.0000000000000001e-01, 1.0000000000000001e-01,
             1.0000000000000001e-01, 1.0000000000000001e-01,
             1.0000000000000001e-01, 1.0000000000000001e-01,
             1.0000000000000001e-01, 1.0000000000000001e-01,
             3.3913247677523878e-02, 4.2273368653458682e-02,
             1.0000000000000001e-01, 3.9699591331919935e-02,
             1.0000000000000001e-01, 7.2335014221227262e-02,
             1.0000000000000001e-01, 1.0000000000000001e-01,
             1.0000000000000001e-01, 1.0000000000000001e-01,
             1.0000000000000001e-01, 1.0000000000000001e-01,
             1.0000000000000001e-01, 1.0000000000000001e-01,
             1.0000000000000001e-01, 1.0000000000000001e-01,
             1.0000000000000001e-01, 1.0000000000000001e-01,
             1.0000000000000001e-01, 8.6936409237504939e-02,
             1.0000000000000001e-01, 1.0000000000000001e-01,
             1.0000000000000001e-01, 1.0000000000000001e-01,
             1.0000000000000001e-01, 1.0000000000000001e-01,
             2.9171081180086406e-02, 1.0000000000000001e-01,
             1.0000000000000001e-01, 1.0000000000000001e-01,
             -1.0000000000000001e-01, -1.0000000000000001e-01,
             -1.0000000000000001e-01, -1.0000000000000001e-01,
             -1.0000000000000001e-01, -1.0000000000000001e-01,
             -1.0000000000000001e-01, -1.0000000000000001e-01,
             -1.0000000000000001e-01, -1.0000000000000001e-01,
             -1.0000000000000001e-01, -1.0000000000000001e-01,
             -1.0000000000000001e-01, -1.0000000000000001e-01,
             -1.0000000000000001e-01, -1.0000000000000001e-01,
             -1.0000000000000001e-01, -1.0000000000000001e-01,
             -1.0000000000000001e-01, -1.0000000000000001e-01,
             -1.0000000000000001e-01, -1.0000000000000001e-01,
             -1.0000000000000001e-01, -1.0000000000000001e-01,
             -1.0000000000000001e-01, -1.0000000000000001e-01,
             -1.0000000000000001e-01, -1.0000000000000001e-01,
             -1.0000000000000001e-01, -1.0000000000000001e-01,
             -1.0000000000000001e-01, -1.0000000000000001e-01,
             -1.0000000000000001e-01, -1.0000000000000001e-01,
             -1.0000000000000001e-01, -1.0000000000000001e-01,
             -1.0000000000000001e-01, -1.0000000000000001e-01,
             -1.0000000000000001e-01, -1.0000000000000001e-01,
             -1.0000000000000001e-01, -1.0000000000000001e-01,
             -1.0000000000000001e-01, -1.0000000000000001e-01,
             -1.0000000000000001e-01, -1.0000000000000001e-01,
             -1.0000000000000001e-01, -1.0000000000000001e-01,
             -1.0000000000000001e-01, -1.0000000000000001e-01,
             -1.0000000000000001e-01, -1.0000000000000001e-01,
             -1.0000000000000001e-01, -1.0000000000000001e-01,
             -1.0000000000000001e-01, -1.0000000000000001e-01,
             -1.0000000000000001e-01, -1.0000000000000001e-01,
             -1.0000000000000001e-01, -1.0000000000000001e-01,
             -1.0000000000000001e-01, -1.0000000000000001e-01,
             -1.0000000000000001e-01, -1.0000000000000001e-01,
             -1.0000000000000001e-01, -1.0000000000000001e-01,
             -1.0000000000000001e-01, -1.0000000000000001e-01,
             -1.0000000000000001e-01, -1.0000000000000001e-01,
             -1.0000000000000001e-01, -1.0000000000000001e-01,
             -1.0000000000000001e-01, -1.0000000000000001e-01,
             -1.0000000000000001e-01, -1.0000000000000001e-01,
             -1.0000000000000001e-01, -1.0000000000000001e-01,
             -1.0000000000000001e-01, -1.0000000000000001e-01,
             -1.0000000000000001e-01, -1.0000000000000001e-01,
             -1.0000000000000001e-01, -1.0000000000000001e-01,
             -1.0000000000000001e-01, -1.0000000000000001e-01,
             -1.0000000000000001e-01, -1.0000000000000001e-01,
             -1.0000000000000001e-01 ]
         index: [ 0, 1, 2, 3, 4, 5, 6, 7, 8, 9, 10, 11, 12, 13, 14, 15,
             16, 17, 18, 19, 20, 21, 22, 23, 24, 25, 26, 27, 28, 29, 30,
             31, 32, 159, 160, 161, 162, 163, 164, 165, 166, 167, 168,
             169, 170, 171, 172, 173, 174, 175, 176, 177, 178, 179, 180,
             181, 182, 183, 184, 122, 123, 124, 125, 126, 127, 128, 129,
             130, 131, 132, 133, 134, 135, 136, 137, 138, 139, 140, 141,
             142, 143, 144, 145, 146, 147, 148, 149, 150, 151, 152, 153,
             154, 155, 156, 157, 158, 33, 34, 35, 36, 37, 38, 39, 40, 41,
             42, 43, 44, 45, 46, 47, 48, 49, 50, 51, 52, 53, 54, 55, 56,
             57, 58, 59, 60, 61, 62, 63, 64, 65, 66, 67, 68, 69, 70, 71,
             72, 73, 74, 75, 76, 77, 78, 79, 80, 81, 82, 83, 84, 85, 86,
             87, 88, 89, 90, 91, 92, 93, 94, 95, 96, 97, 98, 99, 100,
             101, 102, 103, 104, 105, 106, 107, 108, 109, 110, 111, 112,
             113, 114, 115, 116, 117, 118, 119, 120, 121 ]
