%YAML:1.0
---
opencv_ml_svm:
   format: 3
   svmType: C_SVC
   kernel:
      type: LINEAR
   C: 1.0000000000000001e-01
   term_criteria: { iterations:100 }
   var_count: 10
   class_count: 2
   class_labels: !!opencv-matrix
      rows: 2
      cols: 1
      dt: i
      data: [ 0, 1 ]
   sv_total: 1
   support_vectors:
      - [ 2.62679625e-02, 2.74605514e-03, 9.48674046e-03, 4.14256006e-03,
          -5.69628552e-03, 6.02110580e-04, -5.54258237e-03,
          -3.38812685e-03, -7.83716515e-03, -2.07812414e-02 ]
   uncompressed_sv_total: 181
   uncompressed_support_vectors:
      - [ 9.99999940e-02, 1.27272725e-01, 7.72727281e-02, 1.36363626e-01,
          1.18181817e-01, 7.27272704e-02, 1.22727267e-01, 8.63636360e-02,
          6.81818128e-02, 9.09090862e-02 ]
      - [ 1.04166672e-01, 1.14583336e-01, 8.33333358e-02, 8.33333358e-02,
          1.09375000e-01, 6.25000000e-02, 1.40625000e-01, 4.68750000e-02,
          1.04166672e-01, 1.51041672e-01 ]
      - [ 1.13725498e-01, 9.01960805e-02, 7.05882385e-02, 7.45098069e-02,
          1.68627456e-01, 9.41176564e-02, 1.52941182e-01, 3.92156877e-02,
          5.88235334e-02, 1.37254909e-01 ]
      - [ 9.81308371e-02, 6.54205605e-02, 1.16822429e-01, 1.12149529e-01,
          1.40186906e-01, 7.47663528e-02, 1.58878505e-01, 3.27102803e-02,
          3.73831764e-02, 1.63551390e-01 ]
      - [ 1.09004743e-01, 1.23222753e-01, 9.95260701e-02, 1.09004743e-01,
          1.32701427e-01, 7.58293867e-02, 1.04265407e-01, 4.73933667e-02,
          9.47867334e-02, 1.04265407e-01 ]
      - [ 1.05022825e-01, 1.32420093e-01, 1.05022825e-01, 1.05022825e-01,
          9.13241953e-02, 7.30593577e-02, 9.58904102e-02, 7.76255652e-02,
          9.58904102e-02, 1.18721455e-01 ]
      - [ 1.33757964e-01, 1.84713379e-01, 5.09554148e-02, 1.91082805e-01,
          1.01910830e-01, 3.82165611e-02, 1.01910830e-01, 6.36942685e-03,
          7.00636953e-02, 1.21019110e-01 ]
      - [ 8.95522386e-02, 1.14427857e-01, 7.96019882e-02, 1.39303476e-01,
          1.39303476e-01, 7.96019882e-02, 8.45771134e-02, 6.46766126e-02,
          1.14427857e-01, 9.45273638e-02 ]
      - [ 7.06521720e-02, 1.08695656e-01, 1.08695656e-01, 1.41304344e-01,
          1.03260875e-01, 5.97826093e-02, 1.30434781e-01, 5.43478280e-02,
          9.78260860e-02, 1.25000000e-01 ]
      - [ 1.19047627e-01, 9.04761925e-02, 8.57142881e-02, 1.38095245e-01,
          1.04761906e-01, 4.76190485e-02, 1.09523810e-01, 1.00000001e-01,
          6.66666701e-02, 1.38095245e-01 ]
      - [ 9.28961709e-02, 8.19672123e-02, 1.25683054e-01, 1.25683054e-01,
          9.83606502e-02, 4.37158458e-02, 1.36612013e-01, 7.65027329e-02,
          8.74316916e-02, 1.31147534e-01 ]
      - [ 7.36196339e-02, 7.97545984e-02, 1.04294479e-01, 1.84049070e-01,
          9.20245349e-02, 6.13496900e-02, 9.81595069e-02, 7.97545984e-02,
          1.34969324e-01, 9.20245349e-02 ]
      - [ 9.61538479e-02, 8.17307755e-02, 8.17307755e-02, 1.73076928e-01,
          1.34615391e-01, 9.61538479e-02, 1.15384623e-01, 4.32692319e-02,
          8.17307755e-02, 9.61538479e-02 ]
      - [ 1.08280256e-01, 8.28025490e-02, 9.55414027e-02, 1.46496817e-01,
          9.55414027e-02, 2.54777074e-02, 1.40127391e-01, 1.14649683e-01,
          9.55414027e-02, 9.55414027e-02 ]
      - [ 1.05555557e-01, 1.50000006e-01, 7.77777806e-02, 1.72222227e-01,
          1.22222222e-01, 5.00000007e-02, 1.00000001e-01, 4.44444455e-02,
          5.55555560e-02, 1.22222222e-01 ]
      - [ 1.41176477e-01, 1.76470593e-01, 4.70588244e-02, 1.11764707e-01,
          1.41176477e-01, 8.23529437e-02, 6.47058859e-02, 5.29411770e-02,
          7.64705911e-02, 1.05882354e-01 ]
      - [ 1.11111112e-01, 1.79012343e-01, 1.29629627e-01, 1.41975313e-01,
          7.40740746e-02, 4.32098769e-02, 1.17283955e-01, 5.55555560e-02,
          9.25925970e-02, 5.55555560e-02 ]
      - [ 1.50000006e-01, 1.87500000e-01, 6.25000000e-02, 1.06250003e-01,
          1.50000006e-01, 5.00000007e-02, 1.06250003e-01, 3.12500000e-02,
          4.37499993e-02, 1.12500004e-01 ]
      - [ 1.58730149e-01, 1.32275134e-01, 7.40740746e-02, 1.11111104e-01,
          1.64021164e-01, 8.99470896e-02, 9.52380896e-02, 5.29100522e-02,
          5.29100522e-02, 6.87830672e-02 ]
      - [ 1.12970710e-01, 1.12970710e-01, 6.27615079e-02, 1.08786605e-01,
          1.04602508e-01, 6.27615079e-02, 1.25523016e-01, 7.94979036e-02,
          1.08786605e-01, 1.21338911e-01 ]
      - [ 1.25000000e-01, 8.52272734e-02, 9.09090936e-02, 1.19318187e-01,
          1.47727281e-01, 6.25000000e-02, 1.07954547e-01, 8.52272734e-02,
          7.95454532e-02, 9.65909138e-02 ]
      - [ 1.36645973e-01, 1.73913047e-01, 4.34782617e-02, 1.18012428e-01,
          1.36645973e-01, 2.48447210e-02, 9.93788838e-02, 1.11801244e-01,
          2.48447210e-02, 1.30434781e-01 ]
      - [ 1.16022103e-01, 1.49171278e-01, 4.97237593e-02, 1.43646419e-01,
          1.38121545e-01, 6.07734844e-02, 1.43646419e-01, 2.20994484e-02,
          6.62983432e-02, 1.10497244e-01 ]
      - [ 1.53439149e-01, 1.37566134e-01, 7.40740746e-02, 1.69312164e-01,
          1.21693119e-01, 4.23280410e-02, 1.11111104e-01, 3.17460299e-02,
          3.17460299e-02, 1.26984119e-01 ]
      - [ 9.54198465e-02, 1.06870227e-01, 6.48854971e-02, 1.22137405e-01,
          1.41221374e-01, 6.87022880e-02, 1.45038173e-01, 5.34351133e-02,
          1.14503816e-01, 8.77862573e-02 ]
      - [ 1.27139375e-01, 1.49144262e-01, 3.66748199e-02, 4.40097824e-02,
          1.12469442e-01, 9.53545272e-02, 1.02689490e-01, 1.24694385e-01,
          1.12469442e-01, 9.53545272e-02 ]
      - [ 1.41104296e-01, 7.97545984e-02, 1.41104296e-01, 1.10429443e-01,
          1.28834352e-01, 7.36196339e-02, 1.34969324e-01, 1.84049085e-02,
          6.13496900e-02, 1.10429443e-01 ]
      - [ 1.63742691e-01, 9.94152054e-02, 8.77192989e-02, 1.52046785e-01,
          9.35672522e-02, 5.26315793e-02, 1.05263159e-01, 4.09356728e-02,
          8.18713456e-02, 1.22807018e-01 ]
      - [ 1.16731517e-01, 8.56031105e-02, 9.72762629e-02, 7.39299580e-02,
          1.32295713e-01, 9.72762629e-02, 1.36186764e-01, 7.00389072e-02,
          8.17120597e-02, 1.08949415e-01 ]
      - [ 1.15168542e-01, 1.09550565e-01, 1.15168542e-01, 1.12359554e-01,
          1.09550565e-01, 7.58427009e-02, 1.23595506e-01, 3.37078646e-02,
          7.86516890e-02, 1.26404494e-01 ]
      - [ 1.15079373e-01, 5.95238134e-02, 6.74603209e-02, 7.93650821e-02,
          1.26984134e-01, 1.11111119e-01, 1.23015881e-01, 9.12698433e-02,
          1.11111119e-01, 1.15079373e-01 ]
      - [ 1.34328350e-01, 6.34328350e-02, 8.95522386e-02, 5.22388034e-02,
          1.26865670e-01, 1.00746267e-01, 8.58208910e-02, 8.95522386e-02,
          1.52985066e-01, 1.04477607e-01 ]
      - [ 1.14427857e-01, 5.72139286e-02, 1.39303476e-01, 8.70646760e-02,
          1.26865670e-01, 8.20895508e-02, 9.95024890e-02, 1.09452732e-01,
          7.71144256e-02, 1.06965169e-01 ]
      - [ 1.25984251e-01, 4.72440943e-02, 8.26771632e-02, 3.93700786e-02,
          1.37795269e-01, 1.02362201e-01, 7.87401572e-02, 1.37795269e-01,
          1.18110240e-01, 1.29921257e-01 ]
      - [ 1.14406779e-01, 1.16525427e-01, 8.26271176e-02, 9.53389853e-02,
          9.32203382e-02, 7.41525441e-02, 6.35593235e-02, 1.35593221e-01,
          1.77966103e-01, 4.66101691e-02 ]
      - [ 8.48484784e-02, 1.09090909e-01, 1.39393941e-01, 1.09090909e-01,
          1.57575756e-01, 7.87878782e-02, 8.48484784e-02, 7.87878782e-02,
          6.06060587e-02, 9.69696939e-02 ]
      - [ 1.13924056e-01, 1.13924056e-01, 1.26582280e-01, 1.01265825e-01,
          9.49367136e-02, 5.69620281e-02, 1.32911399e-01, 6.96202517e-02,
          1.07594937e-01, 8.22784826e-02 ]
      - [ 1.33333340e-01, 1.42857149e-01, 8.57142881e-02, 1.19047627e-01,
          8.09523836e-02, 7.61904791e-02, 9.52380970e-02, 9.52380970e-02,
          9.52380970e-02, 7.61904791e-02 ]
      - [ 1.45348832e-01, 9.30232555e-02, 6.39534891e-02, 1.74418598e-01,
          1.62790701e-01, 8.72092992e-02, 1.04651161e-01, 2.32558139e-02,
          5.81395347e-03, 1.39534891e-01 ]
      - [ 1.16402112e-01, 1.32275134e-01, 1.21693119e-01, 1.74603164e-01,
          8.46560821e-02, 8.99470896e-02, 9.52380896e-02, 3.70370373e-02,
          5.82010560e-02, 8.99470896e-02 ]
      - [ 1.48351654e-01, 8.79120901e-02, 9.34065953e-02, 1.97802201e-01,
          1.42857149e-01, 8.79120901e-02, 1.26373634e-01, 1.09890113e-02,
          2.19780225e-02, 8.24175850e-02 ]
      - [ 9.04255286e-02, 1.06382973e-01, 1.27659574e-01, 1.27659574e-01,
          1.32978722e-01, 9.57446769e-02, 1.01063825e-01, 4.78723384e-02,
          7.44680837e-02, 9.57446769e-02 ]
      - [ 1.01449274e-01, 8.21256042e-02, 9.66183543e-02, 1.15942031e-01,
          1.06280193e-01, 9.17874351e-02, 1.11111112e-01, 8.21256042e-02,
          8.21256042e-02, 1.30434781e-01 ]
      - [ 1.03448272e-01, 9.35960561e-02, 1.08374380e-01, 1.28078818e-01,
          1.13300487e-01, 6.40394092e-02, 1.18226603e-01, 5.91133013e-02,
          7.38916248e-02, 1.37931034e-01 ]
      - [ 1.04651161e-01, 1.04651161e-01, 1.10465117e-01, 8.72092992e-02,
          1.10465117e-01, 6.39534891e-02, 1.39534891e-01, 6.39534891e-02,
          6.39534891e-02, 1.51162788e-01 ]
      - [ 8.43373463e-02, 9.63855386e-02, 1.62650600e-01, 1.62650600e-01,
          1.14457831e-01, 5.42168655e-02, 1.02409631e-01, 4.21686731e-02,
          7.83132464e-02, 1.02409631e-01 ]
      - [ 1.11111104e-01, 6.87830672e-02, 7.40740746e-02, 7.40740746e-02,
          8.99470896e-02, 8.46560821e-02, 1.48148149e-01, 8.99470896e-02,
          1.64021164e-01, 9.52380896e-02 ]
      - [ 1.08433731e-01, 9.03614461e-02, 9.03614461e-02, 1.32530123e-01,
          7.22891539e-02, 4.21686731e-02, 8.43373463e-02, 1.38554215e-01,
          1.14457831e-01, 1.26506016e-01 ]
      - [ 7.18562901e-02, 8.98203626e-02, 1.07784435e-01, 1.31736532e-01,
          1.31736532e-01, 4.79041934e-02, 9.58083868e-02, 9.58083868e-02,
          1.19760484e-01, 1.07784435e-01 ]
      - [ 1.12956807e-01, 4.31893691e-02, 1.06312290e-01, 4.65116277e-02,
          8.97009969e-02, 8.97009969e-02, 4.31893691e-02, 1.92691028e-01,
          1.99335545e-01, 7.64119551e-02 ]
      - [ 7.64705911e-02, 7.05882385e-02, 1.17647059e-01, 1.35294124e-01,
          8.23529437e-02, 4.70588244e-02, 1.00000001e-01, 1.00000001e-01,
          1.52941182e-01, 1.17647059e-01 ]
      - [ 7.67263398e-02, 6.13810718e-02, 1.32992327e-01, 8.18414316e-02,
          1.35549873e-01, 7.67263398e-02, 6.39386177e-02, 7.92838857e-02,
          1.84143215e-01, 1.07416876e-01 ]
      - [ 9.37500000e-02, 1.31250009e-01, 1.00000001e-01, 1.56250000e-01,
          1.31250009e-01, 6.25000000e-02, 5.62500022e-02, 8.12500045e-02,
          7.50000030e-02, 1.12500004e-01 ]
      - [ 9.25507918e-02, 4.28893901e-02, 1.42212197e-01, 3.38600464e-02,
          1.28668174e-01, 1.08352147e-01, 9.02934521e-02, 1.42212197e-01,
          1.12866819e-01, 1.06094807e-01 ]
      - [ 1.04575165e-01, 9.15032700e-02, 7.84313753e-02, 2.22222224e-01,
          1.17647059e-01, 8.49673226e-02, 1.04575165e-01, 4.57516350e-02,
          6.53594807e-02, 8.49673226e-02 ]
      - [ 1.18811876e-01, 2.47524753e-02, 5.44554442e-02, 1.48514844e-02,
          1.08910888e-01, 1.98019803e-01, 5.94059378e-02, 2.02970296e-01,
          1.53465346e-01, 6.43564314e-02 ]
      - [ 1.21212117e-01, 1.15151510e-01, 1.03030302e-01, 1.27272725e-01,
          1.57575756e-01, 3.63636352e-02, 1.03030302e-01, 2.42424235e-02,
          9.69696939e-02, 1.15151510e-01 ]
      - [ 9.61538479e-02, 3.84615399e-02, 3.36538479e-02, 4.80769249e-03,
          1.63461551e-01, 1.29807696e-01, 5.28846160e-02, 1.63461551e-01,
          2.59615391e-01, 5.76923117e-02 ]
      - [ 1.50259063e-01, 1.13989636e-01, 4.14507762e-02, 1.45077720e-01,
          1.13989636e-01, 6.21761642e-02, 1.34715021e-01, 3.10880821e-02,
          7.77202025e-02, 1.29533678e-01 ]
      - [ 1.59722224e-01, 1.18055560e-01, 9.02777761e-02, 9.02777761e-02,
          1.66666672e-01, 7.63888881e-02, 9.72222239e-02, 2.77777780e-02,
          3.47222239e-02, 1.38888896e-01 ]
      - [ 1.25654459e-01, 4.71204184e-02, 5.75916246e-02, 5.23560215e-03,
          1.62303671e-01, 1.46596864e-01, 4.71204184e-02, 2.09424078e-01,
          1.25654459e-01, 7.32984319e-02 ]
      - [ 1.37254909e-01, 1.50326803e-01, 9.15032700e-02, 9.80392173e-02,
          1.69934645e-01, 9.15032700e-02, 7.84313753e-02, 2.61437912e-02,
          2.61437912e-02, 1.30718961e-01 ]
      - [ 1.25000000e-01, 1.25000000e-01, 9.21052620e-02, 1.25000000e-01,
          1.31578952e-01, 4.60526310e-02, 1.18421055e-01, 3.94736826e-02,
          7.89473653e-02, 1.18421055e-01 ]
      - [ 1.17647059e-01, 1.50326803e-01, 1.04575165e-01, 9.80392173e-02,
          1.43790856e-01, 5.88235296e-02, 1.17647059e-01, 3.26797403e-02,
          6.53594807e-02, 1.11111112e-01 ]
      - [ 8.86699483e-02, 4.43349741e-02, 6.40394092e-02, 1.47783253e-02,
          1.03448272e-01, 1.37931034e-01, 8.86699483e-02, 1.82266012e-01,
          1.87192112e-01, 8.86699483e-02 ]
      - [ 1.35135144e-01, 8.10810849e-02, 6.75675720e-02, 1.55405402e-01,
          1.89189196e-01, 8.78378376e-02, 1.08108111e-01, 2.70270277e-02,
          5.40540554e-02, 9.45945978e-02 ]
      - [ 1.19999997e-01, 3.42857130e-02, 5.71428575e-02, 5.71428565e-03,
          9.71428528e-02, 1.88571423e-01, 6.85714260e-02, 2.22857147e-01,
          1.71428576e-01, 3.42857130e-02 ]
      - [ 1.51624545e-01, 7.58122727e-02, 9.02527049e-02, 5.41516244e-02,
          1.66064978e-01, 1.29963905e-01, 8.66426006e-02, 5.77617325e-02,
          7.94223845e-02, 1.08303249e-01 ]
      - [ 1.23655915e-01, 8.60215053e-02, 1.02150537e-01, 1.18279569e-01,
          9.13978517e-02, 1.18279569e-01, 1.02150537e-01, 6.45161271e-02,
          1.02150537e-01, 9.13978517e-02 ]
      - [ 1.01063825e-01, 9.30851027e-02, 1.03723399e-01, 8.51063803e-02,
          8.51063803e-02, 1.43617019e-01, 1.03723399e-01, 9.57446769e-02,
          8.77659544e-02, 1.01063825e-01 ]
      - [ 1.23486690e-01, 7.74818435e-02, 1.13801457e-01, 9.68523026e-02,
          1.33171916e-01, 7.99031481e-02, 9.44309980e-02, 7.74818435e-02,
          1.21065378e-01, 8.23244601e-02 ]
      - [ 1.26315802e-01, 3.15789506e-02, 7.89473727e-02, 1.05263162e-02,
          1.63157895e-01, 2.05263168e-01, 8.94736871e-02, 1.15789481e-01,
          8.94736871e-02, 8.94736871e-02 ]
      - [ 9.30232555e-02, 9.76744145e-02, 8.83720964e-02, 8.83720964e-02,
          1.44186050e-01, 6.97674453e-02, 7.44186044e-02, 1.20930232e-01,
          1.20930232e-01, 1.02325581e-01 ]
      - [ 1.17948718e-01, 6.66666701e-02, 1.48717955e-01, 8.20512846e-02,
          1.07692309e-01, 7.69230798e-02, 1.17948718e-01, 1.02564104e-01,
          9.23076943e-02, 8.71794894e-02 ]
      - [ 9.93377492e-02, 9.27152336e-02, 1.78807944e-01, 1.52317882e-01,
          1.05960265e-01, 1.32450331e-02, 1.19205296e-01, 3.31125818e-02,
          9.27152336e-02, 1.12582780e-01 ]
      - [ 1.35007858e-01, 9.10518095e-02, 8.00627992e-02, 8.63422304e-02,
          1.27158552e-01, 1.17739409e-01, 8.63422304e-02, 1.02040820e-01,
          1.05180539e-01, 6.90737814e-02 ]
      - [ 1.30434781e-01, 9.42028984e-02, 1.11111112e-01, 1.23188406e-01,
          1.47342995e-01, 7.48792291e-02, 8.69565234e-02, 6.03864715e-02,
          9.66183543e-02, 7.48792291e-02 ]
      - [ 1.40043765e-01, 8.53391662e-02, 1.05032824e-01, 7.87746161e-02,
          1.55361056e-01, 7.65864328e-02, 1.02844641e-01, 5.68927787e-02,
          1.02844641e-01, 9.62800905e-02 ]
      - [ 1.49999991e-01, 9.09090862e-02, 1.22727267e-01, 3.63636352e-02,
          1.11363634e-01, 6.36363626e-02, 1.15909085e-01, 1.06818177e-01,
          1.06818177e-01, 9.54545438e-02 ]
      - [ 1.00702569e-01, 6.79156855e-02, 8.43091309e-02, 8.89929682e-02,
          1.21779852e-01, 6.79156855e-02, 1.17096014e-01, 1.10070251e-01,
          1.12412170e-01, 1.28805622e-01 ]
      - [ 1.40000001e-01, 9.49999988e-02, 1.04999997e-01, 7.00000003e-02,
          1.42499998e-01, 1.19999997e-01, 7.75000006e-02, 8.99999961e-02,
          1.02499999e-01, 5.74999973e-02 ]
      - [ 1.17333330e-01, 6.66666627e-02, 1.57333329e-01, 8.79999995e-02,
          1.09333329e-01, 6.39999956e-02, 1.41333327e-01, 6.39999956e-02,
          7.46666640e-02, 1.17333330e-01 ]
      - [ 9.21985805e-02, 2.12765951e-02, 4.25531901e-02, 0.,
          9.21985805e-02, 1.48936167e-01, 9.92907733e-02, 2.12765947e-01,
          1.70212761e-01, 1.20567374e-01 ]
      - [ 7.97872320e-02, 4.25531901e-02, 6.91489354e-02, 1.06382975e-02,
          1.38297871e-01, 1.70212761e-01, 1.38297871e-01, 1.59574464e-01,
          1.01063825e-01, 9.04255286e-02 ]
      - [ 1.17647059e-01, 5.51470593e-02, 1.10294119e-01, 9.55882370e-02,
          1.32352948e-01, 1.61764711e-01, 8.45588222e-02, 1.06617644e-01,
          6.61764741e-02, 6.98529407e-02 ]
      - [ 1.04417667e-01, 6.42570257e-02, 7.22891539e-02, 4.01606411e-03,
          1.12449795e-01, 1.48594379e-01, 1.12449795e-01, 1.56626493e-01,
          1.08433731e-01, 1.16465859e-01 ]
      - [ 6.66666701e-02, 4.88888919e-02, 8.88888910e-02, 4.44444455e-02,
          7.11111128e-02, 1.55555561e-01, 9.77777839e-02, 1.55555561e-01,
          1.42222226e-01, 1.28888890e-01 ]
      - [ 1.36546180e-01, 5.22088334e-02, 1.00401603e-01, 6.82730898e-02,
          1.32530123e-01, 1.00401603e-01, 1.36546180e-01, 2.40963846e-02,
          9.63855386e-02, 1.52610436e-01 ]
      - [ 6.89655170e-02, 1.23152710e-01, 3.94088663e-02, 1.97044332e-02,
          8.37438405e-02, 1.33004919e-01, 9.85221639e-02, 1.57635465e-01,
          1.57635465e-01, 1.18226603e-01 ]
      - [ 1.19535513e-01, 6.48907050e-02, 7.24043697e-02, 5.80601059e-02,
          1.13729507e-01, 1.39002725e-01, 1.28415301e-01, 8.06010887e-02,
          8.74316916e-02, 1.35928959e-01 ]
      - [ 1.49193540e-01, 6.85483813e-02, 7.66129047e-02, 7.45967701e-02,
          1.37096763e-01, 9.47580636e-02, 1.29032254e-01, 7.86290318e-02,
          8.06451589e-02, 1.10887095e-01 ]
      - [ 1.19515881e-01, 6.20272309e-02, 7.56429657e-02, 1.08925864e-01,
          1.48260206e-01, 8.92586932e-02, 1.05900146e-01, 8.92586932e-02,
          8.01815391e-02, 1.21028736e-01 ]
      - [ 8.25688019e-02, 1.92660540e-01, 1.28440365e-01, 7.33944923e-02,
          1.19266048e-01, 4.58715558e-02, 1.10091738e-01, 4.58715558e-02,
          1.10091738e-01, 9.17431116e-02 ]
      - [ 1.25461251e-01, 5.16605154e-02, 1.69741705e-01, 3.87453884e-02,
          1.25461251e-01, 7.93357939e-02, 1.10701106e-01, 9.40959454e-02,
          9.77859795e-02, 1.07011072e-01 ]
      - [ 1.38401568e-01, 4.87329438e-02, 8.96686167e-02, 7.79727101e-02,
          1.36452243e-01, 1.96881086e-01, 9.35672522e-02, 6.43274859e-02,
          7.60233924e-02, 7.79727101e-02 ]
      - [ 1.98359668e-01, 3.37181054e-02, 7.65492097e-02, 4.49574739e-02,
          1.94410697e-01, 1.32138520e-01, 1.13304988e-01, 4.16160412e-02,
          4.79951426e-02, 1.16950184e-01 ]
      - [ 1.16883114e-01, 1.55844152e-01, 7.14285746e-02, 5.19480519e-02,
          1.13636367e-01, 4.22077924e-02, 1.42857149e-01, 4.87012975e-02,
          1.03896104e-01, 1.52597398e-01 ]
      - [ 1.17750444e-01, 9.45518464e-02, 5.51845357e-02, 7.27592260e-02,
          1.26186296e-01, 1.12829529e-01, 1.08963095e-01, 7.59226754e-02,
          1.28646746e-01, 1.07205629e-01 ]
      - [ 1.16584569e-01, 8.70279148e-02, 9.03119892e-02, 8.04597735e-02,
          1.24794744e-01, 7.71756992e-02, 1.33004934e-01, 1.03448279e-01,
          8.37438405e-02, 1.03448279e-01 ]
      - [ 9.34256092e-02, 4.49827015e-02, 1.52249143e-01, 1.24567479e-01,
          1.03806235e-01, 1.38408309e-02, 1.34948105e-01, 6.92041516e-02,
          1.34948105e-01, 1.28027692e-01 ]
      - [ 1.80851057e-01, 2.39361692e-02, 7.97872320e-02, 5.31914867e-02,
          1.83510631e-01, 1.19680844e-01, 1.03723399e-01, 7.44680837e-02,
          8.77659544e-02, 9.30851027e-02 ]
      - [ 1.00199074e-01, 1.07498340e-01, 8.22826847e-02, 6.76841438e-02,
          1.14797615e-01, 8.89183804e-02, 1.14134043e-01, 8.16191137e-02,
          1.36695430e-01, 1.06171206e-01 ]
      - [ 1.44000009e-01, 7.20000044e-02, 4.80000004e-02, 2.40000002e-02,
          1.68000013e-01, 8.00000057e-02, 1.36000007e-01, 1.28000006e-01,
          4.80000004e-02, 1.52000010e-01 ]
      - [ 1.20805368e-01, 7.04697967e-02, 1.30872488e-01, 7.04697967e-02,
          1.34228185e-01, 5.36912754e-02, 1.57718122e-01, 7.38255009e-02,
          6.71140924e-02, 1.20805368e-01 ]
      - [ 1.38632163e-01, 5.36044352e-02, 7.76340142e-02, 2.40295753e-02,
          1.14602588e-01, 1.18299447e-01, 1.01663589e-01, 1.20147876e-01,
          1.57116458e-01, 9.42698717e-02 ]
      - [ 1.01833001e-01, 7.94297382e-02, 1.44602865e-01, 1.26272917e-01,
          1.22199595e-01, 4.48065177e-02, 1.52749494e-01, 5.09165004e-02,
          5.90631403e-02, 1.18126281e-01 ]
      - [ 1.01426311e-01, 7.21077695e-02, 1.32329643e-01, 1.22028530e-01,
          1.00633919e-01, 9.19175968e-02, 9.35023800e-02, 9.90491286e-02,
          6.81458041e-02, 1.18858956e-01 ]
      - [ 1.11607149e-01, 5.35714328e-02, 1.11607149e-01, 9.37500075e-02,
          9.82142910e-02, 5.80357164e-02, 1.07142866e-01, 1.11607149e-01,
          1.38392866e-01, 1.16071433e-01 ]
      - [ 1.57458574e-01, 7.18232095e-02, 6.07734844e-02, 5.24861887e-02,
          1.51933715e-01, 9.94475186e-02, 1.71270728e-01, 3.86740342e-02,
          7.45856389e-02, 1.21546969e-01 ]
      - [ 9.28143710e-02, 1.19760484e-01, 8.68263543e-02, 1.19760484e-01,
          9.28143710e-02, 4.79041934e-02, 1.13772459e-01, 8.08383226e-02,
          1.22754499e-01, 1.22754499e-01 ]
      - [ 8.15450624e-02, 6.00858368e-02, 1.07296139e-01, 1.28755361e-01,
          9.01287571e-02, 3.86266112e-02, 1.54506445e-01, 9.44205970e-02,
          1.15879826e-01, 1.28755361e-01 ]
      - [ 1.13861382e-01, 9.90099013e-02, 1.63366333e-01, 3.46534662e-02,
          1.08910888e-01, 9.40594077e-02, 7.92079195e-02, 8.91089067e-02,
          6.93069324e-02, 1.48514852e-01 ]
      - [ 1.19140625e-01, 7.42187500e-02, 6.44531250e-02, 4.88281250e-02,
          1.13281250e-01, 1.15234375e-01, 1.30859375e-01, 1.15234375e-01,
          1.11328125e-01, 1.07421875e-01 ]
      - [ 1.00147277e-01, 6.92194402e-02, 1.22238584e-01, 8.98379982e-02,
          1.29602358e-01, 9.72017646e-02, 8.83652419e-02, 8.24742243e-02,
          1.14874817e-01, 1.06038295e-01 ]
      - [ 1.62746340e-01, 5.02225049e-02, 6.42085150e-02, 3.56007628e-02,
          1.48124605e-01, 2.04704374e-01, 9.53591838e-02, 5.65797836e-02,
          7.75588006e-02, 1.04895100e-01 ]
      - [ 1.43958867e-01, 8.99742916e-02, 6.16966560e-02, 5.91259636e-02,
          1.61953732e-01, 7.45501295e-02, 1.36246786e-01, 5.65552711e-02,
          7.96915144e-02, 1.36246786e-01 ]
      - [ 1.27868846e-01, 4.91803288e-02, 1.14754096e-01, 6.55737668e-02,
          1.50819674e-01, 7.21311495e-02, 1.47540987e-01, 3.60655747e-02,
          1.24590166e-01, 1.11475408e-01 ]
      - [ 1.18397087e-01, 9.83606577e-02, 1.47540987e-01, 1.25683054e-01,
          9.10746828e-02, 2.55009104e-02, 1.36612028e-01, 6.37522787e-02,
          6.19307831e-02, 1.31147534e-01 ]
      - [ 1.48936167e-01, 6.11702092e-02, 7.97872320e-02, 7.18085095e-02,
          1.30319148e-01, 1.03723399e-01, 1.14361696e-01, 8.24468061e-02,
          8.77659544e-02, 1.19680844e-01 ]
      - [ 1.20061375e-01, 9.89643261e-02, 3.45224403e-02, 3.41388583e-02,
          1.13156885e-01, 9.51284990e-02, 9.20598358e-02, 1.54583812e-01,
          1.66474879e-01, 9.09090936e-02 ]
      - [ 1.45637035e-01, 3.60508002e-02, 5.94018847e-02, 2.70380992e-02,
          1.54035226e-01, 2.09135592e-01, 9.45309326e-02, 8.82834867e-02,
          8.58254805e-02, 1.00061446e-01 ]
      - [ 5.63380271e-02, 3.30985904e-01, 4.22535203e-02, 5.63380271e-02,
          4.22535203e-02, 7.74647892e-02, 7.74647892e-02, 4.92957756e-02,
          1.90140843e-01, 7.74647892e-02 ]
      - [ 1.34853661e-01, 5.54857254e-02, 6.37457371e-02, 6.75166100e-02,
          1.28389299e-01, 1.58197165e-01, 1.24618426e-01, 7.23648742e-02,
          7.41605312e-02, 1.20667987e-01 ]
      - [ 1.63630992e-01, 8.64428505e-02, 2.56965645e-02, 2.39243880e-02,
          1.62154183e-01, 1.43152505e-01, 1.08004339e-01, 6.47829100e-02,
          1.13517776e-01, 1.08693518e-01 ]
      - [ 1.44588754e-01, 1.59307361e-01, 4.41558436e-02, 7.01298714e-02,
          1.29870132e-01, 9.35064927e-02, 1.17748924e-01, 3.03030312e-02,
          8.91774893e-02, 1.21212125e-01 ]
      - [ 6.02409616e-02, 3.61445785e-01, 2.40963846e-02, 2.40963846e-02,
          1.20481923e-01, 9.63855386e-02, 2.40963846e-02, 8.43373463e-02,
          1.80722892e-01, 2.40963846e-02 ]
      - [ 1.54471546e-01, 5.69105670e-02, 6.91056848e-02, 1.62601620e-02,
          1.58536583e-01, 1.21951215e-01, 1.46341458e-01, 8.53658468e-02,
          6.91056848e-02, 1.21951215e-01 ]
      - [ 1.59810394e-01, 8.86067078e-02, 3.32493782e-02, 2.84919702e-02,
          1.63308486e-01, 1.17028713e-01, 1.06219605e-01, 6.83527440e-02,
          1.30951121e-01, 1.03980824e-01 ]
      - [ 1.33093521e-01, 1.90647483e-01, 2.51798574e-02, 1.33093521e-01,
          1.43884897e-01, 2.51798574e-02, 1.07913673e-01, 3.23741026e-02,
          7.19424486e-02, 1.36690646e-01 ]
      - [ 6.47163093e-02, 5.67375869e-02, 3.28014158e-02, 3.90070900e-02,
          5.85106350e-02, 6.38297871e-02, 6.82624057e-02, 2.94326246e-01,
          2.60638297e-01, 6.11702092e-02 ]
      - [ 1.06060609e-01, 2.57575750e-01, 0., 3.93939406e-01,
          5.30303046e-02, 2.27272734e-02, 7.57575780e-02, 7.57575780e-03,
          2.27272734e-02, 6.06060624e-02 ]
      - [ 1.74434081e-01, 7.72303566e-02, 5.99201024e-02, 2.92942729e-02,
          1.63781613e-01, 1.66444734e-01, 9.98668373e-02, 4.26098518e-02,
          7.58987963e-02, 1.10519305e-01 ]
      - [ 7.21530691e-02, 1.61364689e-01, 8.39096382e-02, 1.08114339e-01,
          6.77731708e-02, 3.98801304e-02, 5.69386818e-02, 1.78423241e-01,
          1.74273863e-01, 5.71692027e-02 ]
      - [ 9.27419364e-02, 4.20506895e-02, 1.45161286e-01, 5.87557591e-02,
          9.44700465e-02, 6.22119829e-02, 6.91244230e-02, 2.15437785e-01,
          1.33064523e-01, 8.69815648e-02 ]
      - [ 1.11510791e-01, 1.54676259e-01, 1.07913669e-02, 2.55395681e-01,
          1.00719430e-01, 3.95683460e-02, 8.27338174e-02, 3.59712238e-03,
          1.65467635e-01, 7.55395666e-02 ]
      - [ 1.00697905e-01, 1.18644066e-01, 3.09072789e-02, 1.79461613e-02,
          1.05682954e-01, 1.60518453e-01, 1.12662017e-01, 1.23629116e-01,
          1.21635094e-01, 1.07676968e-01 ]
      - [ 1.12740606e-01, 8.43263045e-02, 4.39963341e-02, 7.05774501e-02,
          1.20989919e-01, 1.22823097e-01, 8.79926682e-02, 1.42988086e-01,
          1.22823097e-01, 9.07424390e-02 ]
      - [ 1.22047246e-01, 9.44881886e-02, 3.14960629e-02, 7.87401572e-03,
          1.41732275e-01, 1.41732275e-01, 1.02362201e-01, 1.14173226e-01,
          1.41732275e-01, 1.02362201e-01 ]
      - [ 9.71866995e-02, 1.22762144e-01, 6.39386177e-02, 3.83631699e-02,
          9.97442454e-02, 6.64961636e-02, 1.04859337e-01, 1.07416876e-01,
          1.56010225e-01, 1.43222511e-01 ]
      - [ 8.17160383e-02, 9.29519981e-02, 5.10725267e-02, 5.41368760e-02,
          8.06945860e-02, 1.25638410e-01, 6.74157366e-02, 2.08375901e-01,
          1.75689489e-01, 6.23084791e-02 ]
      - [ 1.28000006e-01, 1.72000006e-01, 2.80000009e-02, 2.92000026e-01,
          1.52000010e-01, 3.20000015e-02, 7.20000044e-02, 4.00000019e-03,
          3.20000015e-02, 8.80000070e-02 ]
      - [ 1.09826587e-01, 3.58381510e-01, 1.73410401e-02, 1.90751433e-01,
          1.21387281e-01, 3.46820801e-02, 6.93641603e-02, 0.,
          3.46820801e-02, 6.35838136e-02 ]
      - [ 1.37663886e-01, 9.11799744e-02, 4.29082252e-02, 5.66150174e-02,
          1.39153749e-01, 1.22169249e-01, 9.23718736e-02, 1.07866511e-01,
          1.20977350e-01, 8.90941620e-02 ]
      - [ 9.63855386e-02, 2.71084338e-01, 6.02409616e-03, 2.77108431e-01,
          1.02409631e-01, 3.61445770e-02, 1.08433731e-01, 6.02409616e-03,
          1.20481923e-02, 8.43373463e-02 ]
      - [ 9.81308371e-02, 2.33644843e-02, 1.16822429e-01, 6.54205605e-02,
          1.07476629e-01, 4.20560725e-02, 1.44859806e-01, 1.86915874e-01,
          1.07476629e-01, 1.07476629e-01 ]
      - [ 1.22033894e-01, 1.55932203e-01, 2.37288140e-02, 2.40677968e-01,
          9.15254205e-02, 6.10169470e-02, 1.38983056e-01, 1.69491526e-02,
          4.40677963e-02, 1.05084747e-01 ]
      - [ 1.13725498e-01, 5.49019650e-02, 3.92156877e-02, 1.17647070e-02,
          8.62745121e-02, 8.23529437e-02, 1.17647067e-01, 2.35294133e-01,
          1.56862751e-01, 1.01960793e-01 ]
      - [ 1.11111112e-01, 2.35555559e-01, 2.22222228e-02, 1.06666669e-01,
          1.11111112e-01, 4.88888919e-02, 1.24444447e-01, 6.66666701e-02,
          5.77777773e-02, 1.15555555e-01 ]
      - [ 1.29518062e-01, 1.59638554e-01, 6.62650615e-02, 1.89759031e-01,
          1.14457831e-01, 6.02409616e-02, 1.08433731e-01, 9.03614424e-03,
          2.40963846e-02, 1.38554215e-01 ]
      - [ 1.17437720e-01, 1.56583622e-01, 6.40569404e-02, 1.85053378e-01,
          1.17437720e-01, 6.40569404e-02, 1.17437720e-01, 1.42348753e-02,
          2.84697507e-02, 1.35231316e-01 ]
      - [ 7.40740746e-02, 2.96296299e-01, 0., 2.65432090e-01,
          9.87654328e-02, 4.32098769e-02, 5.55555560e-02, 1.85185187e-02,
          3.08641978e-02, 1.17283955e-01 ]
      - [ 9.13978517e-02, 1.77419350e-01, 3.22580636e-02, 1.61290318e-01,
          1.18279569e-01, 9.13978517e-02, 8.60215053e-02, 8.06451589e-02,
          6.98924735e-02, 9.13978517e-02 ]
      - [ 6.81381971e-02, 3.83877158e-02, 4.89443354e-02, 3.55086364e-02,
          7.38963485e-02, 4.60652560e-02, 6.33397326e-02, 3.24376196e-01,
          2.49520153e-01, 5.18234149e-02 ]
      - [ 1.56000003e-01, 2.24000007e-01, 3.20000015e-02, 2.04000011e-01,
          1.28000006e-01, 6.40000030e-02, 8.40000063e-02, 0.,
          1.60000008e-02, 9.20000076e-02 ]
      - [ 7.11864382e-02, 1.38983056e-01, 7.45762736e-02, 3.96610171e-01,
          8.81355926e-02, 4.40677963e-02, 9.15254205e-02, 3.38983047e-03,
          2.71186437e-02, 6.44067824e-02 ]
      - [ 8.46994519e-02, 1.17486335e-01, 1.20218575e-01, 1.83060110e-01,
          9.83606502e-02, 4.37158458e-02, 9.01639313e-02, 5.46448082e-02,
          9.83606502e-02, 1.09289616e-01 ]
      - [ 1.29032254e-01, 3.87096778e-02, 1.74193546e-01, 1.93548381e-01,
          1.67741939e-01, 4.51612882e-02, 7.74193555e-02, 4.51612882e-02,
          4.51612882e-02, 8.38709697e-02 ]
      - [ 9.62566882e-02, 8.55614990e-02, 2.51336902e-01, 1.65775403e-01,
          6.41711205e-02, 6.41711205e-02, 1.06951877e-01, 3.74331549e-02,
          3.20855603e-02, 9.62566882e-02 ]
      - [ 8.86699483e-02, 1.97044332e-02, 1.92118227e-01, 9.35960561e-02,
          8.86699483e-02, 6.40394092e-02, 8.37438405e-02, 1.23152710e-01,
          1.62561581e-01, 8.37438405e-02 ]
      - [ 1.17505997e-01, 7.91366920e-02, 1.34292573e-01, 9.59232599e-02,
          1.41486809e-01, 1.00719430e-01, 1.03117511e-01, 5.51558770e-02,
          4.07673866e-02, 1.31894484e-01 ]
      - [ 9.74025950e-02, 3.24675329e-02, 2.46753246e-01, 2.27272734e-01,
          1.10389613e-01, 5.19480519e-02, 9.74025950e-02, 1.29870130e-02,
          3.24675329e-02, 9.09090936e-02 ]
      - [ 6.95187151e-02, 6.41711205e-02, 2.56684482e-01, 2.51336902e-01,
          7.48663098e-02, 3.20855603e-02, 9.62566882e-02, 1.60427801e-02,
          6.41711205e-02, 7.48663098e-02 ]
      - [ 9.55414027e-02, 7.32484087e-02, 8.59872624e-02, 1.94267511e-01,
          1.05095543e-01, 6.68789819e-02, 9.55414027e-02, 5.73248416e-02,
          1.36942685e-01, 8.91719759e-02 ]
      - [ 3.80434804e-02, 1.46739140e-01, 2.01086953e-01, 1.92934781e-01,
          5.70652187e-02, 2.71739140e-02, 8.96739140e-02, 7.88043514e-02,
          1.00543477e-01, 6.79347813e-02 ]
      - [ 9.34579372e-02, 7.00934529e-02, 1.91588774e-01, 2.52336442e-01,
          6.54205605e-02, 4.67289686e-02, 7.00934529e-02, 3.73831764e-02,
          8.87850448e-02, 8.41121450e-02 ]
      - [ 8.82352963e-02, 3.92156877e-02, 2.51634002e-01, 1.27450988e-01,
          1.17647059e-01, 3.92156877e-02, 9.80392173e-02, 6.20915033e-02,
          9.15032700e-02, 8.49673226e-02 ]
      - [ 1.49206355e-01, 2.85714287e-02, 8.88888910e-02, 6.82539716e-02,
          1.60317466e-01, 1.88888893e-01, 9.04761925e-02, 6.03174604e-02,
          7.46031776e-02, 9.04761925e-02 ]
      - [ 1.50134057e-01, 6.16622008e-02, 1.07238606e-01, 2.14477219e-02,
          1.74262747e-01, 1.09919578e-01, 1.34048268e-01, 6.43431693e-02,
          6.97050989e-02, 1.07238606e-01 ]
      - [ 1.37931034e-01, 3.44827585e-02, 8.12807903e-02, 9.60591137e-02,
          1.82266012e-01, 1.18226603e-01, 1.33004919e-01, 4.67980281e-02,
          7.14285672e-02, 9.85221639e-02 ]
      - [ 1.27272725e-01, 5.45454547e-02, 1.21212117e-01, 3.33333313e-02,
          1.60606056e-01, 1.39393941e-01, 1.21212117e-01, 7.57575706e-02,
          6.36363626e-02, 1.03030302e-01 ]
      - [ 1.54241651e-01, 4.62724939e-02, 8.74035954e-02, 6.42673522e-02,
          1.38817474e-01, 1.10539846e-01, 8.99742916e-02, 1.02827765e-01,
          8.48329067e-02, 1.20822623e-01 ]
      - [ 6.45161271e-02, 2.15053763e-02, 3.06451619e-01, 1.93548381e-01,
          8.06451589e-02, 8.06451589e-02, 5.37634417e-02, 4.30107526e-02,
          9.13978517e-02, 6.45161271e-02 ]
      - [ 8.33333358e-02, 7.57575780e-02, 2.27272734e-01, 1.13636367e-01,
          9.84848514e-02, 4.54545468e-02, 9.09090936e-02, 5.30303046e-02,
          7.57575780e-02, 1.36363640e-01 ]
      - [ 1.28472224e-01, 2.08333340e-02, 1.84027776e-01, 5.55555560e-02,
          1.45833328e-01, 6.59722239e-02, 5.20833321e-02, 1.63194448e-01,
          1.21527776e-01, 6.25000000e-02 ]
      - [ 7.93650821e-02, 1.19047631e-02, 1.42857149e-01, 7.53968284e-02,
          1.15079373e-01, 7.14285746e-02, 3.96825410e-02, 1.94444463e-01,
          2.26190493e-01, 4.36507948e-02 ]
      - [ 1.64341092e-01, 4.18604650e-02, 8.99224803e-02, 4.65116277e-02,
          1.76744193e-01, 2.04651162e-01, 1.16279066e-01, 4.49612401e-02,
          3.25581394e-02, 8.21705461e-02 ]
      - [ 1.33630291e-01, 5.79064600e-02, 1.04677066e-01, 5.56792878e-02,
          1.75946549e-01, 9.35412049e-02, 1.00222722e-01, 7.57238343e-02,
          9.57683772e-02, 1.06904238e-01 ]
      - [ 1.03092782e-01, 5.49828187e-02, 1.54639184e-01, 5.15463911e-02,
          1.23711340e-01, 8.24742317e-02, 6.87285215e-02, 1.54639184e-01,
          1.30584195e-01, 7.56013766e-02 ]
      - [ 9.73782763e-02, 5.61797768e-02, 1.53558061e-01, 8.61423239e-02,
          1.04868919e-01, 7.49063641e-02, 7.86516890e-02, 1.42322093e-01,
          1.01123594e-01, 1.04868919e-01 ]
      - [ 1.95583597e-01, 5.83596230e-02, 6.94006309e-02, 4.41640392e-02,
          1.97160885e-01, 9.62145105e-02, 1.23028390e-01, 4.25867513e-02,
          5.04731871e-02, 1.23028390e-01 ]
      - [ 1.78057551e-01, 5.75539581e-02, 8.27338174e-02, 5.39568365e-02,
          1.65467635e-01, 1.02517985e-01, 1.22302160e-01, 6.11510798e-02,
          4.85611521e-02, 1.27697840e-01 ]
   decision_functions:
      -
         sv_count: 1
         rho: -9.9886129861394612e-01
         alpha: [ 1. ]
         index: [ 0 ]
