%YAML:1.0
---
opencv_ml_svm:
   format: 3
   svmType: C_SVC
   kernel:
      type: RBF
      gamma: 1.0000000000000001e-05
   C: 1.0000000000000001e-01
   term_criteria: { iterations:100 }
   var_count: 10
   class_count: 2
   class_labels: !!opencv-matrix
      rows: 2
      cols: 1
      dt: i
      data: [ 0, 1 ]
   sv_total: 182
   support_vectors:
      - [ 9.99999940e-02, 1.27272725e-01, 7.72727281e-02, 1.36363626e-01,
          1.18181817e-01, 7.27272704e-02, 1.22727267e-01, 8.63636360e-02,
          6.81818128e-02, 9.09090862e-02 ]
      - [ 1.04166672e-01, 1.14583336e-01, 8.33333358e-02, 8.33333358e-02,
          1.09375000e-01, 6.25000000e-02, 1.40625000e-01, 4.68750000e-02,
          1.04166672e-01, 1.51041672e-01 ]
      - [ 1.13725498e-01, 9.01960805e-02, 7.05882385e-02, 7.45098069e-02,
          1.68627456e-01, 9.41176564e-02, 1.52941182e-01, 3.92156877e-02,
          5.88235334e-02, 1.37254909e-01 ]
      - [ 9.81308371e-02, 6.54205605e-02, 1.16822429e-01, 1.12149529e-01,
          1.40186906e-01, 7.47663528e-02, 1.58878505e-01, 3.27102803e-02,
          3.73831764e-02, 1.63551390e-01 ]
      - [ 1.09004743e-01, 1.23222753e-01, 9.95260701e-02, 1.09004743e-01,
          1.32701427e-01, 7.58293867e-02, 1.04265407e-01, 4.73933667e-02,
          9.47867334e-02, 1.04265407e-01 ]
      - [ 1.05022825e-01, 1.32420093e-01, 1.05022825e-01, 1.05022825e-01,
          9.13241953e-02, 7.30593577e-02, 9.58904102e-02, 7.76255652e-02,
          9.58904102e-02, 1.18721455e-01 ]
      - [ 1.33757964e-01, 1.84713379e-01, 5.09554148e-02, 1.91082805e-01,
          1.01910830e-01, 3.82165611e-02, 1.01910830e-01, 6.36942685e-03,
          7.00636953e-02, 1.21019110e-01 ]
      - [ 8.95522386e-02, 1.14427857e-01, 7.96019882e-02, 1.39303476e-01,
          1.39303476e-01, 7.96019882e-02, 8.45771134e-02, 6.46766126e-02,
          1.14427857e-01, 9.45273638e-02 ]
      - [ 7.06521720e-02, 1.08695656e-01, 1.08695656e-01, 1.41304344e-01,
          1.03260875e-01, 5.97826093e-02, 1.30434781e-01, 5.43478280e-02,
          9.78260860e-02, 1.25000000e-01 ]
      - [ 1.19047627e-01, 9.04761925e-02, 8.57142881e-02, 1.38095245e-01,
          1.04761906e-01, 4.76190485e-02, 1.09523810e-01, 1.00000001e-01,
          6.66666701e-02, 1.38095245e-01 ]
      - [ 9.28961709e-02, 8.19672123e-02, 1.25683054e-01, 1.25683054e-01,
          9.83606502e-02, 4.37158458e-02, 1.36612013e-01, 7.65027329e-02,
          8.74316916e-02, 1.31147534e-01 ]
      - [ 7.36196339e-02, 7.97545984e-02, 1.04294479e-01, 1.84049070e-01,
          9.20245349e-02, 6.13496900e-02, 9.81595069e-02, 7.97545984e-02,
          1.34969324e-01, 9.20245349e-02 ]
      - [ 9.61538479e-02, 8.17307755e-02, 8.17307755e-02, 1.73076928e-01,
          1.34615391e-01, 9.61538479e-02, 1.15384623e-01, 4.32692319e-02,
          8.17307755e-02, 9.61538479e-02 ]
      - [ 1.08280256e-01, 8.28025490e-02, 9.55414027e-02, 1.46496817e-01,
          9.55414027e-02, 2.54777074e-02, 1.40127391e-01, 1.14649683e-01,
          9.55414027e-02, 9.55414027e-02 ]
      - [ 1.05555557e-01, 1.50000006e-01, 7.77777806e-02, 1.72222227e-01,
          1.22222222e-01, 5.00000007e-02, 1.00000001e-01, 4.44444455e-02,
          5.55555560e-02, 1.22222222e-01 ]
      - [ 1.41176477e-01, 1.76470593e-01, 4.70588244e-02, 1.11764707e-01,
          1.41176477e-01, 8.23529437e-02, 6.47058859e-02, 5.29411770e-02,
          7.64705911e-02, 1.05882354e-01 ]
      - [ 1.11111112e-01, 1.79012343e-01, 1.29629627e-01, 1.41975313e-01,
          7.40740746e-02, 4.32098769e-02, 1.17283955e-01, 5.55555560e-02,
          9.25925970e-02, 5.55555560e-02 ]
      - [ 1.50000006e-01, 1.87500000e-01, 6.25000000e-02, 1.06250003e-01,
          1.50000006e-01, 5.00000007e-02, 1.06250003e-01, 3.12500000e-02,
          4.37499993e-02, 1.12500004e-01 ]
      - [ 1.58730149e-01, 1.32275134e-01, 7.40740746e-02, 1.11111104e-01,
          1.64021164e-01, 8.99470896e-02, 9.52380896e-02, 5.29100522e-02,
          5.29100522e-02, 6.87830672e-02 ]
      - [ 1.12970710e-01, 1.12970710e-01, 6.27615079e-02, 1.08786605e-01,
          1.04602508e-01, 6.27615079e-02, 1.25523016e-01, 7.94979036e-02,
          1.08786605e-01, 1.21338911e-01 ]
      - [ 1.25000000e-01, 8.52272734e-02, 9.09090936e-02, 1.19318187e-01,
          1.47727281e-01, 6.25000000e-02, 1.07954547e-01, 8.52272734e-02,
          7.95454532e-02, 9.65909138e-02 ]
      - [ 1.36645973e-01, 1.73913047e-01, 4.34782617e-02, 1.18012428e-01,
          1.36645973e-01, 2.48447210e-02, 9.93788838e-02, 1.11801244e-01,
          2.48447210e-02, 1.30434781e-01 ]
      - [ 1.16022103e-01, 1.49171278e-01, 4.97237593e-02, 1.43646419e-01,
          1.38121545e-01, 6.07734844e-02, 1.43646419e-01, 2.20994484e-02,
          6.62983432e-02, 1.10497244e-01 ]
      - [ 1.53439149e-01, 1.37566134e-01, 7.40740746e-02, 1.69312164e-01,
          1.21693119e-01, 4.23280410e-02, 1.11111104e-01, 3.17460299e-02,
          3.17460299e-02, 1.26984119e-01 ]
      - [ 9.54198465e-02, 1.06870227e-01, 6.48854971e-02, 1.22137405e-01,
          1.41221374e-01, 6.87022880e-02, 1.45038173e-01, 5.34351133e-02,
          1.14503816e-01, 8.77862573e-02 ]
      - [ 1.27139375e-01, 1.49144262e-01, 3.66748199e-02, 4.40097824e-02,
          1.12469442e-01, 9.53545272e-02, 1.02689490e-01, 1.24694385e-01,
          1.12469442e-01, 9.53545272e-02 ]
      - [ 1.41104296e-01, 7.97545984e-02, 1.41104296e-01, 1.10429443e-01,
          1.28834352e-01, 7.36196339e-02, 1.34969324e-01, 1.84049085e-02,
          6.13496900e-02, 1.10429443e-01 ]
      - [ 1.63742691e-01, 9.94152054e-02, 8.77192989e-02, 1.52046785e-01,
          9.35672522e-02, 5.26315793e-02, 1.05263159e-01, 4.09356728e-02,
          8.18713456e-02, 1.22807018e-01 ]
      - [ 1.16731517e-01, 8.56031105e-02, 9.72762629e-02, 7.39299580e-02,
          1.32295713e-01, 9.72762629e-02, 1.36186764e-01, 7.00389072e-02,
          8.17120597e-02, 1.08949415e-01 ]
      - [ 1.15168542e-01, 1.09550565e-01, 1.15168542e-01, 1.12359554e-01,
          1.09550565e-01, 7.58427009e-02, 1.23595506e-01, 3.37078646e-02,
          7.86516890e-02, 1.26404494e-01 ]
      - [ 1.15079373e-01, 5.95238134e-02, 6.74603209e-02, 7.93650821e-02,
          1.26984134e-01, 1.11111119e-01, 1.23015881e-01, 9.12698433e-02,
          1.11111119e-01, 1.15079373e-01 ]
      - [ 1.34328350e-01, 6.34328350e-02, 8.95522386e-02, 5.22388034e-02,
          1.26865670e-01, 1.00746267e-01, 8.58208910e-02, 8.95522386e-02,
          1.52985066e-01, 1.04477607e-01 ]
      - [ 1.14427857e-01, 5.72139286e-02, 1.39303476e-01, 8.70646760e-02,
          1.26865670e-01, 8.20895508e-02, 9.95024890e-02, 1.09452732e-01,
          7.71144256e-02, 1.06965169e-01 ]
      - [ 1.25984251e-01, 4.72440943e-02, 8.26771632e-02, 3.93700786e-02,
          1.37795269e-01, 1.02362201e-01, 7.87401572e-02, 1.37795269e-01,
          1.18110240e-01, 1.29921257e-01 ]
      - [ 1.14406779e-01, 1.16525427e-01, 8.26271176e-02, 9.53389853e-02,
          9.32203382e-02, 7.41525441e-02, 6.35593235e-02, 1.35593221e-01,
          1.77966103e-01, 4.66101691e-02 ]
      - [ 8.48484784e-02, 1.09090909e-01, 1.39393941e-01, 1.09090909e-01,
          1.57575756e-01, 7.87878782e-02, 8.48484784e-02, 7.87878782e-02,
          6.06060587e-02, 9.69696939e-02 ]
      - [ 1.13924056e-01, 1.13924056e-01, 1.26582280e-01, 1.01265825e-01,
          9.49367136e-02, 5.69620281e-02, 1.32911399e-01, 6.96202517e-02,
          1.07594937e-01, 8.22784826e-02 ]
      - [ 1.33333340e-01, 1.42857149e-01, 8.57142881e-02, 1.19047627e-01,
          8.09523836e-02, 7.61904791e-02, 9.52380970e-02, 9.52380970e-02,
          9.52380970e-02, 7.61904791e-02 ]
      - [ 1.45348832e-01, 9.30232555e-02, 6.39534891e-02, 1.74418598e-01,
          1.62790701e-01, 8.72092992e-02, 1.04651161e-01, 2.32558139e-02,
          5.81395347e-03, 1.39534891e-01 ]
      - [ 1.16402112e-01, 1.32275134e-01, 1.21693119e-01, 1.74603164e-01,
          8.46560821e-02, 8.99470896e-02, 9.52380896e-02, 3.70370373e-02,
          5.82010560e-02, 8.99470896e-02 ]
      - [ 1.48351654e-01, 8.79120901e-02, 9.34065953e-02, 1.97802201e-01,
          1.42857149e-01, 8.79120901e-02, 1.26373634e-01, 1.09890113e-02,
          2.19780225e-02, 8.24175850e-02 ]
      - [ 9.04255286e-02, 1.06382973e-01, 1.27659574e-01, 1.27659574e-01,
          1.32978722e-01, 9.57446769e-02, 1.01063825e-01, 4.78723384e-02,
          7.44680837e-02, 9.57446769e-02 ]
      - [ 1.01449274e-01, 8.21256042e-02, 9.66183543e-02, 1.15942031e-01,
          1.06280193e-01, 9.17874351e-02, 1.11111112e-01, 8.21256042e-02,
          8.21256042e-02, 1.30434781e-01 ]
      - [ 1.03448272e-01, 9.35960561e-02, 1.08374380e-01, 1.28078818e-01,
          1.13300487e-01, 6.40394092e-02, 1.18226603e-01, 5.91133013e-02,
          7.38916248e-02, 1.37931034e-01 ]
      - [ 1.04651161e-01, 1.04651161e-01, 1.10465117e-01, 8.72092992e-02,
          1.10465117e-01, 6.39534891e-02, 1.39534891e-01, 6.39534891e-02,
          6.39534891e-02, 1.51162788e-01 ]
      - [ 8.43373463e-02, 9.63855386e-02, 1.62650600e-01, 1.62650600e-01,
          1.14457831e-01, 5.42168655e-02, 1.02409631e-01, 4.21686731e-02,
          7.83132464e-02, 1.02409631e-01 ]
      - [ 1.11111104e-01, 6.87830672e-02, 7.40740746e-02, 7.40740746e-02,
          8.99470896e-02, 8.46560821e-02, 1.48148149e-01, 8.99470896e-02,
          1.64021164e-01, 9.52380896e-02 ]
      - [ 1.08433731e-01, 9.03614461e-02, 9.03614461e-02, 1.32530123e-01,
          7.22891539e-02, 4.21686731e-02, 8.43373463e-02, 1.38554215e-01,
          1.14457831e-01, 1.26506016e-01 ]
      - [ 7.18562901e-02, 8.98203626e-02, 1.07784435e-01, 1.31736532e-01,
          1.31736532e-01, 4.79041934e-02, 9.58083868e-02, 9.58083868e-02,
          1.19760484e-01, 1.07784435e-01 ]
      - [ 1.12956807e-01, 4.31893691e-02, 1.06312290e-01, 4.65116277e-02,
          8.97009969e-02, 8.97009969e-02, 4.31893691e-02, 1.92691028e-01,
          1.99335545e-01, 7.64119551e-02 ]
      - [ 7.64705911e-02, 7.05882385e-02, 1.17647059e-01, 1.35294124e-01,
          8.23529437e-02, 4.70588244e-02, 1.00000001e-01, 1.00000001e-01,
          1.52941182e-01, 1.17647059e-01 ]
      - [ 7.67263398e-02, 6.13810718e-02, 1.32992327e-01, 8.18414316e-02,
          1.35549873e-01, 7.67263398e-02, 6.39386177e-02, 7.92838857e-02,
          1.84143215e-01, 1.07416876e-01 ]
      - [ 9.37500000e-02, 1.31250009e-01, 1.00000001e-01, 1.56250000e-01,
          1.31250009e-01, 6.25000000e-02, 5.62500022e-02, 8.12500045e-02,
          7.50000030e-02, 1.12500004e-01 ]
      - [ 9.25507918e-02, 4.28893901e-02, 1.42212197e-01, 3.38600464e-02,
          1.28668174e-01, 1.08352147e-01, 9.02934521e-02, 1.42212197e-01,
          1.12866819e-01, 1.06094807e-01 ]
      - [ 1.04575165e-01, 9.15032700e-02, 7.84313753e-02, 2.22222224e-01,
          1.17647059e-01, 8.49673226e-02, 1.04575165e-01, 4.57516350e-02,
          6.53594807e-02, 8.49673226e-02 ]
      - [ 1.18811876e-01, 2.47524753e-02, 5.44554442e-02, 1.48514844e-02,
          1.08910888e-01, 1.98019803e-01, 5.94059378e-02, 2.02970296e-01,
          1.53465346e-01, 6.43564314e-02 ]
      - [ 1.21212117e-01, 1.15151510e-01, 1.03030302e-01, 1.27272725e-01,
          1.57575756e-01, 3.63636352e-02, 1.03030302e-01, 2.42424235e-02,
          9.69696939e-02, 1.15151510e-01 ]
      - [ 9.61538479e-02, 3.84615399e-02, 3.36538479e-02, 4.80769249e-03,
          1.63461551e-01, 1.29807696e-01, 5.28846160e-02, 1.63461551e-01,
          2.59615391e-01, 5.76923117e-02 ]
      - [ 1.50259063e-01, 1.13989636e-01, 4.14507762e-02, 1.45077720e-01,
          1.13989636e-01, 6.21761642e-02, 1.34715021e-01, 3.10880821e-02,
          7.77202025e-02, 1.29533678e-01 ]
      - [ 1.59722224e-01, 1.18055560e-01, 9.02777761e-02, 9.02777761e-02,
          1.66666672e-01, 7.63888881e-02, 9.72222239e-02, 2.77777780e-02,
          3.47222239e-02, 1.38888896e-01 ]
      - [ 1.25654459e-01, 4.71204184e-02, 5.75916246e-02, 5.23560215e-03,
          1.62303671e-01, 1.46596864e-01, 4.71204184e-02, 2.09424078e-01,
          1.25654459e-01, 7.32984319e-02 ]
      - [ 1.37254909e-01, 1.50326803e-01, 9.15032700e-02, 9.80392173e-02,
          1.69934645e-01, 9.15032700e-02, 7.84313753e-02, 2.61437912e-02,
          2.61437912e-02, 1.30718961e-01 ]
      - [ 1.25000000e-01, 1.25000000e-01, 9.21052620e-02, 1.25000000e-01,
          1.31578952e-01, 4.60526310e-02, 1.18421055e-01, 3.94736826e-02,
          7.89473653e-02, 1.18421055e-01 ]
      - [ 1.17647059e-01, 1.50326803e-01, 1.04575165e-01, 9.80392173e-02,
          1.43790856e-01, 5.88235296e-02, 1.17647059e-01, 3.26797403e-02,
          6.53594807e-02, 1.11111112e-01 ]
      - [ 8.86699483e-02, 4.43349741e-02, 6.40394092e-02, 1.47783253e-02,
          1.03448272e-01, 1.37931034e-01, 8.86699483e-02, 1.82266012e-01,
          1.87192112e-01, 8.86699483e-02 ]
      - [ 1.35135144e-01, 8.10810849e-02, 6.75675720e-02, 1.55405402e-01,
          1.89189196e-01, 8.78378376e-02, 1.08108111e-01, 2.70270277e-02,
          5.40540554e-02, 9.45945978e-02 ]
      - [ 1.19999997e-01, 3.42857130e-02, 5.71428575e-02, 5.71428565e-03,
          9.71428528e-02, 1.88571423e-01, 6.85714260e-02, 2.22857147e-01,
          1.71428576e-01, 3.42857130e-02 ]
      - [ 1.51624545e-01, 7.58122727e-02, 9.02527049e-02, 5.41516244e-02,
          1.66064978e-01, 1.29963905e-01, 8.66426006e-02, 5.77617325e-02,
          7.94223845e-02, 1.08303249e-01 ]
      - [ 1.23655915e-01, 8.60215053e-02, 1.02150537e-01, 1.18279569e-01,
          9.13978517e-02, 1.18279569e-01, 1.02150537e-01, 6.45161271e-02,
          1.02150537e-01, 9.13978517e-02 ]
      - [ 1.01063825e-01, 9.30851027e-02, 1.03723399e-01, 8.51063803e-02,
          8.51063803e-02, 1.43617019e-01, 1.03723399e-01, 9.57446769e-02,
          8.77659544e-02, 1.01063825e-01 ]
      - [ 1.23486690e-01, 7.74818435e-02, 1.13801457e-01, 9.68523026e-02,
          1.33171916e-01, 7.99031481e-02, 9.44309980e-02, 7.74818435e-02,
          1.21065378e-01, 8.23244601e-02 ]
      - [ 1.26315802e-01, 3.15789506e-02, 7.89473727e-02, 1.05263162e-02,
          1.63157895e-01, 2.05263168e-01, 8.94736871e-02, 1.15789481e-01,
          8.94736871e-02, 8.94736871e-02 ]
      - [ 9.30232555e-02, 9.76744145e-02, 8.83720964e-02, 8.83720964e-02,
          1.44186050e-01, 6.97674453e-02, 7.44186044e-02, 1.20930232e-01,
          1.20930232e-01, 1.02325581e-01 ]
      - [ 1.17948718e-01, 6.66666701e-02, 1.48717955e-01, 8.20512846e-02,
          1.07692309e-01, 7.69230798e-02, 1.17948718e-01, 1.02564104e-01,
          9.23076943e-02, 8.71794894e-02 ]
      - [ 9.93377492e-02, 9.27152336e-02, 1.78807944e-01, 1.52317882e-01,
          1.05960265e-01, 1.32450331e-02, 1.19205296e-01, 3.31125818e-02,
          9.27152336e-02, 1.12582780e-01 ]
      - [ 1.35007858e-01, 9.10518095e-02, 8.00627992e-02, 8.63422304e-02,
          1.27158552e-01, 1.17739409e-01, 8.63422304e-02, 1.02040820e-01,
          1.05180539e-01, 6.90737814e-02 ]
      - [ 1.30434781e-01, 9.42028984e-02, 1.11111112e-01, 1.23188406e-01,
          1.47342995e-01, 7.48792291e-02, 8.69565234e-02, 6.03864715e-02,
          9.66183543e-02, 7.48792291e-02 ]
      - [ 1.40043765e-01, 8.53391662e-02, 1.05032824e-01, 7.87746161e-02,
          1.55361056e-01, 7.65864328e-02, 1.02844641e-01, 5.68927787e-02,
          1.02844641e-01, 9.62800905e-02 ]
      - [ 1.49999991e-01, 9.09090862e-02, 1.22727267e-01, 3.63636352e-02,
          1.11363634e-01, 6.36363626e-02, 1.15909085e-01, 1.06818177e-01,
          1.06818177e-01, 9.54545438e-02 ]
      - [ 1.00702569e-01, 6.79156855e-02, 8.43091309e-02, 8.89929682e-02,
          1.21779852e-01, 6.79156855e-02, 1.17096014e-01, 1.10070251e-01,
          1.12412170e-01, 1.28805622e-01 ]
      - [ 1.40000001e-01, 9.49999988e-02, 1.04999997e-01, 7.00000003e-02,
          1.42499998e-01, 1.19999997e-01, 7.75000006e-02, 8.99999961e-02,
          1.02499999e-01, 5.74999973e-02 ]
      - [ 1.17333330e-01, 6.66666627e-02, 1.57333329e-01, 8.79999995e-02,
          1.09333329e-01, 6.39999956e-02, 1.41333327e-01, 6.39999956e-02,
          7.46666640e-02, 1.17333330e-01 ]
      - [ 9.21985805e-02, 2.12765951e-02, 4.25531901e-02, 0.,
          9.21985805e-02, 1.48936167e-01, 9.92907733e-02, 2.12765947e-01,
          1.70212761e-01, 1.20567374e-01 ]
      - [ 7.97872320e-02, 4.25531901e-02, 6.91489354e-02, 1.06382975e-02,
          1.38297871e-01, 1.70212761e-01, 1.38297871e-01, 1.59574464e-01,
          1.01063825e-01, 9.04255286e-02 ]
      - [ 1.17647059e-01, 5.51470593e-02, 1.10294119e-01, 9.55882370e-02,
          1.32352948e-01, 1.61764711e-01, 8.45588222e-02, 1.06617644e-01,
          6.61764741e-02, 6.98529407e-02 ]
      - [ 1.04417667e-01, 6.42570257e-02, 7.22891539e-02, 4.01606411e-03,
          1.12449795e-01, 1.48594379e-01, 1.12449795e-01, 1.56626493e-01,
          1.08433731e-01, 1.16465859e-01 ]
      - [ 6.66666701e-02, 4.88888919e-02, 8.88888910e-02, 4.44444455e-02,
          7.11111128e-02, 1.55555561e-01, 9.77777839e-02, 1.55555561e-01,
          1.42222226e-01, 1.28888890e-01 ]
      - [ 1.36546180e-01, 5.22088334e-02, 1.00401603e-01, 6.82730898e-02,
          1.32530123e-01, 1.00401603e-01, 1.36546180e-01, 2.40963846e-02,
          9.63855386e-02, 1.52610436e-01 ]
      - [ 6.89655170e-02, 1.23152710e-01, 3.94088663e-02, 1.97044332e-02,
          8.37438405e-02, 1.33004919e-01, 9.85221639e-02, 1.57635465e-01,
          1.57635465e-01, 1.18226603e-01 ]
      - [ 1.19535513e-01, 6.48907050e-02, 7.24043697e-02, 5.80601059e-02,
          1.13729507e-01, 1.39002725e-01, 1.28415301e-01, 8.06010887e-02,
          8.74316916e-02, 1.35928959e-01 ]
      - [ 1.19515881e-01, 6.20272309e-02, 7.56429657e-02, 1.08925864e-01,
          1.48260206e-01, 8.92586932e-02, 1.05900146e-01, 8.92586932e-02,
          8.01815391e-02, 1.21028736e-01 ]
      - [ 1.50015369e-01, 7.07039610e-02, 1.41407922e-01, 7.25484118e-02,
          1.49707958e-01, 1.11589298e-01, 8.97632912e-02, 4.98001836e-02,
          6.64002448e-02, 9.80633274e-02 ]
      - [ 1.25461251e-01, 5.16605154e-02, 1.69741705e-01, 3.87453884e-02,
          1.25461251e-01, 7.93357939e-02, 1.10701106e-01, 9.40959454e-02,
          9.77859795e-02, 1.07011072e-01 ]
      - [ 1.58227846e-01, 6.11814335e-02, 6.54008389e-02, 6.54008389e-02,
          1.75105482e-01, 8.43881816e-02, 1.01265818e-01, 9.49367061e-02,
          9.49367061e-02, 9.91561115e-02 ]
      - [ 1.98359668e-01, 3.37181054e-02, 7.65492097e-02, 4.49574739e-02,
          1.94410697e-01, 1.32138520e-01, 1.13304988e-01, 4.16160412e-02,
          4.79951426e-02, 1.16950184e-01 ]
      - [ 1.16883114e-01, 1.55844152e-01, 7.14285746e-02, 5.19480519e-02,
          1.13636367e-01, 4.22077924e-02, 1.42857149e-01, 4.87012975e-02,
          1.03896104e-01, 1.52597398e-01 ]
      - [ 1.17750444e-01, 9.45518464e-02, 5.51845357e-02, 7.27592260e-02,
          1.26186296e-01, 1.12829529e-01, 1.08963095e-01, 7.59226754e-02,
          1.28646746e-01, 1.07205629e-01 ]
      - [ 1.16584569e-01, 8.70279148e-02, 9.03119892e-02, 8.04597735e-02,
          1.24794744e-01, 7.71756992e-02, 1.33004934e-01, 1.03448279e-01,
          8.37438405e-02, 1.03448279e-01 ]
      - [ 9.34256092e-02, 4.49827015e-02, 1.52249143e-01, 1.24567479e-01,
          1.03806235e-01, 1.38408309e-02, 1.34948105e-01, 6.92041516e-02,
          1.34948105e-01, 1.28027692e-01 ]
      - [ 1.44000009e-01, 7.20000044e-02, 4.80000004e-02, 2.40000002e-02,
          1.68000013e-01, 8.00000057e-02, 1.36000007e-01, 1.28000006e-01,
          4.80000004e-02, 1.52000010e-01 ]
      - [ 1.20805368e-01, 7.04697967e-02, 1.30872488e-01, 7.04697967e-02,
          1.34228185e-01, 5.36912754e-02, 1.57718122e-01, 7.38255009e-02,
          6.71140924e-02, 1.20805368e-01 ]
      - [ 1.38632163e-01, 5.36044352e-02, 7.76340142e-02, 2.40295753e-02,
          1.14602588e-01, 1.18299447e-01, 1.01663589e-01, 1.20147876e-01,
          1.57116458e-01, 9.42698717e-02 ]
      - [ 1.01833001e-01, 7.94297382e-02, 1.44602865e-01, 1.26272917e-01,
          1.22199595e-01, 4.48065177e-02, 1.52749494e-01, 5.09165004e-02,
          5.90631403e-02, 1.18126281e-01 ]
      - [ 1.14705883e-01, 1.08823530e-01, 7.64705911e-02, 6.76470622e-02,
          1.29411772e-01, 8.52941200e-02, 1.05882354e-01, 5.58823533e-02,
          1.61764711e-01, 9.41176489e-02 ]
      - [ 1.11607149e-01, 5.35714328e-02, 1.11607149e-01, 9.37500075e-02,
          9.82142910e-02, 5.80357164e-02, 1.07142866e-01, 1.11607149e-01,
          1.38392866e-01, 1.16071433e-01 ]
      - [ 9.28143710e-02, 1.19760484e-01, 8.68263543e-02, 1.19760484e-01,
          9.28143710e-02, 4.79041934e-02, 1.13772459e-01, 8.08383226e-02,
          1.22754499e-01, 1.22754499e-01 ]
      - [ 8.15450624e-02, 6.00858368e-02, 1.07296139e-01, 1.28755361e-01,
          9.01287571e-02, 3.86266112e-02, 1.54506445e-01, 9.44205970e-02,
          1.15879826e-01, 1.28755361e-01 ]
      - [ 1.29709110e-01, 1.22556038e-01, 4.43490706e-02, 4.53028157e-02,
          1.41154036e-01, 1.36385322e-01, 1.06819272e-01, 6.58082962e-02,
          1.18264191e-01, 8.96518826e-02 ]
      - [ 1.19140625e-01, 7.42187500e-02, 6.44531250e-02, 4.88281250e-02,
          1.13281250e-01, 1.15234375e-01, 1.30859375e-01, 1.15234375e-01,
          1.11328125e-01, 1.07421875e-01 ]
      - [ 1.62746340e-01, 5.02225049e-02, 6.42085150e-02, 3.56007628e-02,
          1.48124605e-01, 2.04704374e-01, 9.53591838e-02, 5.65797836e-02,
          7.75588006e-02, 1.04895100e-01 ]
      - [ 1.43958867e-01, 8.99742916e-02, 6.16966560e-02, 5.91259636e-02,
          1.61953732e-01, 7.45501295e-02, 1.36246786e-01, 5.65552711e-02,
          7.96915144e-02, 1.36246786e-01 ]
      - [ 1.28672749e-01, 1.40830815e-01, 5.06585650e-02, 1.10435672e-01,
          1.36778116e-01, 5.97771071e-02, 1.07396156e-01, 2.93819662e-02,
          1.30699098e-01, 1.05369814e-01 ]
      - [ 1.27868846e-01, 4.91803288e-02, 1.14754096e-01, 6.55737668e-02,
          1.50819674e-01, 7.21311495e-02, 1.47540987e-01, 3.60655747e-02,
          1.24590166e-01, 1.11475408e-01 ]
      - [ 1.48936167e-01, 6.11702092e-02, 7.97872320e-02, 7.18085095e-02,
          1.30319148e-01, 1.03723399e-01, 1.14361696e-01, 8.24468061e-02,
          8.77659544e-02, 1.19680844e-01 ]
      - [ 8.35579485e-02, 9.43396240e-02, 1.42857134e-01, 1.02425873e-01,
          1.34770885e-01, 1.18598379e-01, 9.43396240e-02, 6.73854426e-02,
          9.16442052e-02, 7.00808614e-02 ]
      - [ 1.16504855e-01, 1.42394826e-01, 6.79611638e-02, 1.26213595e-01,
          1.19741105e-01, 7.11974129e-02, 7.44336620e-02, 6.14886768e-02,
          1.03559874e-01, 1.16504855e-01 ]
      - [ 1.45637035e-01, 3.60508002e-02, 5.94018847e-02, 2.70380992e-02,
          1.54035226e-01, 2.09135592e-01, 9.45309326e-02, 8.82834867e-02,
          8.58254805e-02, 1.00061446e-01 ]
      - [ 5.63380271e-02, 3.30985904e-01, 4.22535203e-02, 5.63380271e-02,
          4.22535203e-02, 7.74647892e-02, 7.74647892e-02, 4.92957756e-02,
          1.90140843e-01, 7.74647892e-02 ]
      - [ 1.34853661e-01, 5.54857254e-02, 6.37457371e-02, 6.75166100e-02,
          1.28389299e-01, 1.58197165e-01, 1.24618426e-01, 7.23648742e-02,
          7.41605312e-02, 1.20667987e-01 ]
      - [ 1.07428573e-01, 1.59999996e-01, 4.45714295e-02, 9.82857123e-02,
          1.07428573e-01, 9.60000008e-02, 1.05142854e-01, 1.16571426e-01,
          8.57142881e-02, 7.88571388e-02 ]
      - [ 1.63630992e-01, 8.64428505e-02, 2.56965645e-02, 2.39243880e-02,
          1.62154183e-01, 1.43152505e-01, 1.08004339e-01, 6.47829100e-02,
          1.13517776e-01, 1.08693518e-01 ]
      - [ 1.44588754e-01, 1.59307361e-01, 4.41558436e-02, 7.01298714e-02,
          1.29870132e-01, 9.35064927e-02, 1.17748924e-01, 3.03030312e-02,
          8.91774893e-02, 1.21212125e-01 ]
      - [ 1.54471546e-01, 5.69105670e-02, 6.91056848e-02, 1.62601620e-02,
          1.58536583e-01, 1.21951215e-01, 1.46341458e-01, 8.53658468e-02,
          6.91056848e-02, 1.21951215e-01 ]
      - [ 1.59810394e-01, 8.86067078e-02, 3.32493782e-02, 2.84919702e-02,
          1.63308486e-01, 1.17028713e-01, 1.06219605e-01, 6.83527440e-02,
          1.30951121e-01, 1.03980824e-01 ]
      - [ 1.33093521e-01, 1.90647483e-01, 2.51798574e-02, 1.33093521e-01,
          1.43884897e-01, 2.51798574e-02, 1.07913673e-01, 3.23741026e-02,
          7.19424486e-02, 1.36690646e-01 ]
      - [ 6.47163093e-02, 5.67375869e-02, 3.28014158e-02, 3.90070900e-02,
          5.85106350e-02, 6.38297871e-02, 6.82624057e-02, 2.94326246e-01,
          2.60638297e-01, 6.11702092e-02 ]
      - [ 1.19592875e-01, 2.36641228e-01, 1.78117044e-02, 2.26463109e-01,
          1.14503816e-01, 3.05343512e-02, 9.41475853e-02, 2.54452927e-03,
          7.63358772e-02, 8.14249367e-02 ]
      - [ 7.21530691e-02, 1.61364689e-01, 8.39096382e-02, 1.08114339e-01,
          6.77731708e-02, 3.98801304e-02, 5.69386818e-02, 1.78423241e-01,
          1.74273863e-01, 5.71692027e-02 ]
      - [ 9.27419364e-02, 4.20506895e-02, 1.45161286e-01, 5.87557591e-02,
          9.44700465e-02, 6.22119829e-02, 6.91244230e-02, 2.15437785e-01,
          1.33064523e-01, 8.69815648e-02 ]
      - [ 1.59793809e-01, 1.75257728e-01, 2.06185561e-02, 2.47422665e-01,
          9.79381427e-02, 8.24742243e-02, 9.79381427e-02, 1.03092780e-02,
          3.09278332e-02, 7.73195848e-02 ]
      - [ 1.00697905e-01, 1.18644066e-01, 3.09072789e-02, 1.79461613e-02,
          1.05682954e-01, 1.60518453e-01, 1.12662017e-01, 1.23629116e-01,
          1.21635094e-01, 1.07676968e-01 ]
      - [ 1.12740606e-01, 8.43263045e-02, 4.39963341e-02, 7.05774501e-02,
          1.20989919e-01, 1.22823097e-01, 8.79926682e-02, 1.42988086e-01,
          1.22823097e-01, 9.07424390e-02 ]
      - [ 1.22047246e-01, 9.44881886e-02, 3.14960629e-02, 7.87401572e-03,
          1.41732275e-01, 1.41732275e-01, 1.02362201e-01, 1.14173226e-01,
          1.41732275e-01, 1.02362201e-01 ]
      - [ 1.07049607e-01, 1.98433429e-01, 4.96083573e-02, 2.55874664e-01,
          9.39947814e-02, 2.61096619e-02, 9.92167145e-02, 7.83289783e-03,
          6.78851157e-02, 9.39947814e-02 ]
      - [ 1.33465141e-01, 6.96984604e-02, 8.89767632e-02, 5.78348972e-02,
          1.42362818e-01, 1.27039045e-01, 9.34256017e-02, 8.15620348e-02,
          1.16164103e-01, 8.94710794e-02 ]
      - [ 9.71866995e-02, 1.22762144e-01, 6.39386177e-02, 3.83631699e-02,
          9.97442454e-02, 6.64961636e-02, 1.04859337e-01, 1.07416876e-01,
          1.56010225e-01, 1.43222511e-01 ]
      - [ 8.17160383e-02, 9.29519981e-02, 5.10725267e-02, 5.41368760e-02,
          8.06945860e-02, 1.25638410e-01, 6.74157366e-02, 2.08375901e-01,
          1.75689489e-01, 6.23084791e-02 ]
      - [ 9.63855386e-02, 2.71084338e-01, 6.02409616e-03, 2.77108431e-01,
          1.02409631e-01, 3.61445770e-02, 1.08433731e-01, 6.02409616e-03,
          1.20481923e-02, 8.43373463e-02 ]
      - [ 9.81308371e-02, 2.33644843e-02, 1.16822429e-01, 6.54205605e-02,
          1.07476629e-01, 4.20560725e-02, 1.44859806e-01, 1.86915874e-01,
          1.07476629e-01, 1.07476629e-01 ]
      - [ 1.53409094e-01, 1.42045453e-01, 3.40909101e-02, 1.87500000e-01,
          1.13636367e-01, 5.11363670e-02, 9.09090936e-02, 5.68181835e-03,
          9.65909138e-02, 1.25000000e-01 ]
      - [ 1.22033894e-01, 1.55932203e-01, 2.37288140e-02, 2.40677968e-01,
          9.15254205e-02, 6.10169470e-02, 1.38983056e-01, 1.69491526e-02,
          4.40677963e-02, 1.05084747e-01 ]
      - [ 1.13725498e-01, 5.49019650e-02, 3.92156877e-02, 1.17647070e-02,
          8.62745121e-02, 8.23529437e-02, 1.17647067e-01, 2.35294133e-01,
          1.56862751e-01, 1.01960793e-01 ]
      - [ 1.11111112e-01, 2.35555559e-01, 2.22222228e-02, 1.06666669e-01,
          1.11111112e-01, 4.88888919e-02, 1.24444447e-01, 6.66666701e-02,
          5.77777773e-02, 1.15555555e-01 ]
      - [ 1.17437720e-01, 1.56583622e-01, 6.40569404e-02, 1.85053378e-01,
          1.17437720e-01, 6.40569404e-02, 1.17437720e-01, 1.42348753e-02,
          2.84697507e-02, 1.35231316e-01 ]
      - [ 7.40740746e-02, 2.96296299e-01, 0., 2.65432090e-01,
          9.87654328e-02, 4.32098769e-02, 5.55555560e-02, 1.85185187e-02,
          3.08641978e-02, 1.17283955e-01 ]
      - [ 1.28151804e-01, 1.03197299e-01, 6.16064481e-02, 9.27995816e-02,
          1.27891868e-01, 1.17494151e-01, 8.81206095e-02, 9.33194682e-02,
          9.12399292e-02, 9.61788371e-02 ]
      - [ 6.81381971e-02, 3.83877158e-02, 4.89443354e-02, 3.55086364e-02,
          7.38963485e-02, 4.60652560e-02, 6.33397326e-02, 3.24376196e-01,
          2.49520153e-01, 5.18234149e-02 ]
      - [ 1.56000003e-01, 2.24000007e-01, 3.20000015e-02, 2.04000011e-01,
          1.28000006e-01, 6.40000030e-02, 8.40000063e-02, 0.,
          1.60000008e-02, 9.20000076e-02 ]
      - [ 7.11864382e-02, 1.38983056e-01, 7.45762736e-02, 3.96610171e-01,
          8.81355926e-02, 4.40677963e-02, 9.15254205e-02, 3.38983047e-03,
          2.71186437e-02, 6.44067824e-02 ]
      - [ 6.72514588e-02, 1.11111112e-01, 1.69590652e-01, 2.07602337e-01,
          7.30994195e-02, 4.09356728e-02, 7.01754391e-02, 7.89473653e-02,
          1.22807018e-01, 5.84795326e-02 ]
      - [ 9.62566882e-02, 8.55614990e-02, 2.51336902e-01, 1.65775403e-01,
          6.41711205e-02, 6.41711205e-02, 1.06951877e-01, 3.74331549e-02,
          3.20855603e-02, 9.62566882e-02 ]
      - [ 7.82122910e-02, 5.58659211e-02, 1.78770944e-01, 2.29050279e-01,
          8.37988779e-02, 2.79329605e-02, 7.82122910e-02, 6.70391023e-02,
          1.17318429e-01, 8.37988779e-02 ]
      - [ 8.86699483e-02, 1.97044332e-02, 1.92118227e-01, 9.35960561e-02,
          8.86699483e-02, 6.40394092e-02, 8.37438405e-02, 1.23152710e-01,
          1.62561581e-01, 8.37438405e-02 ]
      - [ 1.17505997e-01, 7.91366920e-02, 1.34292573e-01, 9.59232599e-02,
          1.41486809e-01, 1.00719430e-01, 1.03117511e-01, 5.51558770e-02,
          4.07673866e-02, 1.31894484e-01 ]
      - [ 6.25000000e-02, 2.08333340e-02, 3.54166687e-01, 2.50000000e-01,
          5.20833358e-02, 4.16666679e-02, 4.16666679e-02, 5.20833358e-02,
          3.12500000e-02, 9.37500000e-02 ]
      - [ 9.46882218e-02, 1.06235564e-01, 1.75519630e-01, 1.57043874e-01,
          1.40877604e-01, 4.15704399e-02, 7.39030018e-02, 1.84757505e-02,
          1.08545035e-01, 8.31408799e-02 ]
      - [ 9.74025950e-02, 3.24675329e-02, 2.46753246e-01, 2.27272734e-01,
          1.10389613e-01, 5.19480519e-02, 9.74025950e-02, 1.29870130e-02,
          3.24675329e-02, 9.09090936e-02 ]
      - [ 1.03260875e-01, 1.14130437e-01, 1.44021735e-01, 1.68478265e-01,
          8.42391327e-02, 4.07608710e-02, 9.23913047e-02, 7.88043514e-02,
          7.60869607e-02, 9.78260860e-02 ]
      - [ 1.09947644e-01, 6.02094233e-02, 2.12041885e-01, 1.28272250e-01,
          1.07329845e-01, 6.02094233e-02, 6.28272295e-02, 7.85340294e-02,
          9.16230381e-02, 8.90052393e-02 ]
      - [ 3.80434804e-02, 1.46739140e-01, 2.01086953e-01, 1.92934781e-01,
          5.70652187e-02, 2.71739140e-02, 8.96739140e-02, 7.88043514e-02,
          1.00543477e-01, 6.79347813e-02 ]
      - [ 8.01886767e-02, 9.90566015e-02, 1.65094346e-01, 1.36792451e-01,
          7.07547218e-02, 2.59433966e-02, 5.42452857e-02, 1.29716977e-01,
          1.69811323e-01, 6.83962256e-02 ]
      - [ 1.04166664e-01, 9.02777761e-02, 1.21527776e-01, 1.11111112e-01,
          1.04166664e-01, 9.72222239e-02, 1.28472224e-01, 6.94444478e-02,
          6.59722239e-02, 1.07638888e-01 ]
      - [ 1.61585361e-01, 4.87804860e-02, 8.84146318e-02, 7.92682916e-02,
          1.40243903e-01, 1.34146333e-01, 8.53658468e-02, 9.14634094e-02,
          1.00609750e-01, 7.01219514e-02 ]
      - [ 1.37566134e-01, 6.61375672e-02, 8.99470896e-02, 5.82010560e-02,
          1.40211642e-01, 1.03174597e-01, 8.20105821e-02, 1.26984119e-01,
          1.16402112e-01, 7.93650746e-02 ]
      - [ 1.59999996e-01, 5.66666685e-02, 9.00000036e-02, 5.16666695e-02,
          1.63333341e-01, 1.13333337e-01, 1.20000005e-01, 6.33333325e-02,
          6.66666701e-02, 1.15000002e-01 ]
      - [ 1.49206355e-01, 2.85714287e-02, 8.88888910e-02, 6.82539716e-02,
          1.60317466e-01, 1.88888893e-01, 9.04761925e-02, 6.03174604e-02,
          7.46031776e-02, 9.04761925e-02 ]
      - [ 1.37931034e-01, 3.44827585e-02, 8.12807903e-02, 9.60591137e-02,
          1.82266012e-01, 1.18226603e-01, 1.33004919e-01, 4.67980281e-02,
          7.14285672e-02, 9.85221639e-02 ]
      - [ 1.54241651e-01, 4.62724939e-02, 8.74035954e-02, 6.42673522e-02,
          1.38817474e-01, 1.10539846e-01, 8.99742916e-02, 1.02827765e-01,
          8.48329067e-02, 1.20822623e-01 ]
      - [ 9.97304544e-02, 1.02425873e-01, 1.64420485e-01, 1.05121292e-01,
          1.26684636e-01, 8.89487863e-02, 6.46900237e-02, 1.02425873e-01,
          7.54716992e-02, 7.00808614e-02 ]
      - [ 1.14718616e-01, 4.97835502e-02, 1.25541121e-01, 8.87445882e-02,
          1.58008665e-01, 1.06060609e-01, 1.14718616e-01, 7.79220760e-02,
          6.49350658e-02, 9.95671004e-02 ]
      - [ 8.33333358e-02, 7.57575780e-02, 2.27272734e-01, 1.13636367e-01,
          9.84848514e-02, 4.54545468e-02, 9.09090936e-02, 5.30303046e-02,
          7.57575780e-02, 1.36363640e-01 ]
      - [ 7.93650821e-02, 1.19047631e-02, 1.42857149e-01, 7.53968284e-02,
          1.15079373e-01, 7.14285746e-02, 3.96825410e-02, 1.94444463e-01,
          2.26190493e-01, 4.36507948e-02 ]
      - [ 1.64576799e-01, 5.79937287e-02, 8.62068981e-02, 5.64263314e-02,
          1.95924759e-01, 1.23824447e-01, 1.08150467e-01, 4.54545431e-02,
          6.89655170e-02, 9.24764872e-02 ]
      - [ 1.64341092e-01, 4.18604650e-02, 8.99224803e-02, 4.65116277e-02,
          1.76744193e-01, 2.04651162e-01, 1.16279066e-01, 4.49612401e-02,
          3.25581394e-02, 8.21705461e-02 ]
      - [ 1.17994100e-01, 7.07964599e-02, 1.17994100e-01, 5.01474924e-02,
          1.76991150e-01, 8.84955749e-02, 1.03244841e-01, 7.66961649e-02,
          1.06194690e-01, 9.14454311e-02 ]
      - [ 9.73782763e-02, 5.61797768e-02, 1.53558061e-01, 8.61423239e-02,
          1.04868919e-01, 7.49063641e-02, 7.86516890e-02, 1.42322093e-01,
          1.01123594e-01, 1.04868919e-01 ]
      - [ 1.45790562e-01, 4.51745391e-02, 1.19096510e-01, 5.13347052e-02,
          1.84804931e-01, 1.56057507e-01, 6.57084212e-02, 6.98151961e-02,
          7.80287534e-02, 8.41889158e-02 ]
      - [ 1.22775801e-01, 9.96441245e-02, 1.19217083e-01, 1.24555156e-01,
          1.24555156e-01, 7.29537383e-02, 9.96441245e-02, 4.98220623e-02,
          7.47330934e-02, 1.12099640e-01 ]
      - [ 1.00286536e-01, 8.59598890e-02, 1.54727802e-01, 1.74785107e-01,
          1.23209171e-01, 6.59025833e-02, 7.44985715e-02, 4.87106033e-02,
          7.16332421e-02, 1.00286536e-01 ]
      - [ 1.53846160e-01, 4.33925055e-02, 1.57790929e-01, 7.29783028e-02,
          1.28205135e-01, 7.49506950e-02, 1.20315582e-01, 7.69230798e-02,
          5.12820520e-02, 1.20315582e-01 ]
      - [ 1.78057551e-01, 5.75539581e-02, 8.27338174e-02, 5.39568365e-02,
          1.65467635e-01, 1.02517985e-01, 1.22302160e-01, 6.11510798e-02,
          4.85611521e-02, 1.27697840e-01 ]
      - [ 1.25295505e-01, 9.69267115e-02, 8.27423185e-02, 8.03782493e-02,
          1.48936167e-01, 6.61938563e-02, 1.13475174e-01, 7.32860491e-02,
          1.11111112e-01, 1.01654850e-01 ]
   decision_functions:
      -
         sv_count: 182
         rho: -1.0000008450980573e+00
         alpha: [ 1.0000000000000001e-01, 1.0000000000000001e-01,
             1.0000000000000001e-01, 1.0000000000000001e-01,
             1.0000000000000001e-01, 1.0000000000000001e-01,
             1.0000000000000001e-01, 1.0000000000000001e-01,
             1.0000000000000001e-01, 1.0000000000000001e-01,
             1.2559591544171161e-02, 1.0000000000000001e-01,
             1.0000000000000001e-01, 1.0000000000000001e-01,
             1.0000000000000001e-01, 1.0000000000000001e-01,
             1.0000000000000001e-01, 1.0000000000000001e-01,
             1.0000000000000001e-01, 1.7307692579925066e-02,
             1.0000000000000001e-01, 1.0000000000000001e-01,
             1.0000000000000001e-01, 1.0000000000000001e-01,
             1.0000000000000001e-01, 1.0000000000000001e-01,
             1.0000000000000001e-01, 1.0000000000000001e-01,
             1.0000000000000001e-01, 1.0000000000000001e-01,
             1.0000000000000001e-01, 1.0000000000000001e-01,
             1.0000000000000001e-01, 1.0000000000000001e-01,
             1.0000000000000001e-01, 1.0000000000000001e-01,
             1.0000000000000001e-01, 1.0000000000000001e-01,
             1.0000000000000001e-01, 1.0000000000000001e-01,
             1.0000000000000001e-01, 1.0000000000000001e-01,
             1.0000000000000001e-01, 1.0000000000000001e-01,
             1.0000000000000001e-01, 1.0000000000000001e-01,
             1.0000000000000001e-01, 1.0000000000000001e-01,
             1.0000000000000001e-01, 1.0000000000000001e-01,
             1.0000000000000001e-01, 1.0000000000000001e-01,
             8.2692307420074940e-02, 1.0000000000000001e-01,
             1.0000000000000001e-01, 1.0000000000000001e-01,
             1.0000000000000001e-01, 3.8505666929742562e-02,
             1.0000000000000001e-01, 1.0000000000000001e-01,
             1.0000000000000001e-01, 1.0000000000000001e-01,
             1.0000000000000001e-01, 1.0000000000000001e-01,
             1.0000000000000001e-01, 1.0000000000000001e-01,
             1.0000000000000001e-01, 1.0000000000000001e-01,
             1.0000000000000001e-01, 1.0000000000000001e-01,
             1.0000000000000001e-01, 1.0000000000000001e-01,
             1.0000000000000001e-01, 1.0000000000000001e-01,
             1.0000000000000001e-01, 1.0000000000000001e-01,
             1.0000000000000001e-01, 1.0000000000000001e-01,
             8.5958081567525005e-02, 1.0000000000000001e-01,
             1.0000000000000001e-01, 1.0000000000000001e-01,
             1.0000000000000001e-01, 1.0000000000000001e-01,
             8.5387899420964475e-03, 1.0000000000000001e-01,
             1.0000000000000001e-01, 1.0000000000000001e-01,
             1.0000000000000001e-01, 1.0000000000000001e-01,
             1.0000000000000001e-01, 1.0000000000000001e-01,
             5.4437870016464829e-02, -1.0000000000000001e-01,
             -1.0000000000000001e-01, -1.0000000000000001e-01,
             -1.0000000000000001e-01, -1.0000000000000001e-01,
             -1.0000000000000001e-01, -1.0000000000000001e-01,
             -1.0000000000000001e-01, -1.0000000000000001e-01,
             -1.0000000000000001e-01, -1.0000000000000001e-01,
             -1.0000000000000001e-01, -1.0000000000000001e-01,
             -1.0000000000000001e-01, -1.0000000000000001e-01,
             -1.0000000000000001e-01, -1.0000000000000001e-01,
             -1.0000000000000001e-01, -1.0000000000000001e-01,
             -1.0000000000000001e-01, -1.0000000000000001e-01,
             -1.0000000000000001e-01, -1.0000000000000001e-01,
             -1.0000000000000001e-01, -1.0000000000000001e-01,
             -1.0000000000000001e-01, -1.0000000000000001e-01,
             -1.0000000000000001e-01, -1.0000000000000001e-01,
             -1.0000000000000001e-01, -1.0000000000000001e-01,
             -1.0000000000000001e-01, -1.0000000000000001e-01,
             -1.0000000000000001e-01, -1.0000000000000001e-01,
             -1.0000000000000001e-01, -1.0000000000000001e-01,
             -1.0000000000000001e-01, -1.0000000000000001e-01,
             -1.0000000000000001e-01, -1.0000000000000001e-01,
             -1.0000000000000001e-01, -1.0000000000000001e-01,
             -1.0000000000000001e-01, -1.0000000000000001e-01,
             -1.0000000000000001e-01, -1.0000000000000001e-01,
             -1.0000000000000001e-01, -1.0000000000000001e-01,
             -1.0000000000000001e-01, -1.0000000000000001e-01,
             -1.0000000000000001e-01, -1.0000000000000001e-01,
             -1.0000000000000001e-01, -1.0000000000000001e-01,
             -1.0000000000000001e-01, -1.0000000000000001e-01,
             -1.0000000000000001e-01, -1.0000000000000001e-01,
             -1.0000000000000001e-01, -1.0000000000000001e-01,
             -1.0000000000000001e-01, -1.0000000000000001e-01,
             -1.0000000000000001e-01, -1.0000000000000001e-01,
             -1.0000000000000001e-01, -1.0000000000000001e-01,
             -1.0000000000000001e-01, -1.0000000000000001e-01,
             -1.0000000000000001e-01, -1.0000000000000001e-01,
             -1.0000000000000001e-01, -1.0000000000000001e-01,
             -1.0000000000000001e-01, -1.0000000000000001e-01,
             -1.0000000000000001e-01, -1.0000000000000001e-01,
             -1.0000000000000001e-01, -1.0000000000000001e-01,
             -1.0000000000000001e-01, -1.0000000000000001e-01,
             -1.0000000000000001e-01, -1.0000000000000001e-01,
             -1.0000000000000001e-01, -1.0000000000000001e-01,
             -1.0000000000000001e-01, -1.0000000000000001e-01,
             -1.0000000000000001e-01, -1.0000000000000001e-01 ]
         index: [ 163, 164, 165, 166, 167, 168, 169, 170, 171, 172, 173,
             174, 175, 176, 177, 178, 179, 180, 89, 90, 91, 92, 93, 94,
             95, 96, 97, 98, 99, 181, 100, 101, 102, 103, 104, 105, 106,
             107, 108, 109, 110, 111, 112, 113, 114, 115, 116, 117, 118,
             119, 120, 121, 122, 123, 124, 125, 126, 127, 128, 129, 130,
             131, 132, 133, 134, 135, 136, 137, 138, 139, 140, 141, 142,
             143, 144, 145, 146, 147, 148, 149, 150, 151, 152, 153, 154,
             155, 156, 157, 158, 159, 160, 161, 162, 1, 2, 3, 4, 5, 6, 7,
             8, 9, 10, 11, 12, 13, 14, 15, 16, 17, 18, 19, 20, 21, 22,
             23, 24, 25, 26, 27, 28, 29, 30, 31, 32, 33, 34, 35, 36, 37,
             38, 39, 40, 41, 42, 43, 44, 45, 46, 47, 48, 49, 50, 51, 52,
             53, 54, 55, 56, 57, 58, 59, 61, 62, 63, 64, 65, 66, 67, 68,
             69, 70, 71, 72, 73, 74, 75, 76, 77, 78, 79, 80, 81, 82, 83,
             84, 85, 86, 87, 88, 60, 0 ]
