%YAML:1.0
---
opencv_ml_svm:
   format: 3
   svmType: C_SVC
   kernel:
      type: RBF
      gamma: 5.0625000000000009e-01
   C: 6.2500000000000000e+01
   term_criteria: { iterations:100 }
   var_count: 10
   class_count: 2
   class_labels: !!opencv-matrix
      rows: 2
      cols: 1
      dt: i
      data: [ 0, 1 ]
   sv_total: 111
   support_vectors:
      - [ 9.99999940e-02, 1.27272725e-01, 7.72727281e-02, 1.36363626e-01,
          1.18181817e-01, 7.27272704e-02, 1.22727267e-01, 8.63636360e-02,
          6.81818128e-02, 9.09090862e-02 ]
      - [ 9.81308371e-02, 6.54205605e-02, 1.16822429e-01, 1.12149529e-01,
          1.40186906e-01, 7.47663528e-02, 1.58878505e-01, 3.27102803e-02,
          3.73831764e-02, 1.63551390e-01 ]
      - [ 1.11111112e-01, 1.79012343e-01, 1.29629627e-01, 1.41975313e-01,
          7.40740746e-02, 4.32098769e-02, 1.17283955e-01, 5.55555560e-02,
          9.25925970e-02, 5.55555560e-02 ]
      - [ 8.43373463e-02, 9.63855386e-02, 1.62650600e-01, 1.62650600e-01,
          1.14457831e-01, 5.42168655e-02, 1.02409631e-01, 4.21686731e-02,
          7.83132464e-02, 1.02409631e-01 ]
      - [ 7.64705911e-02, 7.05882385e-02, 1.17647059e-01, 1.35294124e-01,
          8.23529437e-02, 4.70588244e-02, 1.00000001e-01, 1.00000001e-01,
          1.52941182e-01, 1.17647059e-01 ]
      - [ 7.67263398e-02, 6.13810718e-02, 1.32992327e-01, 8.18414316e-02,
          1.35549873e-01, 7.67263398e-02, 6.39386177e-02, 7.92838857e-02,
          1.84143215e-01, 1.07416876e-01 ]
      - [ 1.26315802e-01, 3.15789506e-02, 7.89473727e-02, 1.05263162e-02,
          1.63157895e-01, 2.05263168e-01, 8.94736871e-02, 1.15789481e-01,
          8.94736871e-02, 8.94736871e-02 ]
      - [ 9.93377492e-02, 9.27152336e-02, 1.78807944e-01, 1.52317882e-01,
          1.05960265e-01, 1.32450331e-02, 1.19205296e-01, 3.31125818e-02,
          9.27152336e-02, 1.12582780e-01 ]
      - [ 1.17647059e-01, 5.51470593e-02, 1.10294119e-01, 9.55882370e-02,
          1.32352948e-01, 1.61764711e-01, 8.45588222e-02, 1.06617644e-01,
          6.61764741e-02, 6.98529407e-02 ]
      - [ 6.89655170e-02, 1.23152710e-01, 3.94088663e-02, 1.97044332e-02,
          8.37438405e-02, 1.33004919e-01, 9.85221639e-02, 1.57635465e-01,
          1.57635465e-01, 1.18226603e-01 ]
      - [ 8.25688019e-02, 1.92660540e-01, 1.28440365e-01, 7.33944923e-02,
          1.19266048e-01, 4.58715558e-02, 1.10091738e-01, 4.58715558e-02,
          1.10091738e-01, 9.17431116e-02 ]
      - [ 9.34256092e-02, 4.49827015e-02, 1.52249143e-01, 1.24567479e-01,
          1.03806235e-01, 1.38408309e-02, 1.34948105e-01, 6.92041516e-02,
          1.34948105e-01, 1.28027692e-01 ]
      - [ 2.11640209e-01, 3.70370373e-02, 8.46560821e-02, 1.48148149e-01,
          1.85185179e-01, 7.93650746e-02, 2.64550261e-02, 4.23280410e-02,
          1.69312164e-01, 1.58730149e-02 ]
      - [ 1.01833001e-01, 7.94297382e-02, 1.44602865e-01, 1.26272917e-01,
          1.22199595e-01, 4.48065177e-02, 1.52749494e-01, 5.09165004e-02,
          5.90631403e-02, 1.18126281e-01 ]
      - [ 1.07351229e-01, 1.21353559e-01, 1.82030335e-01, 1.47024512e-01,
          1.13185532e-01, 4.78413068e-02, 7.00116679e-02, 5.83430566e-02,
          7.46791139e-02, 7.81796947e-02 ]
      - [ 1.18397087e-01, 9.83606577e-02, 1.47540987e-01, 1.25683054e-01,
          9.10746828e-02, 2.55009104e-02, 1.36612028e-01, 6.37522787e-02,
          6.19307831e-02, 1.31147534e-01 ]
      - [ 1.28787875e-01, 7.19697028e-02, 2.12121218e-01, 9.46969688e-02,
          1.32575765e-01, 6.43939376e-02, 1.06060609e-01, 1.51515156e-02,
          9.09090936e-02, 8.33333358e-02 ]
      - [ 8.08510631e-02, 1.54137120e-01, 1.22458629e-01, 1.58392429e-01,
          9.31442082e-02, 4.82269488e-02, 5.62647730e-02, 9.64538977e-02,
          1.34751767e-01, 5.53191490e-02 ]
      - [ 5.63380271e-02, 3.30985904e-01, 4.22535203e-02, 5.63380271e-02,
          4.22535203e-02, 7.74647892e-02, 7.74647892e-02, 4.92957756e-02,
          1.90140843e-01, 7.74647892e-02 ]
      - [ 9.91124287e-02, 1.33875743e-01, 1.44970417e-01, 2.74408281e-01,
          1.05769232e-01, 5.69526628e-02, 5.39940819e-02, 4.58579883e-02,
          4.21597622e-02, 4.28994074e-02 ]
      - [ 9.27083418e-02, 1.25000000e-01, 1.41666681e-01, 2.18750015e-01,
          8.54166746e-02, 4.06250022e-02, 7.29166716e-02, 6.35416731e-02,
          8.12500045e-02, 7.81250075e-02 ]
      - [ 7.51140714e-02, 2.00421199e-01, 9.79290977e-02, 2.34117225e-01,
          7.19550699e-02, 4.52790447e-02, 4.70340475e-02, 6.98490664e-02,
          1.04949102e-01, 5.33520505e-02 ]
      - [ 1.01669192e-01, 7.13201836e-02, 1.71471924e-01, 1.47192717e-01,
          8.34597871e-02, 9.55993906e-02, 5.31107746e-02, 1.22913502e-01,
          9.40819383e-02, 5.91805764e-02 ]
      - [ 1.17647067e-01, 1.40271500e-01, 1.38009056e-01, 1.65158376e-01,
          8.37104097e-02, 4.29864265e-02, 7.69230798e-02, 4.75113131e-02,
          1.06334843e-01, 8.14479664e-02 ]
      - [ 6.47163093e-02, 5.67375869e-02, 3.28014158e-02, 3.90070900e-02,
          5.85106350e-02, 6.38297871e-02, 6.82624057e-02, 2.94326246e-01,
          2.60638297e-01, 6.11702092e-02 ]
      - [ 7.21530691e-02, 1.61364689e-01, 8.39096382e-02, 1.08114339e-01,
          6.77731708e-02, 3.98801304e-02, 5.69386818e-02, 1.78423241e-01,
          1.74273863e-01, 5.71692027e-02 ]
      - [ 1.70731708e-01, 1.68292686e-01, 4.39024381e-02, 1.02439024e-01,
          1.41463414e-01, 7.80487806e-02, 5.36585376e-02, 7.07317069e-02,
          1.19512193e-01, 5.12195118e-02 ]
      - [ 9.27419364e-02, 4.20506895e-02, 1.45161286e-01, 5.87557591e-02,
          9.44700465e-02, 6.22119829e-02, 6.91244230e-02, 2.15437785e-01,
          1.33064523e-01, 8.69815648e-02 ]
      - [ 1.11510791e-01, 1.54676259e-01, 1.07913669e-02, 2.55395681e-01,
          1.00719430e-01, 3.95683460e-02, 8.27338174e-02, 3.59712238e-03,
          1.65467635e-01, 7.55395666e-02 ]
      - [ 1.07049607e-01, 1.98433429e-01, 4.96083573e-02, 2.55874664e-01,
          9.39947814e-02, 2.61096619e-02, 9.92167145e-02, 7.83289783e-03,
          6.78851157e-02, 9.39947814e-02 ]
      - [ 1.28000006e-01, 1.72000006e-01, 2.80000009e-02, 2.92000026e-01,
          1.52000010e-01, 3.20000015e-02, 7.20000044e-02, 4.00000019e-03,
          3.20000015e-02, 8.80000070e-02 ]
      - [ 1.17559522e-01, 1.23511910e-01, 9.67261940e-02, 2.61904776e-01,
          1.10119052e-01, 5.35714291e-02, 7.44047612e-02, 2.38095243e-02,
          7.29166716e-02, 6.54761940e-02 ]
      - [ 9.81308371e-02, 2.33644843e-02, 1.16822429e-01, 6.54205605e-02,
          1.07476629e-01, 4.20560725e-02, 1.44859806e-01, 1.86915874e-01,
          1.07476629e-01, 1.07476629e-01 ]
      - [ 1.21875003e-01, 8.90625045e-02, 1.09375000e-01, 2.53125012e-01,
          1.20312504e-01, 6.25000000e-02, 5.78125007e-02, 9.37500037e-03,
          1.18749999e-01, 5.78125007e-02 ]
      - [ 1.09429568e-01, 1.42025620e-01, 1.60651922e-01, 2.60768354e-01,
          1.02444708e-01, 4.77299206e-02, 4.54016291e-02, 2.09545977e-02,
          5.93713634e-02, 5.12223542e-02 ]
      - [ 7.11864382e-02, 1.38983056e-01, 7.45762736e-02, 3.96610171e-01,
          8.81355926e-02, 4.40677963e-02, 9.15254205e-02, 3.38983047e-03,
          2.71186437e-02, 6.44067824e-02 ]
      - [ 1.02689490e-01, 1.57701716e-01, 1.05134480e-01, 3.00733507e-01,
          9.53545272e-02, 6.35696873e-02, 7.57946223e-02, 1.22249397e-02,
          2.93398537e-02, 5.74572161e-02 ]
      - [ 1.16504855e-01, 8.25242698e-02, 1.55339807e-01, 2.28155345e-01,
          1.01941749e-01, 1.01941749e-01, 9.22330096e-02, 4.85436898e-03,
          4.85436916e-02, 6.79611638e-02 ]
      - [ 6.47321492e-02, 1.91964298e-01, 1.62946433e-01, 2.58928597e-01,
          1.09375007e-01, 2.90178582e-02, 4.46428582e-02, 3.12500000e-02,
          6.02678582e-02, 4.68750037e-02 ]
      - [ 1.19133577e-01, 1.20938629e-01, 1.06498197e-01, 1.71480149e-01,
          1.06498197e-01, 6.67870045e-02, 9.38628167e-02, 3.42960283e-02,
          8.48375410e-02, 9.56678689e-02 ]
      - [ 8.46994519e-02, 1.17486335e-01, 1.20218575e-01, 1.83060110e-01,
          9.83606502e-02, 4.37158458e-02, 9.01639313e-02, 5.46448082e-02,
          9.83606502e-02, 1.09289616e-01 ]
      - [ 1.27941176e-01, 6.61764741e-02, 1.23529412e-01, 7.05882385e-02,
          1.14705883e-01, 6.61764741e-02, 8.97058845e-02, 1.04411766e-01,
          1.50000006e-01, 8.67647082e-02 ]
      - [ 1.20320857e-01, 1.09625667e-01, 9.35828909e-02, 1.49732620e-01,
          1.12299465e-01, 6.68449178e-02, 9.09090936e-02, 5.61497323e-02,
          9.09090936e-02, 1.09625667e-01 ]
      - [ 8.89830515e-02, 6.77966103e-02, 3.22033912e-01, 1.52542368e-01,
          9.74576250e-02, 4.23728824e-02, 3.81355919e-02, 4.66101691e-02,
          1.05932206e-01, 3.81355919e-02 ]
      - [ 1.29032254e-01, 3.87096778e-02, 1.74193546e-01, 1.93548381e-01,
          1.67741939e-01, 4.51612882e-02, 7.74193555e-02, 4.51612882e-02,
          4.51612882e-02, 8.38709697e-02 ]
      - [ 9.33333337e-02, 8.53333324e-02, 1.78666666e-01, 1.06666669e-01,
          1.19999997e-01, 1.01333335e-01, 1.22666664e-01, 4.53333333e-02,
          7.19999969e-02, 7.46666640e-02 ]
      - [ 1.53284669e-01, 7.29926974e-02, 1.10948898e-01, 4.23357636e-02,
          1.24087587e-01, 7.88321123e-02, 7.59124085e-02, 1.06569342e-01,
          1.47445247e-01, 8.75912383e-02 ]
      - [ 1.21673003e-01, 8.74524713e-02, 1.67300373e-01, 1.10266156e-01,
          1.33079842e-01, 7.98479095e-02, 1.10266156e-01, 4.94296588e-02,
          5.70342205e-02, 8.36501867e-02 ]
      - [ 9.55711007e-02, 9.32400972e-02, 1.42191142e-01, 1.32867143e-01,
          8.39160830e-02, 1.09557115e-01, 5.12820520e-02, 1.14219114e-01,
          1.18881121e-01, 5.82750589e-02 ]
      - [ 9.45945978e-02, 9.96621624e-02, 1.40202701e-01, 8.10810849e-02,
          1.03040546e-01, 7.26351365e-02, 7.60135129e-02, 1.30067572e-01,
          1.43581077e-01, 5.91216236e-02 ]
      - [ 8.71459693e-02, 6.75381273e-02, 1.41612202e-01, 1.74291939e-01,
          1.02396511e-01, 4.57516313e-02, 7.18954206e-02, 9.36819166e-02,
          1.24183007e-01, 9.15032625e-02 ]
      - [ 4.82456163e-02, 8.77192989e-02, 1.84210524e-01, 1.97368428e-01,
          6.14035092e-02, 2.63157897e-02, 3.50877196e-02, 1.14035085e-01,
          2.01754391e-01, 4.38596494e-02 ]
      - [ 1.28404662e-01, 4.47470807e-02, 2.37354085e-01, 1.24513619e-01,
          1.07003890e-01, 5.83657585e-02, 9.33852121e-02, 4.66926061e-02,
          7.39299580e-02, 8.56031105e-02 ]
      - [ 1.46608323e-01, 1.15973741e-01, 9.62800905e-02, 1.15973741e-01,
          1.24726482e-01, 1.02844641e-01, 5.90809621e-02, 5.68927787e-02,
          1.07221007e-01, 7.43982494e-02 ]
      - [ 1.34146333e-01, 3.25203240e-02, 1.54471546e-01, 1.74796745e-01,
          1.62601620e-01, 9.34959352e-02, 8.94308910e-02, 1.62601620e-02,
          5.28455265e-02, 8.94308910e-02 ]
      - [ 1.10486895e-01, 1.04868919e-01, 1.55430719e-01, 1.17977530e-01,
          1.49812728e-01, 7.11610466e-02, 1.10486895e-01, 3.74531820e-02,
          6.17977530e-02, 8.05243477e-02 ]
      - [ 1.25000000e-01, 1.41129032e-01, 1.45161286e-01, 2.25806445e-01,
          8.87096748e-02, 8.06451589e-03, 1.08870968e-01, 3.62903215e-02,
          3.22580636e-02, 8.87096748e-02 ]
      - [ 1.26126125e-01, 1.35135144e-01, 9.00900960e-02, 7.95795843e-02,
          1.24624625e-01, 1.12612613e-01, 8.55855867e-02, 6.60660714e-02,
          1.15615621e-01, 6.45645633e-02 ]
      - [ 8.86699483e-02, 1.97044332e-02, 1.92118227e-01, 9.35960561e-02,
          8.86699483e-02, 6.40394092e-02, 8.37438405e-02, 1.23152710e-01,
          1.62561581e-01, 8.37438405e-02 ]
      - [ 1.35193139e-01, 9.87124443e-02, 1.33047208e-01, 1.65236056e-01,
          9.65665206e-02, 6.43776804e-02, 6.43776804e-02, 4.29184549e-02,
          1.15879826e-01, 8.36909860e-02 ]
      - [ 1.16731517e-01, 6.61478564e-02, 1.55642018e-01, 1.26459137e-01,
          1.40077814e-01, 8.56031105e-02, 7.97665343e-02, 6.22568093e-02,
          9.92217883e-02, 6.80933818e-02 ]
      - [ 1.17505997e-01, 7.91366920e-02, 1.34292573e-01, 9.59232599e-02,
          1.41486809e-01, 1.00719430e-01, 1.03117511e-01, 5.51558770e-02,
          4.07673866e-02, 1.31894484e-01 ]
      - [ 6.25000000e-02, 2.08333340e-02, 3.54166687e-01, 2.50000000e-01,
          5.20833358e-02, 4.16666679e-02, 4.16666679e-02, 5.20833358e-02,
          3.12500000e-02, 9.37500000e-02 ]
      - [ 1.25802308e-01, 1.15532741e-01, 1.39922976e-01, 1.24518618e-01,
          1.15532741e-01, 8.21566135e-02, 8.72914046e-02, 5.90500645e-02,
          6.67522475e-02, 8.34403113e-02 ]
      - [ 1.33187771e-01, 5.67685589e-02, 1.72489092e-01, 1.20087340e-01,
          1.09170310e-01, 7.64192119e-02, 5.24017476e-02, 1.00436680e-01,
          1.31004363e-01, 4.80349362e-02 ]
      - [ 1.35135129e-01, 9.82800946e-02, 1.91646188e-01, 9.58230942e-02,
          1.32678136e-01, 7.12530687e-02, 6.87960684e-02, 5.40540516e-02,
          6.14250600e-02, 9.09090862e-02 ]
      - [ 9.74025950e-02, 3.24675329e-02, 2.46753246e-01, 2.27272734e-01,
          1.10389613e-01, 5.19480519e-02, 9.74025950e-02, 1.29870130e-02,
          3.24675329e-02, 9.09090936e-02 ]
      - [ 1.00558653e-01, 1.53631285e-01, 1.25698313e-01, 1.64804459e-01,
          1.14525139e-01, 5.86592145e-02, 9.21787694e-02, 3.35195512e-02,
          7.26256967e-02, 8.37988779e-02 ]
      - [ 1.09271526e-01, 9.27152336e-02, 1.42384112e-01, 2.31788084e-01,
          1.09271526e-01, 3.97351012e-02, 7.61589408e-02, 4.96688746e-02,
          8.60927179e-02, 6.29139096e-02 ]
      - [ 8.96861032e-02, 1.30044848e-01, 1.12107627e-01, 1.43497765e-01,
          9.41704065e-02, 5.82959652e-02, 7.17488825e-02, 1.07623324e-01,
          1.34529158e-01, 5.82959652e-02 ]
      - [ 7.80000016e-02, 2.08000004e-01, 8.60000029e-02, 1.60000011e-01,
          5.40000014e-02, 4.00000028e-02, 3.60000022e-02, 1.16000004e-01,
          1.76000014e-01, 4.60000038e-02 ]
      - [ 9.55414027e-02, 7.32484087e-02, 8.59872624e-02, 1.94267511e-01,
          1.05095543e-01, 6.68789819e-02, 9.55414027e-02, 5.73248416e-02,
          1.36942685e-01, 8.91719759e-02 ]
      - [ 1.06334843e-01, 8.37104097e-02, 1.69683263e-01, 1.06334843e-01,
          1.24434397e-01, 4.07239832e-02, 1.26696840e-01, 6.33484200e-02,
          8.37104097e-02, 9.50226262e-02 ]
      - [ 1.25000000e-01, 5.95238097e-02, 1.19047619e-01, 1.96428582e-01,
          1.36904761e-01, 1.01190478e-01, 7.73809552e-02, 6.54761940e-02,
          4.76190485e-02, 7.14285746e-02 ]
      - [ 9.58904102e-02, 1.54109582e-01, 1.23287670e-01, 1.60958901e-01,
          1.43835619e-01, 4.45205495e-02, 7.53424615e-02, 4.45205495e-02,
          6.84931502e-02, 8.90410990e-02 ]
      - [ 1.18483417e-01, 7.10900500e-02, 2.13270158e-01, 1.51658773e-01,
          8.05687234e-02, 5.68720400e-02, 1.56398118e-01, 2.36966833e-02,
          4.73933667e-02, 8.05687234e-02 ]
      - [ 8.01886767e-02, 9.90566015e-02, 1.65094346e-01, 1.36792451e-01,
          7.07547218e-02, 2.59433966e-02, 5.42452857e-02, 1.29716977e-01,
          1.69811323e-01, 6.83962256e-02 ]
      - [ 7.16463402e-02, 1.90548778e-01, 1.61585361e-01, 1.47865847e-01,
          7.62195066e-02, 3.20121944e-02, 7.77439028e-02, 5.33536561e-02,
          1.23475604e-01, 6.55487776e-02 ]
      - [ 8.70406181e-02, 1.50870413e-01, 1.12185687e-01, 1.93423599e-01,
          9.86460373e-02, 5.60928434e-02, 6.38297871e-02, 6.96325004e-02,
          1.14119925e-01, 5.41586094e-02 ]
      - [ 9.19732451e-02, 9.69899669e-02, 1.33779258e-01, 1.33779258e-01,
          8.19398016e-02, 5.18394634e-02, 7.02341124e-02, 1.60535112e-01,
          1.05351172e-01, 7.35785961e-02 ]
      - [ 6.94006309e-02, 1.27760261e-01, 1.24605678e-01, 1.21451110e-01,
          6.46687746e-02, 4.25867513e-02, 5.04731871e-02, 1.82965308e-01,
          1.56151429e-01, 5.99369109e-02 ]
      - [ 1.34831458e-01, 7.86516890e-02, 1.61516860e-01, 1.16573036e-01,
          1.25000000e-01, 6.60112351e-02, 8.28651711e-02, 5.61797768e-02,
          9.55056176e-02, 8.28651711e-02 ]
      - [ 1.06172845e-01, 1.30864203e-01, 1.40740752e-01, 1.90123469e-01,
          8.64197537e-02, 3.45679037e-02, 8.88888910e-02, 5.67901246e-02,
          6.17283992e-02, 1.03703707e-01 ]
      - [ 1.21212125e-01, 9.95671004e-02, 1.40692636e-01, 1.49350643e-01,
          1.23376623e-01, 7.57575780e-02, 8.22510794e-02, 4.54545468e-02,
          6.49350658e-02, 9.74025950e-02 ]
      - [ 1.10169493e-01, 1.27118647e-01, 9.11016986e-02, 1.56779662e-01,
          1.18644066e-01, 5.50847463e-02, 1.03813559e-01, 3.60169485e-02,
          9.32203382e-02, 1.08050846e-01 ]
      - [ 1.15789481e-01, 1.10526323e-01, 1.36842117e-01, 9.21052694e-02,
          1.07894741e-01, 6.31579012e-02, 7.10526332e-02, 1.21052638e-01,
          1.15789481e-01, 6.57894760e-02 ]
      - [ 1.17117122e-01, 6.75675720e-02, 1.73423424e-01, 1.30630627e-01,
          9.90990996e-02, 3.82882878e-02, 6.08108118e-02, 1.28378376e-01,
          1.05855860e-01, 7.88288340e-02 ]
      - [ 1.35755256e-01, 1.01338431e-01, 1.26195028e-01, 1.66347995e-01,
          1.05162524e-01, 6.30975142e-02, 7.45697916e-02, 6.30975142e-02,
          9.94263887e-02, 6.50095567e-02 ]
      - [ 1.28749996e-01, 1.06249996e-01, 1.38750002e-01, 8.99999961e-02,
          1.25000000e-01, 7.37499967e-02, 1.01250000e-01, 5.24999984e-02,
          1.06249996e-01, 7.75000006e-02 ]
      - [ 1.57480314e-01, 5.51181100e-02, 2.00787395e-01, 6.69291317e-02,
          1.45669296e-01, 1.14173226e-01, 4.72440943e-02, 3.93700786e-02,
          1.06299214e-01, 6.69291317e-02 ]
      - [ 8.82352963e-02, 3.92156877e-02, 2.51634002e-01, 1.27450988e-01,
          1.17647059e-01, 3.92156877e-02, 9.80392173e-02, 6.20915033e-02,
          9.15032700e-02, 8.49673226e-02 ]
      - [ 1.50170639e-01, 5.46075068e-02, 1.80887371e-01, 2.73037534e-02,
          1.05802044e-01, 8.19112584e-02, 1.09215014e-01, 7.50853196e-02,
          1.16040953e-01, 9.89761055e-02 ]
      - [ 9.97304544e-02, 1.02425873e-01, 1.64420485e-01, 1.05121292e-01,
          1.26684636e-01, 8.89487863e-02, 6.46900237e-02, 1.02425873e-01,
          7.54716992e-02, 7.00808614e-02 ]
      - [ 1.11436948e-01, 1.11436948e-01, 1.73020527e-01, 1.37829915e-01,
          1.05571851e-01, 1.11436948e-01, 7.62463361e-02, 2.93255132e-02,
          7.03812316e-02, 7.33137801e-02 ]
      - [ 1.16981134e-01, 1.50943398e-01, 1.54716983e-01, 1.32075474e-01,
          1.05660379e-01, 5.66037744e-02, 6.79245293e-02, 4.90566045e-02,
          8.30188692e-02, 8.30188692e-02 ]
      - [ 1.24260359e-01, 1.06508881e-01, 1.53846160e-01, 1.36094674e-01,
          9.46745574e-02, 8.87573957e-02, 5.91715984e-02, 1.06508881e-01,
          7.10059181e-02, 5.91715984e-02 ]
      - [ 6.45161271e-02, 2.15053763e-02, 3.06451619e-01, 1.93548381e-01,
          8.06451589e-02, 8.06451589e-02, 5.37634417e-02, 4.30107526e-02,
          9.13978517e-02, 6.45161271e-02 ]
      - [ 8.33333358e-02, 7.57575780e-02, 2.27272734e-01, 1.13636367e-01,
          9.84848514e-02, 4.54545468e-02, 9.09090936e-02, 5.30303046e-02,
          7.57575780e-02, 1.36363640e-01 ]
      - [ 1.14130437e-01, 1.19565219e-01, 2.06521749e-01, 2.11956531e-01,
          7.06521720e-02, 2.17391308e-02, 5.97826093e-02, 7.60869607e-02,
          5.97826093e-02, 5.97826093e-02 ]
      - [ 1.22448981e-01, 7.14285672e-02, 2.44897962e-01, 1.63265303e-01,
          1.02040812e-01, 5.61224483e-02, 4.08163257e-02, 3.57142836e-02,
          1.02040812e-01, 6.12244904e-02 ]
      - [ 1.26074508e-01, 7.73639008e-02, 1.83381096e-01, 9.16905478e-02,
          1.34670496e-01, 9.74212065e-02, 5.15759327e-02, 1.08882524e-01,
          7.44985715e-02, 5.44412620e-02 ]
      - [ 1.28472224e-01, 2.08333340e-02, 1.84027776e-01, 5.55555560e-02,
          1.45833328e-01, 6.59722239e-02, 5.20833321e-02, 1.63194448e-01,
          1.21527776e-01, 6.25000000e-02 ]
      - [ 7.93650821e-02, 1.19047631e-02, 1.42857149e-01, 7.53968284e-02,
          1.15079373e-01, 7.14285746e-02, 3.96825410e-02, 1.94444463e-01,
          2.26190493e-01, 4.36507948e-02 ]
      - [ 1.16232470e-01, 5.41082174e-02, 1.88376755e-01, 3.40681374e-02,
          1.32264525e-01, 1.02204412e-01, 9.01803598e-02, 8.01603198e-02,
          1.10220440e-01, 9.21843722e-02 ]
      - [ 1.08108111e-01, 7.43243247e-02, 1.82432443e-01, 1.35135144e-01,
          1.48648649e-01, 8.78378376e-02, 7.43243247e-02, 8.78378376e-02,
          6.08108118e-02, 4.05405425e-02 ]
      - [ 1.52892560e-01, 4.95867729e-02, 1.52892560e-01, 5.37190065e-02,
          1.11570247e-01, 1.03305779e-01, 4.95867729e-02, 1.03305779e-01,
          1.81818172e-01, 4.13223132e-02 ]
      - [ 1.31519273e-01, 7.93650821e-02, 1.79138318e-01, 1.15646258e-01,
          1.40589565e-01, 9.52380970e-02, 8.39002281e-02, 4.08163257e-02,
          4.53514755e-02, 8.84353742e-02 ]
      - [ 1.26543209e-01, 6.48148134e-02, 1.72839507e-01, 1.14197530e-01,
          1.11111112e-01, 9.87654328e-02, 7.40740746e-02, 6.17283955e-02,
          1.04938269e-01, 7.09876567e-02 ]
      - [ 1.04316548e-01, 4.31654677e-02, 2.19424471e-01, 8.63309354e-02,
          1.40287772e-01, 6.11510798e-02, 5.39568365e-02, 8.99280608e-02,
          1.29496410e-01, 7.19424486e-02 ]
      - [ 1.54034242e-01, 4.40097824e-02, 1.71149150e-01, 1.56479225e-01,
          1.29584357e-01, 9.04645547e-02, 8.80195647e-02, 2.44498793e-02,
          4.64547686e-02, 9.53545272e-02 ]
      - [ 1.00286536e-01, 8.59598890e-02, 1.54727802e-01, 1.74785107e-01,
          1.23209171e-01, 6.59025833e-02, 7.44985715e-02, 4.87106033e-02,
          7.16332421e-02, 1.00286536e-01 ]
   decision_functions:
      -
         sv_count: 111
         rho: -1.1897106908140824e+01
         alpha: [ 6.2500000000000000e+01, 3.6715687505503027e+01,
             6.2500000000000000e+01, 6.2500000000000000e+01,
             5.8774135937489945e+01, 1.7443088158897542e+01,
             5.6586179581708080e+00, 6.2500000000000000e+01,
             3.8525232367651320e+01, 2.3920772838236054e+01,
             6.2500000000000000e+01, 6.2500000000000000e+01,
             6.0077277307763374e+01, 6.2500000000000000e+01,
             6.2500000000000000e+01, 6.2500000000000000e+01,
             6.2500000000000000e+01, 6.2500000000000000e+01,
             3.1607763377729722e+01, 6.2500000000000000e+01,
             6.2500000000000000e+01, 6.2500000000000000e+01,
             6.2500000000000000e+01, 6.2500000000000000e+01,
             1.8857217716796669e+01, 6.2500000000000000e+01,
             3.0339651993205571e+01, 3.2485265432657954e+01,
             4.5094419076640477e+01, 4.2222264557966440e+01,
             3.2683327019822777e+01, 4.0620462399663921e+01,
             5.8181063583687845e+01, 6.2500000000000000e+01,
             6.2500000000000000e+01, 6.2500000000000000e+01,
             6.2500000000000000e+01, 6.2500000000000000e+01,
             6.2500000000000000e+01, 6.2500000000000000e+01,
             4.7352782312160649e+01, 6.2500000000000000e+01,
             2.9816672980177223e+01, 6.2500000000000000e+01,
             6.2500000000000000e+01, 6.2500000000000000e+01,
             6.2500000000000000e+01, 6.2500000000000000e+01,
             6.2500000000000000e+01, 6.2500000000000000e+01,
             6.2500000000000000e+01, 4.2782557680110429e+01,
             6.2500000000000000e+01, 3.7337159998876004e+01,
             5.4205286018203573e+01, 6.2500000000000000e+01,
             6.2500000000000000e+01, 6.2500000000000000e+01,
             6.2500000000000000e+01, -6.2500000000000000e+01,
             -6.2500000000000000e+01, -6.2500000000000000e+01,
             -6.2500000000000000e+01, -6.2500000000000000e+01,
             -6.2500000000000000e+01, -6.2500000000000000e+01,
             -6.2500000000000000e+01, -6.2500000000000000e+01,
             -6.2500000000000000e+01, -6.2500000000000000e+01,
             -4.6620993796125347e+01, -6.2500000000000000e+01,
             -6.2500000000000000e+01, -6.2500000000000000e+01,
             -6.2500000000000000e+01, -6.2500000000000000e+01,
             -6.2500000000000000e+01, -4.8080981897850343e+01,
             -6.2500000000000000e+01, -6.2500000000000000e+01,
             -6.2500000000000000e+01, -6.2500000000000000e+01,
             -6.2500000000000000e+01, -3.4670960352394260e+01,
             -6.1269437266228344e+01, -6.2500000000000000e+01,
             -6.2500000000000000e+01, -6.2500000000000000e+01,
             -6.2500000000000000e+01, -6.2500000000000000e+01,
             -6.2500000000000000e+01, -6.2500000000000000e+01,
             -6.2500000000000000e+01, -5.1836068350846602e+01,
             -6.2500000000000000e+01, -6.2500000000000000e+01,
             -6.2500000000000000e+01, -6.2500000000000000e+01,
             -6.2500000000000000e+01, -6.2500000000000000e+01,
             -6.2500000000000000e+01, -6.2500000000000000e+01,
             -6.2500000000000000e+01, -4.2222264557966440e+01,
             -6.2500000000000000e+01, -6.2500000000000000e+01,
             -6.2500000000000000e+01, -6.2500000000000000e+01,
             -6.2500000000000000e+01, -6.2500000000000000e+01,
             -6.2500000000000000e+01 ]
         index: [ 0, 1, 2, 3, 4, 5, 6, 7, 8, 9, 10, 11, 12, 13, 14, 15,
             16, 17, 18, 19, 20, 21, 22, 23, 24, 25, 26, 27, 28, 29, 30,
             31, 32, 33, 34, 35, 36, 89, 90, 91, 92, 93, 94, 95, 96, 97,
             98, 99, 100, 101, 102, 103, 104, 105, 106, 107, 108, 109,
             110, 41, 42, 43, 44, 45, 46, 47, 48, 49, 50, 51, 52, 53, 54,
             55, 56, 57, 58, 59, 60, 61, 62, 63, 64, 65, 66, 67, 68, 69,
             70, 71, 72, 73, 74, 75, 76, 77, 78, 79, 80, 82, 83, 84, 85,
             86, 87, 88, 37, 38, 39, 40, 81 ]
