%YAML:1.0
---
opencv_ml_svm:
   format: 3
   svmType: C_SVC
   kernel:
      type: SIGMOID
      gamma: 1.0000000000000001e-05
      coef0: 1.0000000000000001e-01
   C: 1.0000000000000001e-01
   term_criteria: { iterations:100 }
   var_count: 10
   class_count: 2
   class_labels: !!opencv-matrix
      rows: 2
      cols: 1
      dt: i
      data: [ 0, 1 ]
   sv_total: 198
   support_vectors:
      - [ 9.99999940e-02, 1.27272725e-01, 7.72727281e-02, 1.36363626e-01,
          1.18181817e-01, 7.27272704e-02, 1.22727267e-01, 8.63636360e-02,
          6.81818128e-02, 9.09090862e-02 ]
      - [ 1.13725498e-01, 9.01960805e-02, 7.05882385e-02, 7.45098069e-02,
          1.68627456e-01, 9.41176564e-02, 1.52941182e-01, 3.92156877e-02,
          5.88235334e-02, 1.37254909e-01 ]
      - [ 1.33757964e-01, 1.84713379e-01, 5.09554148e-02, 1.91082805e-01,
          1.01910830e-01, 3.82165611e-02, 1.01910830e-01, 6.36942685e-03,
          7.00636953e-02, 1.21019110e-01 ]
      - [ 1.41176477e-01, 1.76470593e-01, 4.70588244e-02, 1.11764707e-01,
          1.41176477e-01, 8.23529437e-02, 6.47058859e-02, 5.29411770e-02,
          7.64705911e-02, 1.05882354e-01 ]
      - [ 1.50000006e-01, 1.87500000e-01, 6.25000000e-02, 1.06250003e-01,
          1.50000006e-01, 5.00000007e-02, 1.06250003e-01, 3.12500000e-02,
          4.37499993e-02, 1.12500004e-01 ]
      - [ 1.58730149e-01, 1.32275134e-01, 7.40740746e-02, 1.11111104e-01,
          1.64021164e-01, 8.99470896e-02, 9.52380896e-02, 5.29100522e-02,
          5.29100522e-02, 6.87830672e-02 ]
      - [ 1.36645973e-01, 1.73913047e-01, 4.34782617e-02, 1.18012428e-01,
          1.36645973e-01, 2.48447210e-02, 9.93788838e-02, 1.11801244e-01,
          2.48447210e-02, 1.30434781e-01 ]
      - [ 1.16022103e-01, 1.49171278e-01, 4.97237593e-02, 1.43646419e-01,
          1.38121545e-01, 6.07734844e-02, 1.43646419e-01, 2.20994484e-02,
          6.62983432e-02, 1.10497244e-01 ]
      - [ 1.53439149e-01, 1.37566134e-01, 7.40740746e-02, 1.69312164e-01,
          1.21693119e-01, 4.23280410e-02, 1.11111104e-01, 3.17460299e-02,
          3.17460299e-02, 1.26984119e-01 ]
      - [ 1.27139375e-01, 1.49144262e-01, 3.66748199e-02, 4.40097824e-02,
          1.12469442e-01, 9.53545272e-02, 1.02689490e-01, 1.24694385e-01,
          1.12469442e-01, 9.53545272e-02 ]
      - [ 1.45348832e-01, 9.30232555e-02, 6.39534891e-02, 1.74418598e-01,
          1.62790701e-01, 8.72092992e-02, 1.04651161e-01, 2.32558139e-02,
          5.81395347e-03, 1.39534891e-01 ]
      - [ 9.61538479e-02, 3.84615399e-02, 3.36538479e-02, 4.80769249e-03,
          1.63461551e-01, 1.29807696e-01, 5.28846160e-02, 1.63461551e-01,
          2.59615391e-01, 5.76923117e-02 ]
      - [ 1.50259063e-01, 1.13989636e-01, 4.14507762e-02, 1.45077720e-01,
          1.13989636e-01, 6.21761642e-02, 1.34715021e-01, 3.10880821e-02,
          7.77202025e-02, 1.29533678e-01 ]
      - [ 1.59722224e-01, 1.18055560e-01, 9.02777761e-02, 9.02777761e-02,
          1.66666672e-01, 7.63888881e-02, 9.72222239e-02, 2.77777780e-02,
          3.47222239e-02, 1.38888896e-01 ]
      - [ 1.25654459e-01, 4.71204184e-02, 5.75916246e-02, 5.23560215e-03,
          1.62303671e-01, 1.46596864e-01, 4.71204184e-02, 2.09424078e-01,
          1.25654459e-01, 7.32984319e-02 ]
      - [ 1.37254909e-01, 1.50326803e-01, 9.15032700e-02, 9.80392173e-02,
          1.69934645e-01, 9.15032700e-02, 7.84313753e-02, 2.61437912e-02,
          2.61437912e-02, 1.30718961e-01 ]
      - [ 1.26315802e-01, 3.15789506e-02, 7.89473727e-02, 1.05263162e-02,
          1.63157895e-01, 2.05263168e-01, 8.94736871e-02, 1.15789481e-01,
          8.94736871e-02, 8.94736871e-02 ]
      - [ 9.21985805e-02, 2.12765951e-02, 4.25531901e-02, 0.,
          9.21985805e-02, 1.48936167e-01, 9.92907733e-02, 2.12765947e-01,
          1.70212761e-01, 1.20567374e-01 ]
      - [ 7.97872320e-02, 4.25531901e-02, 6.91489354e-02, 1.06382975e-02,
          1.38297871e-01, 1.70212761e-01, 1.38297871e-01, 1.59574464e-01,
          1.01063825e-01, 9.04255286e-02 ]
      - [ 6.89655170e-02, 1.23152710e-01, 3.94088663e-02, 1.97044332e-02,
          8.37438405e-02, 1.33004919e-01, 9.85221639e-02, 1.57635465e-01,
          1.57635465e-01, 1.18226603e-01 ]
      - [ 1.55212358e-01, 4.34362926e-02, 6.85328171e-02, 7.14285672e-02,
          1.56177610e-01, 1.53088793e-01, 1.05405405e-01, 6.52509630e-02,
          8.59073326e-02, 9.55598429e-02 ]
      - [ 1.96035236e-01, 3.74449342e-02, 5.94713613e-02, 6.38766512e-02,
          1.76211447e-01, 1.29955947e-01, 7.92951509e-02, 4.84581478e-02,
          1.18942723e-01, 9.03083682e-02 ]
      - [ 1.98359668e-01, 3.37181054e-02, 7.65492097e-02, 4.49574739e-02,
          1.94410697e-01, 1.32138520e-01, 1.13304988e-01, 4.16160412e-02,
          4.79951426e-02, 1.16950184e-01 ]
      - [ 1.16883114e-01, 1.55844152e-01, 7.14285746e-02, 5.19480519e-02,
          1.13636367e-01, 4.22077924e-02, 1.42857149e-01, 4.87012975e-02,
          1.03896104e-01, 1.52597398e-01 ]
      - [ 1.17750444e-01, 9.45518464e-02, 5.51845357e-02, 7.27592260e-02,
          1.26186296e-01, 1.12829529e-01, 1.08963095e-01, 7.59226754e-02,
          1.28646746e-01, 1.07205629e-01 ]
      - [ 1.44000009e-01, 7.20000044e-02, 4.80000004e-02, 2.40000002e-02,
          1.68000013e-01, 8.00000057e-02, 1.36000007e-01, 1.28000006e-01,
          4.80000004e-02, 1.52000010e-01 ]
      - [ 1.34038791e-01, 1.18165784e-01, 3.52733657e-02, 1.11111104e-01,
          1.18165784e-01, 4.76190448e-02, 9.70017612e-02, 1.04056433e-01,
          1.49911806e-01, 8.46560821e-02 ]
      - [ 1.34306565e-01, 1.75182477e-01, 4.23357636e-02, 1.29927009e-01,
          1.24087587e-01, 4.81751822e-02, 8.90510902e-02, 7.00729936e-02,
          9.63503644e-02, 9.05109420e-02 ]
      - [ 1.45328730e-01, 7.95847774e-02, 6.92041516e-02, 7.61245713e-02,
          1.34948105e-01, 1.66089967e-01, 6.92041516e-02, 8.99654031e-02,
          1.03806235e-01, 6.57439455e-02 ]
      - [ 1.57458574e-01, 7.18232095e-02, 6.07734844e-02, 5.24861887e-02,
          1.51933715e-01, 9.94475186e-02, 1.71270728e-01, 3.86740342e-02,
          7.45856389e-02, 1.21546969e-01 ]
      - [ 1.29709110e-01, 1.22556038e-01, 4.43490706e-02, 4.53028157e-02,
          1.41154036e-01, 1.36385322e-01, 1.06819272e-01, 6.58082962e-02,
          1.18264191e-01, 8.96518826e-02 ]
      - [ 1.62746340e-01, 5.02225049e-02, 6.42085150e-02, 3.56007628e-02,
          1.48124605e-01, 2.04704374e-01, 9.53591838e-02, 5.65797836e-02,
          7.75588006e-02, 1.04895100e-01 ]
      - [ 1.43958867e-01, 8.99742916e-02, 6.16966560e-02, 5.91259636e-02,
          1.61953732e-01, 7.45501295e-02, 1.36246786e-01, 5.65552711e-02,
          7.96915144e-02, 1.36246786e-01 ]
      - [ 1.28672749e-01, 1.40830815e-01, 5.06585650e-02, 1.10435672e-01,
          1.36778116e-01, 5.97771071e-02, 1.07396156e-01, 2.93819662e-02,
          1.30699098e-01, 1.05369814e-01 ]
      - [ 1.19515009e-01, 9.65646654e-02, 4.95092385e-02, 6.07678965e-02,
          1.22979216e-01, 1.15617782e-01, 8.22748244e-02, 1.25288680e-01,
          1.44630477e-01, 8.28521922e-02 ]
      - [ 1.20061375e-01, 9.89643261e-02, 3.45224403e-02, 3.41388583e-02,
          1.13156885e-01, 9.51284990e-02, 9.20598358e-02, 1.54583812e-01,
          1.66474879e-01, 9.09090936e-02 ]
      - [ 1.45637035e-01, 3.60508002e-02, 5.94018847e-02, 2.70380992e-02,
          1.54035226e-01, 2.09135592e-01, 9.45309326e-02, 8.82834867e-02,
          8.58254805e-02, 1.00061446e-01 ]
      - [ 5.63380271e-02, 3.30985904e-01, 4.22535203e-02, 5.63380271e-02,
          4.22535203e-02, 7.74647892e-02, 7.74647892e-02, 4.92957756e-02,
          1.90140843e-01, 7.74647892e-02 ]
      - [ 1.34853661e-01, 5.54857254e-02, 6.37457371e-02, 6.75166100e-02,
          1.28389299e-01, 1.58197165e-01, 1.24618426e-01, 7.23648742e-02,
          7.41605312e-02, 1.20667987e-01 ]
      - [ 1.07428573e-01, 1.59999996e-01, 4.45714295e-02, 9.82857123e-02,
          1.07428573e-01, 9.60000008e-02, 1.05142854e-01, 1.16571426e-01,
          8.57142881e-02, 7.88571388e-02 ]
      - [ 1.49156943e-01, 1.03761345e-01, 7.39299580e-02, 7.26329461e-02,
          1.42671853e-01, 1.06355384e-01, 9.72762629e-02, 6.22568093e-02,
          1.02464333e-01, 8.94941613e-02 ]
      - [ 1.63630992e-01, 8.64428505e-02, 2.56965645e-02, 2.39243880e-02,
          1.62154183e-01, 1.43152505e-01, 1.08004339e-01, 6.47829100e-02,
          1.13517776e-01, 1.08693518e-01 ]
      - [ 1.44588754e-01, 1.59307361e-01, 4.41558436e-02, 7.01298714e-02,
          1.29870132e-01, 9.35064927e-02, 1.17748924e-01, 3.03030312e-02,
          8.91774893e-02, 1.21212125e-01 ]
      - [ 1.19101122e-01, 1.68539330e-01, 5.61797768e-02, 1.10112362e-01,
          1.10112362e-01, 1.12359554e-01, 9.21348333e-02, 6.96629211e-02,
          7.41573051e-02, 8.76404494e-02 ]
      - [ 6.02409616e-02, 3.61445785e-01, 2.40963846e-02, 2.40963846e-02,
          1.20481923e-01, 9.63855386e-02, 2.40963846e-02, 8.43373463e-02,
          1.80722892e-01, 2.40963846e-02 ]
      - [ 1.54471546e-01, 5.69105670e-02, 6.91056848e-02, 1.62601620e-02,
          1.58536583e-01, 1.21951215e-01, 1.46341458e-01, 8.53658468e-02,
          6.91056848e-02, 1.21951215e-01 ]
      - [ 1.89111754e-01, 7.92741179e-02, 5.44412620e-02, 1.10792741e-01,
          2.04393506e-01, 8.50047767e-02, 9.16905403e-02, 3.24737355e-02,
          6.78128004e-02, 8.50047767e-02 ]
      - [ 1.59810394e-01, 8.86067078e-02, 3.32493782e-02, 2.84919702e-02,
          1.63308486e-01, 1.17028713e-01, 1.06219605e-01, 6.83527440e-02,
          1.30951121e-01, 1.03980824e-01 ]
      - [ 1.55419216e-01, 1.06339470e-01, 4.70347628e-02, 2.00408995e-01,
          1.47239268e-01, 6.54396713e-02, 5.93047030e-02, 3.06748450e-02,
          1.14519425e-01, 7.36196339e-02 ]
      - [ 8.19828436e-02, 1.51572928e-01, 4.67111543e-02, 1.75405145e-01,
          8.67492855e-02, 8.86558667e-02, 7.24499524e-02, 8.67492855e-02,
          1.36320308e-01, 7.34032393e-02 ]
      - [ 1.33093521e-01, 1.90647483e-01, 2.51798574e-02, 1.33093521e-01,
          1.43884897e-01, 2.51798574e-02, 1.07913673e-01, 3.23741026e-02,
          7.19424486e-02, 1.36690646e-01 ]
      - [ 1.15163147e-01, 2.01535508e-01, 4.41458710e-02, 1.93857953e-01,
          1.26679465e-01, 4.22264859e-02, 4.99040298e-02, 4.60652560e-02,
          1.20921299e-01, 5.95009588e-02 ]
      - [ 1.10151187e-01, 1.42548591e-01, 2.59179249e-02, 9.07127410e-02,
          8.63930881e-02, 1.01511873e-01, 9.93520468e-02, 1.18790492e-01,
          1.51187897e-01, 7.34341219e-02 ]
      - [ 1.06060609e-01, 2.57575750e-01, 0., 3.93939406e-01,
          5.30303046e-02, 2.27272734e-02, 7.57575780e-02, 7.57575780e-03,
          2.27272734e-02, 6.06060624e-02 ]
      - [ 1.19592875e-01, 2.36641228e-01, 1.78117044e-02, 2.26463109e-01,
          1.14503816e-01, 3.05343512e-02, 9.41475853e-02, 2.54452927e-03,
          7.63358772e-02, 8.14249367e-02 ]
      - [ 1.74434081e-01, 7.72303566e-02, 5.99201024e-02, 2.92942729e-02,
          1.63781613e-01, 1.66444734e-01, 9.98668373e-02, 4.26098518e-02,
          7.58987963e-02, 1.10519305e-01 ]
      - [ 1.34715021e-01, 1.91709846e-01, 3.10880821e-02, 1.34715021e-01,
          1.29533678e-01, 7.25388601e-02, 8.80829021e-02, 5.18134683e-02,
          8.29015523e-02, 8.29015523e-02 ]
      - [ 1.01190478e-01, 1.82142869e-01, 7.50000030e-02, 1.97619051e-01,
          1.02380954e-01, 4.52380963e-02, 7.50000030e-02, 2.50000004e-02,
          1.46428570e-01, 5.00000007e-02 ]
      - [ 1.70731708e-01, 1.68292686e-01, 4.39024381e-02, 1.02439024e-01,
          1.41463414e-01, 7.80487806e-02, 5.36585376e-02, 7.07317069e-02,
          1.19512193e-01, 5.12195118e-02 ]
      - [ 1.59793809e-01, 1.75257728e-01, 2.06185561e-02, 2.47422665e-01,
          9.79381427e-02, 8.24742243e-02, 9.79381427e-02, 1.03092780e-02,
          3.09278332e-02, 7.73195848e-02 ]
      - [ 1.11510791e-01, 1.54676259e-01, 1.07913669e-02, 2.55395681e-01,
          1.00719430e-01, 3.95683460e-02, 8.27338174e-02, 3.59712238e-03,
          1.65467635e-01, 7.55395666e-02 ]
      - [ 1.00697905e-01, 1.18644066e-01, 3.09072789e-02, 1.79461613e-02,
          1.05682954e-01, 1.60518453e-01, 1.12662017e-01, 1.23629116e-01,
          1.21635094e-01, 1.07676968e-01 ]
      - [ 1.12740606e-01, 8.43263045e-02, 4.39963341e-02, 7.05774501e-02,
          1.20989919e-01, 1.22823097e-01, 8.79926682e-02, 1.42988086e-01,
          1.22823097e-01, 9.07424390e-02 ]
      - [ 1.22047246e-01, 9.44881886e-02, 3.14960629e-02, 7.87401572e-03,
          1.41732275e-01, 1.41732275e-01, 1.02362201e-01, 1.14173226e-01,
          1.41732275e-01, 1.02362201e-01 ]
      - [ 1.07049607e-01, 1.98433429e-01, 4.96083573e-02, 2.55874664e-01,
          9.39947814e-02, 2.61096619e-02, 9.92167145e-02, 7.83289783e-03,
          6.78851157e-02, 9.39947814e-02 ]
      - [ 1.28000006e-01, 1.72000006e-01, 2.80000009e-02, 2.92000026e-01,
          1.52000010e-01, 3.20000015e-02, 7.20000044e-02, 4.00000019e-03,
          3.20000015e-02, 8.80000070e-02 ]
      - [ 1.09826587e-01, 3.58381510e-01, 1.73410401e-02, 1.90751433e-01,
          1.21387281e-01, 3.46820801e-02, 6.93641603e-02, 0.,
          3.46820801e-02, 6.35838136e-02 ]
      - [ 1.37663886e-01, 9.11799744e-02, 4.29082252e-02, 5.66150174e-02,
          1.39153749e-01, 1.22169249e-01, 9.23718736e-02, 1.07866511e-01,
          1.20977350e-01, 8.90941620e-02 ]
      - [ 1.44044310e-01, 1.28808856e-01, 6.50969520e-02, 9.69529077e-02,
          1.41274229e-01, 5.67867011e-02, 1.16343483e-01, 5.12465350e-02,
          9.55678672e-02, 1.03878111e-01 ]
      - [ 9.63855386e-02, 2.71084338e-01, 6.02409616e-03, 2.77108431e-01,
          1.02409631e-01, 3.61445770e-02, 1.08433731e-01, 6.02409616e-03,
          1.20481923e-02, 8.43373463e-02 ]
      - [ 9.70695987e-02, 2.38095239e-01, 3.84615399e-02, 1.42857149e-01,
          9.15750936e-02, 3.84615399e-02, 7.32600763e-02, 6.22710623e-02,
          1.39194146e-01, 7.87545815e-02 ]
      - [ 1.53409094e-01, 1.42045453e-01, 3.40909101e-02, 1.87500000e-01,
          1.13636367e-01, 5.11363670e-02, 9.09090936e-02, 5.68181835e-03,
          9.65909138e-02, 1.25000000e-01 ]
      - [ 1.22033894e-01, 1.55932203e-01, 2.37288140e-02, 2.40677968e-01,
          9.15254205e-02, 6.10169470e-02, 1.38983056e-01, 1.69491526e-02,
          4.40677963e-02, 1.05084747e-01 ]
      - [ 1.13725498e-01, 5.49019650e-02, 3.92156877e-02, 1.17647070e-02,
          8.62745121e-02, 8.23529437e-02, 1.17647067e-01, 2.35294133e-01,
          1.56862751e-01, 1.01960793e-01 ]
      - [ 1.11111112e-01, 2.35555559e-01, 2.22222228e-02, 1.06666669e-01,
          1.11111112e-01, 4.88888919e-02, 1.24444447e-01, 6.66666701e-02,
          5.77777773e-02, 1.15555555e-01 ]
      - [ 1.29518062e-01, 1.59638554e-01, 6.62650615e-02, 1.89759031e-01,
          1.14457831e-01, 6.02409616e-02, 1.08433731e-01, 9.03614424e-03,
          2.40963846e-02, 1.38554215e-01 ]
      - [ 1.17437720e-01, 1.56583622e-01, 6.40569404e-02, 1.85053378e-01,
          1.17437720e-01, 6.40569404e-02, 1.17437720e-01, 1.42348753e-02,
          2.84697507e-02, 1.35231316e-01 ]
      - [ 1.50000006e-01, 1.50000006e-01, 4.37499993e-02, 2.18750000e-01,
          1.28124997e-01, 6.25000000e-02, 1.00000001e-01, 9.37500037e-03,
          6.56250045e-02, 7.18749985e-02 ]
      - [ 1.41333327e-01, 1.50666669e-01, 6.93333298e-02, 1.65333331e-01,
          1.18666664e-01, 7.33333305e-02, 5.99999987e-02, 5.46666645e-02,
          8.79999995e-02, 7.86666647e-02 ]
      - [ 1.09137051e-01, 1.95431471e-01, 8.88324827e-02, 1.85279191e-01,
          1.09137051e-01, 7.61421323e-02, 6.34517744e-02, 4.31472063e-02,
          7.86802024e-02, 5.07614203e-02 ]
      - [ 7.40740746e-02, 2.96296299e-01, 0., 2.65432090e-01,
          9.87654328e-02, 4.32098769e-02, 5.55555560e-02, 1.85185187e-02,
          3.08641978e-02, 1.17283955e-01 ]
      - [ 1.34328350e-01, 2.46268645e-01, 1.49253728e-02, 2.50000000e-01,
          1.23134322e-01, 3.35820876e-02, 8.20895508e-02, 7.46268639e-03,
          4.85074632e-02, 5.97014911e-02 ]
      - [ 1.35416672e-01, 2.08333343e-01, 2.60416679e-02, 3.12500000e-01,
          9.37500000e-02, 4.68750000e-02, 5.72916679e-02, 2.08333340e-02,
          3.12500000e-02, 6.77083358e-02 ]
      - [ 1.27976194e-01, 1.04437232e-01, 5.16774878e-02, 9.46969688e-02,
          1.29058436e-01, 1.43127710e-01, 1.00108229e-01, 6.16883114e-02,
          9.25324708e-02, 9.46969688e-02 ]
      - [ 9.13978517e-02, 1.77419350e-01, 3.22580636e-02, 1.61290318e-01,
          1.18279569e-01, 9.13978517e-02, 8.60215053e-02, 8.06451589e-02,
          6.98924735e-02, 9.13978517e-02 ]
      - [ 1.56000003e-01, 2.24000007e-01, 3.20000015e-02, 2.04000011e-01,
          1.28000006e-01, 6.40000030e-02, 8.40000063e-02, 0.,
          1.60000008e-02, 9.20000076e-02 ]
      - [ 1.56250000e-01, 1.45833343e-01, 6.77083358e-02, 2.52604187e-01,
          1.32812500e-01, 5.72916679e-02, 7.55208358e-02, 2.60416679e-02,
          2.34375000e-02, 6.25000000e-02 ]
      - [ 1.41592920e-01, 1.59292042e-01, 2.65486725e-02, 2.69911498e-01,
          1.76991150e-01, 9.73451287e-02, 6.63716793e-02, 0.,
          1.32743362e-02, 4.86725643e-02 ]
      - [ 1.53225809e-01, 1.93548381e-01, 4.03225794e-02, 2.70161271e-01,
          1.16935477e-01, 2.01612897e-02, 8.46774131e-02, 4.03225794e-03,
          4.03225794e-02, 7.66129047e-02 ]
      - [ 1.46993324e-01, 2.29398668e-01, 2.00445447e-02, 1.91536754e-01,
          1.15812920e-01, 3.78619172e-02, 1.04677066e-01, 1.11358576e-02,
          5.12249470e-02, 9.13140327e-02 ]
      - [ 6.72514588e-02, 1.11111112e-01, 1.69590652e-01, 2.07602337e-01,
          7.30994195e-02, 4.09356728e-02, 7.01754391e-02, 7.89473653e-02,
          1.22807018e-01, 5.84795326e-02 ]
      - [ 1.16504855e-01, 8.25242698e-02, 1.55339807e-01, 2.28155345e-01,
          1.01941749e-01, 1.01941749e-01, 9.22330096e-02, 4.85436898e-03,
          4.85436916e-02, 6.79611638e-02 ]
      - [ 6.47321492e-02, 1.91964298e-01, 1.62946433e-01, 2.58928597e-01,
          1.09375007e-01, 2.90178582e-02, 4.46428582e-02, 3.12500000e-02,
          6.02678582e-02, 4.68750037e-02 ]
      - [ 1.19133577e-01, 1.20938629e-01, 1.06498197e-01, 1.71480149e-01,
          1.06498197e-01, 6.67870045e-02, 9.38628167e-02, 3.42960283e-02,
          8.48375410e-02, 9.56678689e-02 ]
      - [ 7.93650746e-02, 8.46560821e-02, 1.86948851e-01, 2.13403881e-01,
          5.99647239e-02, 3.35096978e-02, 7.40740746e-02, 9.70017612e-02,
          1.02292769e-01, 6.87830672e-02 ]
      - [ 8.38926211e-02, 1.10738255e-01, 2.18120813e-01, 1.54362410e-01,
          5.70469797e-02, 4.69798669e-02, 1.10738255e-01, 6.37583882e-02,
          7.38255009e-02, 8.05369169e-02 ]
      - [ 8.46994519e-02, 1.17486335e-01, 1.20218575e-01, 1.83060110e-01,
          9.83606502e-02, 4.37158458e-02, 9.01639313e-02, 5.46448082e-02,
          9.83606502e-02, 1.09289616e-01 ]
      - [ 1.27941176e-01, 6.61764741e-02, 1.23529412e-01, 7.05882385e-02,
          1.14705883e-01, 6.61764741e-02, 8.97058845e-02, 1.04411766e-01,
          1.50000006e-01, 8.67647082e-02 ]
      - [ 1.20320857e-01, 1.09625667e-01, 9.35828909e-02, 1.49732620e-01,
          1.12299465e-01, 6.68449178e-02, 9.09090936e-02, 5.61497323e-02,
          9.09090936e-02, 1.09625667e-01 ]
      - [ 8.89830515e-02, 6.77966103e-02, 3.22033912e-01, 1.52542368e-01,
          9.74576250e-02, 4.23728824e-02, 3.81355919e-02, 4.66101691e-02,
          1.05932206e-01, 3.81355919e-02 ]
      - [ 1.00817434e-01, 8.99182558e-02, 2.09809259e-01, 1.52588546e-01,
          9.26430523e-02, 4.08719331e-02, 9.80926454e-02, 6.53950945e-02,
          5.44959120e-02, 9.53678489e-02 ]
      - [ 1.29032254e-01, 3.87096778e-02, 1.74193546e-01, 1.93548381e-01,
          1.67741939e-01, 4.51612882e-02, 7.74193555e-02, 4.51612882e-02,
          4.51612882e-02, 8.38709697e-02 ]
      - [ 9.33333337e-02, 8.53333324e-02, 1.78666666e-01, 1.06666669e-01,
          1.19999997e-01, 1.01333335e-01, 1.22666664e-01, 4.53333333e-02,
          7.19999969e-02, 7.46666640e-02 ]
      - [ 9.62566882e-02, 8.55614990e-02, 2.51336902e-01, 1.65775403e-01,
          6.41711205e-02, 6.41711205e-02, 1.06951877e-01, 3.74331549e-02,
          3.20855603e-02, 9.62566882e-02 ]
      - [ 1.53284669e-01, 7.29926974e-02, 1.10948898e-01, 4.23357636e-02,
          1.24087587e-01, 7.88321123e-02, 7.59124085e-02, 1.06569342e-01,
          1.47445247e-01, 8.75912383e-02 ]
      - [ 1.21673003e-01, 8.74524713e-02, 1.67300373e-01, 1.10266156e-01,
          1.33079842e-01, 7.98479095e-02, 1.10266156e-01, 4.94296588e-02,
          5.70342205e-02, 8.36501867e-02 ]
      - [ 9.55711007e-02, 9.32400972e-02, 1.42191142e-01, 1.32867143e-01,
          8.39160830e-02, 1.09557115e-01, 5.12820520e-02, 1.14219114e-01,
          1.18881121e-01, 5.82750589e-02 ]
      - [ 9.45945978e-02, 9.96621624e-02, 1.40202701e-01, 8.10810849e-02,
          1.03040546e-01, 7.26351365e-02, 7.60135129e-02, 1.30067572e-01,
          1.43581077e-01, 5.91216236e-02 ]
      - [ 1.02564104e-01, 9.15750936e-02, 2.67399281e-01, 1.42857149e-01,
          9.52380970e-02, 3.66300382e-02, 7.32600763e-02, 6.22710623e-02,
          7.32600763e-02, 5.49450554e-02 ]
      - [ 8.71459693e-02, 6.75381273e-02, 1.41612202e-01, 1.74291939e-01,
          1.02396511e-01, 4.57516313e-02, 7.18954206e-02, 9.36819166e-02,
          1.24183007e-01, 9.15032625e-02 ]
      - [ 1.25925928e-01, 6.17283992e-02, 1.87654331e-01, 1.30864203e-01,
          1.13580249e-01, 7.16049448e-02, 8.14814866e-02, 6.66666701e-02,
          8.39506239e-02, 7.65432119e-02 ]
      - [ 1.04395606e-01, 7.96703324e-02, 2.41758242e-01, 1.53846160e-01,
          9.89011005e-02, 4.12087925e-02, 8.24175850e-02, 3.84615399e-02,
          8.24175850e-02, 7.69230798e-02 ]
      - [ 1.28712863e-01, 8.91089067e-02, 2.07920790e-01, 1.28712863e-01,
          1.18811876e-01, 9.90098994e-03, 9.90099013e-02, 3.96039598e-02,
          1.08910888e-01, 6.93069324e-02 ]
      - [ 4.82456163e-02, 8.77192989e-02, 1.84210524e-01, 1.97368428e-01,
          6.14035092e-02, 2.63157897e-02, 3.50877196e-02, 1.14035085e-01,
          2.01754391e-01, 4.38596494e-02 ]
      - [ 7.82122910e-02, 5.58659211e-02, 1.78770944e-01, 2.29050279e-01,
          8.37988779e-02, 2.79329605e-02, 7.82122910e-02, 6.70391023e-02,
          1.17318429e-01, 8.37988779e-02 ]
      - [ 1.00427352e-01, 6.19658157e-02, 2.17948735e-01, 1.45299152e-01,
          1.41025648e-01, 8.33333358e-02, 7.05128238e-02, 4.27350439e-02,
          6.62393197e-02, 7.05128238e-02 ]
      - [ 1.28404662e-01, 4.47470807e-02, 2.37354085e-01, 1.24513619e-01,
          1.07003890e-01, 5.83657585e-02, 9.33852121e-02, 4.66926061e-02,
          7.39299580e-02, 8.56031105e-02 ]
      - [ 7.20000044e-02, 8.40000063e-02, 2.04000011e-01, 2.20000014e-01,
          7.20000044e-02, 2.80000009e-02, 5.20000011e-02, 7.20000044e-02,
          1.28000006e-01, 6.80000037e-02 ]
      - [ 6.81818128e-02, 3.18181813e-02, 2.72727251e-01, 2.09090903e-01,
          9.09090862e-02, 5.90909086e-02, 6.81818128e-02, 6.36363626e-02,
          8.63636360e-02, 4.99999970e-02 ]
      - [ 1.46608323e-01, 1.15973741e-01, 9.62800905e-02, 1.15973741e-01,
          1.24726482e-01, 1.02844641e-01, 5.90809621e-02, 5.68927787e-02,
          1.07221007e-01, 7.43982494e-02 ]
      - [ 1.34146333e-01, 3.25203240e-02, 1.54471546e-01, 1.74796745e-01,
          1.62601620e-01, 9.34959352e-02, 8.94308910e-02, 1.62601620e-02,
          5.28455265e-02, 8.94308910e-02 ]
      - [ 1.10486895e-01, 1.04868919e-01, 1.55430719e-01, 1.17977530e-01,
          1.49812728e-01, 7.11610466e-02, 1.10486895e-01, 3.74531820e-02,
          6.17977530e-02, 8.05243477e-02 ]
      - [ 1.25000000e-01, 1.41129032e-01, 1.45161286e-01, 2.25806445e-01,
          8.87096748e-02, 8.06451589e-03, 1.08870968e-01, 3.62903215e-02,
          3.22580636e-02, 8.87096748e-02 ]
      - [ 7.19424486e-02, 5.75539581e-02, 2.18225420e-01, 1.65467635e-01,
          9.11270976e-02, 6.23501204e-02, 7.43405297e-02, 1.05515592e-01,
          1.05515592e-01, 4.79616299e-02 ]
      - [ 1.26126125e-01, 1.35135144e-01, 9.00900960e-02, 7.95795843e-02,
          1.24624625e-01, 1.12612613e-01, 8.55855867e-02, 6.60660714e-02,
          1.15615621e-01, 6.45645633e-02 ]
      - [ 9.12698433e-02, 1.07142866e-01, 1.66666672e-01, 1.90476209e-01,
          1.19047627e-01, 6.34920672e-02, 8.33333358e-02, 5.15873060e-02,
          6.74603209e-02, 5.95238134e-02 ]
      - [ 8.86699483e-02, 1.97044332e-02, 1.92118227e-01, 9.35960561e-02,
          8.86699483e-02, 6.40394092e-02, 8.37438405e-02, 1.23152710e-01,
          1.62561581e-01, 8.37438405e-02 ]
      - [ 7.48299286e-02, 1.08843535e-01, 2.65306115e-01, 1.83673471e-01,
          8.16326514e-02, 6.80272095e-03, 8.16326514e-02, 5.44217676e-02,
          9.52380896e-02, 4.76190448e-02 ]
      - [ 1.35193139e-01, 9.87124443e-02, 1.33047208e-01, 1.65236056e-01,
          9.65665206e-02, 6.43776804e-02, 6.43776804e-02, 4.29184549e-02,
          1.15879826e-01, 8.36909860e-02 ]
      - [ 1.16731517e-01, 6.61478564e-02, 1.55642018e-01, 1.26459137e-01,
          1.40077814e-01, 8.56031105e-02, 7.97665343e-02, 6.22568093e-02,
          9.92217883e-02, 6.80933818e-02 ]
      - [ 1.17505997e-01, 7.91366920e-02, 1.34292573e-01, 9.59232599e-02,
          1.41486809e-01, 1.00719430e-01, 1.03117511e-01, 5.51558770e-02,
          4.07673866e-02, 1.31894484e-01 ]
      - [ 8.19047615e-02, 1.35238096e-01, 2.17142850e-01, 2.05714285e-01,
          6.47619069e-02, 3.80952358e-02, 7.99999982e-02, 4.57142852e-02,
          8.57142881e-02, 4.57142852e-02 ]
      - [ 6.25000000e-02, 2.08333340e-02, 3.54166687e-01, 2.50000000e-01,
          5.20833358e-02, 4.16666679e-02, 4.16666679e-02, 5.20833358e-02,
          3.12500000e-02, 9.37500000e-02 ]
      - [ 8.81355926e-02, 9.83050838e-02, 1.89830512e-01, 2.03389823e-01,
          8.81355926e-02, 5.42372875e-02, 9.15254205e-02, 4.06779647e-02,
          4.74576280e-02, 9.83050838e-02 ]
      - [ 1.25802308e-01, 1.15532741e-01, 1.39922976e-01, 1.24518618e-01,
          1.15532741e-01, 8.21566135e-02, 8.72914046e-02, 5.90500645e-02,
          6.67522475e-02, 8.34403113e-02 ]
      - [ 9.46882218e-02, 1.06235564e-01, 1.75519630e-01, 1.57043874e-01,
          1.40877604e-01, 4.15704399e-02, 7.39030018e-02, 1.84757505e-02,
          1.08545035e-01, 8.31408799e-02 ]
      - [ 1.33187771e-01, 5.67685589e-02, 1.72489092e-01, 1.20087340e-01,
          1.09170310e-01, 7.64192119e-02, 5.24017476e-02, 1.00436680e-01,
          1.31004363e-01, 4.80349362e-02 ]
      - [ 1.35135129e-01, 9.82800946e-02, 1.91646188e-01, 9.58230942e-02,
          1.32678136e-01, 7.12530687e-02, 6.87960684e-02, 5.40540516e-02,
          6.14250600e-02, 9.09090862e-02 ]
      - [ 9.74025950e-02, 3.24675329e-02, 2.46753246e-01, 2.27272734e-01,
          1.10389613e-01, 5.19480519e-02, 9.74025950e-02, 1.29870130e-02,
          3.24675329e-02, 9.09090936e-02 ]
      - [ 1.00558653e-01, 1.53631285e-01, 1.25698313e-01, 1.64804459e-01,
          1.14525139e-01, 5.86592145e-02, 9.21787694e-02, 3.35195512e-02,
          7.26256967e-02, 8.37988779e-02 ]
      - [ 1.09271526e-01, 9.27152336e-02, 1.42384112e-01, 2.31788084e-01,
          1.09271526e-01, 3.97351012e-02, 7.61589408e-02, 4.96688746e-02,
          8.60927179e-02, 6.29139096e-02 ]
      - [ 9.86238495e-02, 1.14678897e-01, 1.85779810e-01, 1.51376143e-01,
          9.40366909e-02, 4.12844010e-02, 7.11009130e-02, 5.96330240e-02,
          1.12385318e-01, 7.11009130e-02 ]
      - [ 1.03260875e-01, 1.14130437e-01, 1.44021735e-01, 1.68478265e-01,
          8.42391327e-02, 4.07608710e-02, 9.23913047e-02, 7.88043514e-02,
          7.60869607e-02, 9.78260860e-02 ]
      - [ 8.96861032e-02, 1.30044848e-01, 1.12107627e-01, 1.43497765e-01,
          9.41704065e-02, 5.82959652e-02, 7.17488825e-02, 1.07623324e-01,
          1.34529158e-01, 5.82959652e-02 ]
      - [ 7.80000016e-02, 2.08000004e-01, 8.60000029e-02, 1.60000011e-01,
          5.40000014e-02, 4.00000028e-02, 3.60000022e-02, 1.16000004e-01,
          1.76000014e-01, 4.60000038e-02 ]
      - [ 6.95187151e-02, 6.41711205e-02, 2.56684482e-01, 2.51336902e-01,
          7.48663098e-02, 3.20855603e-02, 9.62566882e-02, 1.60427801e-02,
          6.41711205e-02, 7.48663098e-02 ]
      - [ 9.55414027e-02, 7.32484087e-02, 8.59872624e-02, 1.94267511e-01,
          1.05095543e-01, 6.68789819e-02, 9.55414027e-02, 5.73248416e-02,
          1.36942685e-01, 8.91719759e-02 ]
      - [ 1.06334843e-01, 8.37104097e-02, 1.69683263e-01, 1.06334843e-01,
          1.24434397e-01, 4.07239832e-02, 1.26696840e-01, 6.33484200e-02,
          8.37104097e-02, 9.50226262e-02 ]
      - [ 9.14826542e-02, 6.94006309e-02, 1.86119884e-01, 1.98738173e-01,
          1.13564670e-01, 1.04100950e-01, 5.04731871e-02, 5.04731871e-02,
          4.73186113e-02, 8.83280784e-02 ]
      - [ 1.25000000e-01, 5.95238097e-02, 1.19047619e-01, 1.96428582e-01,
          1.36904761e-01, 1.01190478e-01, 7.73809552e-02, 6.54761940e-02,
          4.76190485e-02, 7.14285746e-02 ]
      - [ 9.58904102e-02, 1.54109582e-01, 1.23287670e-01, 1.60958901e-01,
          1.43835619e-01, 4.45205495e-02, 7.53424615e-02, 4.45205495e-02,
          6.84931502e-02, 8.90410990e-02 ]
      - [ 5.72916679e-02, 1.56250000e-01, 1.66666672e-01, 2.18750000e-01,
          8.33333358e-02, 3.12500000e-02, 5.20833358e-02, 8.85416716e-02,
          8.33333358e-02, 6.25000000e-02 ]
      - [ 1.09947644e-01, 6.02094233e-02, 2.12041885e-01, 1.28272250e-01,
          1.07329845e-01, 6.02094233e-02, 6.28272295e-02, 7.85340294e-02,
          9.16230381e-02, 8.90052393e-02 ]
      - [ 1.11662529e-01, 1.16625309e-01, 1.66253105e-01, 1.04218364e-01,
          1.21588089e-01, 5.95533475e-02, 7.44416863e-02, 5.70719615e-02,
          1.01736970e-01, 8.68486315e-02 ]
      - [ 1.18483417e-01, 7.10900500e-02, 2.13270158e-01, 1.51658773e-01,
          8.05687234e-02, 5.68720400e-02, 1.56398118e-01, 2.36966833e-02,
          4.73933667e-02, 8.05687234e-02 ]
      - [ 3.80434804e-02, 1.46739140e-01, 2.01086953e-01, 1.92934781e-01,
          5.70652187e-02, 2.71739140e-02, 8.96739140e-02, 7.88043514e-02,
          1.00543477e-01, 6.79347813e-02 ]
      - [ 9.34579372e-02, 7.00934529e-02, 1.91588774e-01, 2.52336442e-01,
          6.54205605e-02, 4.67289686e-02, 7.00934529e-02, 3.73831764e-02,
          8.87850448e-02, 8.41121450e-02 ]
      - [ 8.01886767e-02, 9.90566015e-02, 1.65094346e-01, 1.36792451e-01,
          7.07547218e-02, 2.59433966e-02, 5.42452857e-02, 1.29716977e-01,
          1.69811323e-01, 6.83962256e-02 ]
      - [ 8.87573957e-02, 7.39644989e-02, 2.13017762e-01, 1.18343197e-01,
          1.03550300e-01, 6.21301793e-02, 9.17159766e-02, 5.62130176e-02,
          1.03550300e-01, 8.87573957e-02 ]
      - [ 8.28729346e-02, 1.38121545e-01, 1.76795587e-01, 1.74033150e-01,
          6.62983432e-02, 3.86740342e-02, 6.07734844e-02, 7.18232095e-02,
          1.38121545e-01, 5.24861887e-02 ]
      - [ 8.86075944e-02, 6.96202517e-02, 2.84810126e-01, 2.15189874e-01,
          9.49367136e-02, 1.89873427e-02, 3.79746854e-02, 7.59493709e-02,
          7.59493709e-02, 3.79746854e-02 ]
      - [ 7.80487806e-02, 6.34146333e-02, 2.39024386e-01, 2.24390239e-01,
          5.85365854e-02, 3.41463424e-02, 4.87804860e-02, 7.80487806e-02,
          1.12195119e-01, 6.34146333e-02 ]
      - [ 6.22710623e-02, 1.31868139e-01, 1.72161177e-01, 1.90476194e-01,
          5.86080588e-02, 3.66300382e-02, 9.15750936e-02, 8.05860832e-02,
          9.15750936e-02, 8.42490867e-02 ]
      - [ 1.23036653e-01, 1.04712039e-01, 1.64921463e-01, 1.57068059e-01,
          1.25654459e-01, 8.63874331e-02, 7.59162307e-02, 3.92670147e-02,
          5.23560196e-02, 7.06806257e-02 ]
      - [ 5.00000045e-02, 1.00000009e-01, 2.58333355e-01, 2.08333343e-01,
          6.66666701e-02, 2.50000022e-02, 6.66666701e-02, 8.33333358e-02,
          7.50000030e-02, 6.66666701e-02 ]
      - [ 7.16463402e-02, 1.90548778e-01, 1.61585361e-01, 1.47865847e-01,
          7.62195066e-02, 3.20121944e-02, 7.77439028e-02, 5.33536561e-02,
          1.23475604e-01, 6.55487776e-02 ]
      - [ 1.04072399e-01, 5.20361997e-02, 2.01357469e-01, 1.24434397e-01,
          1.13122180e-01, 6.33484200e-02, 8.14479664e-02, 7.91855231e-02,
          9.27601829e-02, 8.82352963e-02 ]
      - [ 8.60215053e-02, 8.81720483e-02, 2.25806460e-01, 1.78494632e-01,
          7.52688199e-02, 4.51612920e-02, 7.09677413e-02, 5.37634417e-02,
          1.01075269e-01, 7.52688199e-02 ]
      - [ 8.70406181e-02, 1.50870413e-01, 1.12185687e-01, 1.93423599e-01,
          9.86460373e-02, 5.60928434e-02, 6.38297871e-02, 6.96325004e-02,
          1.14119925e-01, 5.41586094e-02 ]
      - [ 9.19732451e-02, 9.69899669e-02, 1.33779258e-01, 1.33779258e-01,
          8.19398016e-02, 5.18394634e-02, 7.02341124e-02, 1.60535112e-01,
          1.05351172e-01, 7.35785961e-02 ]
      - [ 6.94006309e-02, 1.27760261e-01, 1.24605678e-01, 1.21451110e-01,
          6.46687746e-02, 4.25867513e-02, 5.04731871e-02, 1.82965308e-01,
          1.56151429e-01, 5.99369109e-02 ]
      - [ 8.97435918e-02, 7.05128238e-02, 2.69230783e-01, 1.79487184e-01,
          9.29487199e-02, 4.16666679e-02, 6.41025677e-02, 5.12820520e-02,
          6.08974360e-02, 8.01282078e-02 ]
      - [ 8.29694346e-02, 8.95196497e-02, 1.70305684e-01, 1.96506560e-01,
          5.89519665e-02, 4.58515286e-02, 7.64192119e-02, 9.60698724e-02,
          9.82532799e-02, 8.51528421e-02 ]
      - [ 1.34831458e-01, 7.86516890e-02, 1.61516860e-01, 1.16573036e-01,
          1.25000000e-01, 6.60112351e-02, 8.28651711e-02, 5.61797768e-02,
          9.55056176e-02, 8.28651711e-02 ]
      - [ 1.06172845e-01, 1.30864203e-01, 1.40740752e-01, 1.90123469e-01,
          8.64197537e-02, 3.45679037e-02, 8.88888910e-02, 5.67901246e-02,
          6.17283992e-02, 1.03703707e-01 ]
      - [ 9.52380970e-02, 7.35930726e-02, 2.16450214e-01, 1.60173163e-01,
          1.12554111e-01, 3.89610380e-02, 8.22510794e-02, 6.49350658e-02,
          8.22510794e-02, 7.35930726e-02 ]
      - [ 1.21212125e-01, 9.95671004e-02, 1.40692636e-01, 1.49350643e-01,
          1.23376623e-01, 7.57575780e-02, 8.22510794e-02, 4.54545468e-02,
          6.49350658e-02, 9.74025950e-02 ]
      - [ 1.23076931e-01, 5.89743592e-02, 2.12820515e-01, 1.56410262e-01,
          1.17948718e-01, 6.41025677e-02, 8.46153870e-02, 5.38461544e-02,
          7.17948750e-02, 5.64102568e-02 ]
      - [ 1.07871726e-01, 7.58017525e-02, 1.72011673e-01, 1.69096217e-01,
          1.07871726e-01, 6.99708462e-02, 6.99708462e-02, 6.70553967e-02,
          7.28863031e-02, 8.74635577e-02 ]
      - [ 1.02564104e-01, 5.86080588e-02, 2.05128208e-01, 1.57509163e-01,
          1.06227107e-01, 6.22710623e-02, 1.13553114e-01, 1.46520147e-02,
          8.79120901e-02, 9.15750936e-02 ]
      - [ 1.10169493e-01, 1.27118647e-01, 9.11016986e-02, 1.56779662e-01,
          1.18644066e-01, 5.50847463e-02, 1.03813559e-01, 3.60169485e-02,
          9.32203382e-02, 1.08050846e-01 ]
      - [ 1.15789481e-01, 1.10526323e-01, 1.36842117e-01, 9.21052694e-02,
          1.07894741e-01, 6.31579012e-02, 7.10526332e-02, 1.21052638e-01,
          1.15789481e-01, 6.57894760e-02 ]
      - [ 1.17117122e-01, 6.75675720e-02, 1.73423424e-01, 1.30630627e-01,
          9.90990996e-02, 3.82882878e-02, 6.08108118e-02, 1.28378376e-01,
          1.05855860e-01, 7.88288340e-02 ]
      - [ 7.66773149e-02, 1.53354630e-01, 1.66134179e-01, 2.20447287e-01,
          7.98722059e-02, 2.87539922e-02, 4.15335447e-02, 7.98722059e-02,
          9.90415290e-02, 5.43130971e-02 ]
      - [ 1.35755256e-01, 1.01338431e-01, 1.26195028e-01, 1.66347995e-01,
          1.05162524e-01, 6.30975142e-02, 7.45697916e-02, 6.30975142e-02,
          9.94263887e-02, 6.50095567e-02 ]
      - [ 8.68596882e-02, 9.13140327e-02, 2.62806237e-01, 1.73719376e-01,
          8.46325159e-02, 6.68151453e-02, 5.79064600e-02, 4.89977747e-02,
          5.79064600e-02, 6.90423176e-02 ]
      - [ 1.06468998e-01, 1.19946092e-01, 1.50943398e-01, 1.29380047e-01,
          1.02425873e-01, 4.44743931e-02, 7.54716992e-02, 6.46900237e-02,
          1.33423179e-01, 7.27762803e-02 ]
      - [ 1.28749996e-01, 1.06249996e-01, 1.38750002e-01, 8.99999961e-02,
          1.25000000e-01, 7.37499967e-02, 1.01250000e-01, 5.24999984e-02,
          1.06249996e-01, 7.75000006e-02 ]
      - [ 9.29292962e-02, 6.06060624e-02, 2.12121218e-01, 1.27272740e-01,
          1.31313130e-01, 6.66666701e-02, 8.68686885e-02, 4.04040441e-02,
          7.67676830e-02, 1.05050512e-01 ]
      - [ 1.46341458e-01, 9.14634094e-02, 7.62195066e-02, 3.04878037e-02,
          1.70731694e-01, 1.21951215e-01, 7.31707290e-02, 7.01219514e-02,
          1.40243903e-01, 7.92682916e-02 ]
      - [ 1.68453291e-01, 7.50382841e-02, 7.81010762e-02, 6.73813224e-02,
          1.57733545e-01, 8.88208300e-02, 1.14854522e-01, 5.81929572e-02,
          7.65696838e-02, 1.14854522e-01 ]
      - [ 1.70686454e-01, 6.49350658e-02, 7.05009252e-02, 3.89610380e-02,
          1.87384039e-01, 1.26159549e-01, 9.83302444e-02, 6.49350658e-02,
          8.90538022e-02, 8.90538022e-02 ]
      - [ 1.64576799e-01, 5.79937287e-02, 8.62068981e-02, 5.64263314e-02,
          1.95924759e-01, 1.23824447e-01, 1.08150467e-01, 4.54545431e-02,
          6.89655170e-02, 9.24764872e-02 ]
      - [ 1.64341092e-01, 4.18604650e-02, 8.99224803e-02, 4.65116277e-02,
          1.76744193e-01, 2.04651162e-01, 1.16279066e-01, 4.49612401e-02,
          3.25581394e-02, 8.21705461e-02 ]
      - [ 1.99658692e-01, 4.60750833e-02, 8.36177468e-02, 3.75426598e-02,
          1.63822517e-01, 1.00682594e-01, 1.36518762e-01, 7.50853196e-02,
          5.97269610e-02, 9.72696245e-02 ]
      - [ 1.57392696e-01, 1.31955490e-01, 6.67726547e-02, 9.37996805e-02,
          1.30365655e-01, 8.58505592e-02, 1.01748809e-01, 6.04133569e-02,
          7.79014304e-02, 9.37996805e-02 ]
      - [ 1.95583597e-01, 5.83596230e-02, 6.94006309e-02, 4.41640392e-02,
          1.97160885e-01, 9.62145105e-02, 1.23028390e-01, 4.25867513e-02,
          5.04731871e-02, 1.23028390e-01 ]
      - [ 1.78057551e-01, 5.75539581e-02, 8.27338174e-02, 5.39568365e-02,
          1.65467635e-01, 1.02517985e-01, 1.22302160e-01, 6.11510798e-02,
          4.85611521e-02, 1.27697840e-01 ]
   decision_functions:
      -
         sv_count: 198
         rho: -1.0000003848224885e+00
         alpha: [ 1.0000000000000001e-01, 1.0000000000000001e-01,
             1.0000000000000001e-01, 1.0000000000000001e-01,
             1.0000000000000001e-01, 1.0000000000000001e-01,
             1.0000000000000001e-01, 1.0000000000000001e-01,
             1.0000000000000001e-01, 1.0000000000000001e-01,
             1.0000000000000001e-01, 1.0000000000000001e-01,
             1.0000000000000001e-01, 1.0000000000000001e-01,
             1.0000000000000001e-01, 1.0000000000000001e-01,
             1.0000000000000001e-01, 1.0000000000000001e-01,
             1.0000000000000001e-01, 1.0000000000000001e-01,
             1.0000000000000001e-01, 1.0000000000000001e-01,
             1.0000000000000001e-01, 1.0000000000000001e-01,
             1.0000000000000001e-01, 1.0000000000000001e-01,
             1.0000000000000001e-01, 1.0000000000000001e-01,
             1.0000000000000001e-01, 1.0000000000000001e-01,
             1.0000000000000001e-01, 1.0000000000000001e-01,
             1.0000000000000001e-01, 1.0000000000000001e-01,
             1.0000000000000001e-01, 1.0000000000000001e-01,
             1.0000000000000001e-01, 1.0000000000000001e-01,
             1.0000000000000001e-01, 1.0000000000000001e-01,
             1.0000000000000001e-01, 1.0000000000000001e-01,
             1.0000000000000001e-01, 1.0000000000000001e-01,
             1.0000000000000001e-01, 1.0000000000000001e-01,
             1.0000000000000001e-01, 1.0000000000000001e-01,
             1.0000000000000001e-01, 1.0000000000000001e-01,
             1.0000000000000001e-01, 1.0000000000000001e-01,
             1.0000000000000001e-01, 1.0000000000000001e-01,
             1.0000000000000001e-01, 1.0000000000000001e-01,
             1.0000000000000001e-01, 1.0000000000000001e-01,
             1.0000000000000001e-01, 1.0000000000000001e-01,
             1.0000000000000001e-01, 1.0000000000000001e-01,
             1.0000000000000001e-01, 1.0000000000000001e-01,
             1.0000000000000001e-01, 1.0000000000000001e-01,
             1.0000000000000001e-01, 1.0000000000000001e-01,
             1.0000000000000001e-01, 1.0000000000000001e-01,
             1.0000000000000001e-01, 1.0000000000000001e-01,
             1.0000000000000001e-01, 1.0000000000000001e-01,
             1.0000000000000001e-01, 1.0000000000000001e-01,
             1.0000000000000001e-01, 1.0000000000000001e-01,
             1.0000000000000001e-01, 1.0000000000000001e-01,
             1.0000000000000001e-01, 1.0000000000000001e-01,
             1.0000000000000001e-01, 1.0000000000000001e-01,
             1.0000000000000001e-01, 1.0000000000000001e-01,
             1.0000000000000001e-01, 1.0000000000000001e-01,
             1.0000000000000001e-01, 1.0000000000000001e-01,
             1.0000000000000001e-01, 1.0000000000000001e-01,
             1.0000000000000001e-01, 1.0000000000000001e-01,
             1.0000000000000001e-01, 1.0000000000000001e-01,
             1.0000000000000001e-01, 1.0000000000000001e-01,
             1.0000000000000001e-01, -1.0000000000000001e-01,
             -1.0000000000000001e-01, -1.0000000000000001e-01,
             -1.0000000000000001e-01, -1.0000000000000001e-01,
             -1.0000000000000001e-01, -1.0000000000000001e-01,
             -1.0000000000000001e-01, -1.0000000000000001e-01,
             -1.0000000000000001e-01, -1.0000000000000001e-01,
             -1.0000000000000001e-01, -1.0000000000000001e-01,
             -1.0000000000000001e-01, -1.0000000000000001e-01,
             -1.0000000000000001e-01, -1.0000000000000001e-01,
             -1.0000000000000001e-01, -1.0000000000000001e-01,
             -1.0000000000000001e-01, -1.0000000000000001e-01,
             -1.0000000000000001e-01, -1.0000000000000001e-01,
             -1.0000000000000001e-01, -1.0000000000000001e-01,
             -1.0000000000000001e-01, -1.0000000000000001e-01,
             -1.0000000000000001e-01, -1.0000000000000001e-01,
             -1.0000000000000001e-01, -1.0000000000000001e-01,
             -1.0000000000000001e-01, -1.0000000000000001e-01,
             -1.0000000000000001e-01, -1.0000000000000001e-01,
             -1.0000000000000001e-01, -1.0000000000000001e-01,
             -1.0000000000000001e-01, -1.0000000000000001e-01,
             -1.0000000000000001e-01, -1.0000000000000001e-01,
             -1.0000000000000001e-01, -1.0000000000000001e-01,
             -1.0000000000000001e-01, -1.0000000000000001e-01,
             -1.0000000000000001e-01, -1.0000000000000001e-01,
             -1.0000000000000001e-01, -1.0000000000000001e-01,
             -1.0000000000000001e-01, -1.0000000000000001e-01,
             -1.0000000000000001e-01, -1.0000000000000001e-01,
             -1.0000000000000001e-01, -1.0000000000000001e-01,
             -1.0000000000000001e-01, -1.0000000000000001e-01,
             -1.0000000000000001e-01, -1.0000000000000001e-01,
             -1.0000000000000001e-01, -1.0000000000000001e-01,
             -1.0000000000000001e-01, -1.0000000000000001e-01,
             -1.0000000000000001e-01, -1.0000000000000001e-01,
             -1.0000000000000001e-01, -1.0000000000000001e-01,
             -1.0000000000000001e-01, -1.0000000000000001e-01,
             -1.0000000000000001e-01, -1.0000000000000001e-01,
             -1.0000000000000001e-01, -1.0000000000000001e-01,
             -1.0000000000000001e-01, -1.0000000000000001e-01,
             -1.0000000000000001e-01, -1.0000000000000001e-01,
             -1.0000000000000001e-01, -1.0000000000000001e-01,
             -1.0000000000000001e-01, -1.0000000000000001e-01,
             -1.0000000000000001e-01, -1.0000000000000001e-01,
             -1.0000000000000001e-01, -1.0000000000000001e-01,
             -1.0000000000000001e-01, -1.0000000000000001e-01,
             -1.0000000000000001e-01, -1.0000000000000001e-01,
             -1.0000000000000001e-01, -1.0000000000000001e-01,
             -1.0000000000000001e-01, -1.0000000000000001e-01,
             -1.0000000000000001e-01, -1.0000000000000001e-01,
             -1.0000000000000001e-01, -1.0000000000000001e-01,
             -1.0000000000000001e-01, -1.0000000000000001e-01 ]
         index: [ 0, 1, 2, 3, 4, 5, 6, 7, 8, 9, 10, 11, 12, 13, 14, 15,
             16, 17, 18, 19, 20, 21, 22, 23, 24, 25, 26, 27, 28, 29, 30,
             31, 32, 33, 34, 35, 36, 37, 38, 39, 40, 41, 42, 43, 44, 45,
             46, 47, 48, 49, 50, 51, 52, 53, 54, 55, 56, 57, 58, 59, 60,
             61, 62, 63, 64, 65, 66, 67, 68, 69, 70, 71, 72, 73, 74, 75,
             76, 77, 78, 79, 80, 81, 82, 83, 84, 85, 86, 87, 88, 89, 189,
             190, 191, 192, 193, 194, 195, 196, 197, 97, 98, 99, 100,
             101, 102, 103, 104, 105, 106, 107, 108, 109, 110, 111, 112,
             113, 114, 115, 116, 117, 118, 119, 120, 121, 122, 123, 124,
             125, 126, 127, 128, 129, 130, 131, 132, 133, 134, 135, 136,
             137, 138, 139, 140, 141, 142, 143, 144, 145, 146, 147, 148,
             149, 150, 151, 152, 153, 154, 155, 156, 157, 158, 159, 160,
             161, 162, 163, 164, 165, 166, 167, 168, 169, 170, 171, 172,
             90, 174, 175, 176, 177, 178, 179, 180, 181, 182, 183, 184,
             185, 186, 187, 188, 91, 92, 93, 94, 95, 96, 173 ]
