%YAML:1.0
---
opencv_ml_svm:
   format: 3
   svmType: C_SVC
   kernel:
      type: SIGMOID
      gamma: 1.0000000000000001e-05
      coef0: 1.0000000000000001e-01
   C: 1.0000000000000001e-01
   term_criteria: { iterations:100 }
   var_count: 10
   class_count: 2
   class_labels: !!opencv-matrix
      rows: 2
      cols: 1
      dt: i
      data: [ 0, 1 ]
   sv_total: 200
   support_vectors:
      - [ 9.99999940e-02, 1.27272725e-01, 7.72727281e-02, 1.36363626e-01,
          1.18181817e-01, 7.27272704e-02, 1.22727267e-01, 8.63636360e-02,
          6.81818128e-02, 9.09090862e-02 ]
      - [ 1.33757964e-01, 1.84713379e-01, 5.09554148e-02, 1.91082805e-01,
          1.01910830e-01, 3.82165611e-02, 1.01910830e-01, 6.36942685e-03,
          7.00636953e-02, 1.21019110e-01 ]
      - [ 1.05555557e-01, 1.50000006e-01, 7.77777806e-02, 1.72222227e-01,
          1.22222222e-01, 5.00000007e-02, 1.00000001e-01, 4.44444455e-02,
          5.55555560e-02, 1.22222222e-01 ]
      - [ 1.11111112e-01, 1.79012343e-01, 1.29629627e-01, 1.41975313e-01,
          7.40740746e-02, 4.32098769e-02, 1.17283955e-01, 5.55555560e-02,
          9.25925970e-02, 5.55555560e-02 ]
      - [ 1.53439149e-01, 1.37566134e-01, 7.40740746e-02, 1.69312164e-01,
          1.21693119e-01, 4.23280410e-02, 1.11111104e-01, 3.17460299e-02,
          3.17460299e-02, 1.26984119e-01 ]
      - [ 1.16402112e-01, 1.32275134e-01, 1.21693119e-01, 1.74603164e-01,
          8.46560821e-02, 8.99470896e-02, 9.52380896e-02, 3.70370373e-02,
          5.82010560e-02, 8.99470896e-02 ]
      - [ 1.04575165e-01, 9.15032700e-02, 7.84313753e-02, 2.22222224e-01,
          1.17647059e-01, 8.49673226e-02, 1.04575165e-01, 4.57516350e-02,
          6.53594807e-02, 8.49673226e-02 ]
      - [ 1.34306565e-01, 1.75182477e-01, 4.23357636e-02, 1.29927009e-01,
          1.24087587e-01, 4.81751822e-02, 8.90510902e-02, 7.00729936e-02,
          9.63503644e-02, 9.05109420e-02 ]
      - [ 1.27887785e-01, 1.42739281e-01, 9.48844925e-02, 1.75742581e-01,
          1.18811883e-01, 8.99339989e-02, 7.09570944e-02, 4.95049506e-02,
          7.09570944e-02, 5.85808605e-02 ]
      - [ 8.08510631e-02, 1.54137120e-01, 1.22458629e-01, 1.58392429e-01,
          9.31442082e-02, 4.82269488e-02, 5.62647730e-02, 9.64538977e-02,
          1.34751767e-01, 5.53191490e-02 ]
      - [ 8.69565234e-02, 1.59937888e-01, 9.93788838e-02, 2.50000000e-01,
          8.38509351e-02, 5.43478280e-02, 7.45341629e-02, 4.34782617e-02,
          6.98757768e-02, 7.76397511e-02 ]
      - [ 1.12469435e-01, 1.44254282e-01, 9.37245265e-02, 2.11083934e-01,
          1.05134472e-01, 6.35696799e-02, 7.74246082e-02, 4.31947820e-02,
          7.49796256e-02, 7.41646290e-02 ]
      - [ 5.63380271e-02, 3.30985904e-01, 4.22535203e-02, 5.63380271e-02,
          4.22535203e-02, 7.74647892e-02, 7.74647892e-02, 4.92957756e-02,
          1.90140843e-01, 7.74647892e-02 ]
      - [ 9.91124287e-02, 1.33875743e-01, 1.44970417e-01, 2.74408281e-01,
          1.05769232e-01, 5.69526628e-02, 5.39940819e-02, 4.58579883e-02,
          4.21597622e-02, 4.28994074e-02 ]
      - [ 9.27083418e-02, 1.25000000e-01, 1.41666681e-01, 2.18750015e-01,
          8.54166746e-02, 4.06250022e-02, 7.29166716e-02, 6.35416731e-02,
          8.12500045e-02, 7.81250075e-02 ]
      - [ 7.51140714e-02, 2.00421199e-01, 9.79290977e-02, 2.34117225e-01,
          7.19550699e-02, 4.52790447e-02, 4.70340475e-02, 6.98490664e-02,
          1.04949102e-01, 5.33520505e-02 ]
      - [ 1.39156178e-01, 1.45077720e-01, 1.13249443e-01, 1.66543290e-01,
          1.24352328e-01, 7.40192458e-02, 5.18134683e-02, 3.77498120e-02,
          9.54848230e-02, 5.25536612e-02 ]
      - [ 6.02409616e-02, 3.61445785e-01, 2.40963846e-02, 2.40963846e-02,
          1.20481923e-01, 9.63855386e-02, 2.40963846e-02, 8.43373463e-02,
          1.80722892e-01, 2.40963846e-02 ]
      - [ 1.55419216e-01, 1.06339470e-01, 4.70347628e-02, 2.00408995e-01,
          1.47239268e-01, 6.54396713e-02, 5.93047030e-02, 3.06748450e-02,
          1.14519425e-01, 7.36196339e-02 ]
      - [ 8.19828436e-02, 1.51572928e-01, 4.67111543e-02, 1.75405145e-01,
          8.67492855e-02, 8.86558667e-02, 7.24499524e-02, 8.67492855e-02,
          1.36320308e-01, 7.34032393e-02 ]
      - [ 1.33093521e-01, 1.90647483e-01, 2.51798574e-02, 1.33093521e-01,
          1.43884897e-01, 2.51798574e-02, 1.07913673e-01, 3.23741026e-02,
          7.19424486e-02, 1.36690646e-01 ]
      - [ 1.15163147e-01, 2.01535508e-01, 4.41458710e-02, 1.93857953e-01,
          1.26679465e-01, 4.22264859e-02, 4.99040298e-02, 4.60652560e-02,
          1.20921299e-01, 5.95009588e-02 ]
      - [ 1.17647067e-01, 1.40271500e-01, 1.38009056e-01, 1.65158376e-01,
          8.37104097e-02, 4.29864265e-02, 7.69230798e-02, 4.75113131e-02,
          1.06334843e-01, 8.14479664e-02 ]
      - [ 8.71143341e-02, 1.74228668e-01, 6.26134276e-02, 1.57894731e-01,
          7.80399293e-02, 7.44101629e-02, 6.71506375e-02, 9.43738669e-02,
          1.29764065e-01, 7.44101629e-02 ]
      - [ 1.06060609e-01, 2.57575750e-01, 0., 3.93939406e-01,
          5.30303046e-02, 2.27272734e-02, 7.57575780e-02, 7.57575780e-03,
          2.27272734e-02, 6.06060624e-02 ]
      - [ 1.19592875e-01, 2.36641228e-01, 1.78117044e-02, 2.26463109e-01,
          1.14503816e-01, 3.05343512e-02, 9.41475853e-02, 2.54452927e-03,
          7.63358772e-02, 8.14249367e-02 ]
      - [ 1.34715021e-01, 1.91709846e-01, 3.10880821e-02, 1.34715021e-01,
          1.29533678e-01, 7.25388601e-02, 8.80829021e-02, 5.18134683e-02,
          8.29015523e-02, 8.29015523e-02 ]
      - [ 1.01190478e-01, 1.82142869e-01, 7.50000030e-02, 1.97619051e-01,
          1.02380954e-01, 4.52380963e-02, 7.50000030e-02, 2.50000004e-02,
          1.46428570e-01, 5.00000007e-02 ]
      - [ 1.59793809e-01, 1.75257728e-01, 2.06185561e-02, 2.47422665e-01,
          9.79381427e-02, 8.24742243e-02, 9.79381427e-02, 1.03092780e-02,
          3.09278332e-02, 7.73195848e-02 ]
      - [ 1.11510791e-01, 1.54676259e-01, 1.07913669e-02, 2.55395681e-01,
          1.00719430e-01, 3.95683460e-02, 8.27338174e-02, 3.59712238e-03,
          1.65467635e-01, 7.55395666e-02 ]
      - [ 1.07049607e-01, 1.98433429e-01, 4.96083573e-02, 2.55874664e-01,
          9.39947814e-02, 2.61096619e-02, 9.92167145e-02, 7.83289783e-03,
          6.78851157e-02, 9.39947814e-02 ]
      - [ 1.10718496e-01, 1.31919906e-01, 9.89399329e-02, 2.50883400e-01,
          1.01295643e-01, 7.77385160e-02, 8.83392245e-02, 3.06242649e-02,
          4.82921116e-02, 6.12485297e-02 ]
      - [ 1.09433964e-01, 1.50943398e-01, 8.86792466e-02, 2.22641513e-01,
          1.00000001e-01, 5.94339631e-02, 7.07547218e-02, 3.77358496e-02,
          8.11320767e-02, 7.92452842e-02 ]
      - [ 1.28000006e-01, 1.72000006e-01, 2.80000009e-02, 2.92000026e-01,
          1.52000010e-01, 3.20000015e-02, 7.20000044e-02, 4.00000019e-03,
          3.20000015e-02, 8.80000070e-02 ]
      - [ 1.09826587e-01, 3.58381510e-01, 1.73410401e-02, 1.90751433e-01,
          1.21387281e-01, 3.46820801e-02, 6.93641603e-02, 0.,
          3.46820801e-02, 6.35838136e-02 ]
      - [ 9.63855386e-02, 2.71084338e-01, 6.02409616e-03, 2.77108431e-01,
          1.02409631e-01, 3.61445770e-02, 1.08433731e-01, 6.02409616e-03,
          1.20481923e-02, 8.43373463e-02 ]
      - [ 9.70695987e-02, 2.38095239e-01, 3.84615399e-02, 1.42857149e-01,
          9.15750936e-02, 3.84615399e-02, 7.32600763e-02, 6.22710623e-02,
          1.39194146e-01, 7.87545815e-02 ]
      - [ 1.17559522e-01, 1.23511910e-01, 9.67261940e-02, 2.61904776e-01,
          1.10119052e-01, 5.35714291e-02, 7.44047612e-02, 2.38095243e-02,
          7.29166716e-02, 6.54761940e-02 ]
      - [ 1.53409094e-01, 1.42045453e-01, 3.40909101e-02, 1.87500000e-01,
          1.13636367e-01, 5.11363670e-02, 9.09090936e-02, 5.68181835e-03,
          9.65909138e-02, 1.25000000e-01 ]
      - [ 1.17514126e-01, 1.44632772e-01, 8.47457647e-02, 2.71186441e-01,
          9.49152559e-02, 6.77966103e-02, 7.11864457e-02, 1.58192087e-02,
          5.87570630e-02, 7.34463260e-02 ]
      - [ 1.22033894e-01, 1.55932203e-01, 2.37288140e-02, 2.40677968e-01,
          9.15254205e-02, 6.10169470e-02, 1.38983056e-01, 1.69491526e-02,
          4.40677963e-02, 1.05084747e-01 ]
      - [ 1.21875003e-01, 8.90625045e-02, 1.09375000e-01, 2.53125012e-01,
          1.20312504e-01, 6.25000000e-02, 5.78125007e-02, 9.37500037e-03,
          1.18749999e-01, 5.78125007e-02 ]
      - [ 1.11111112e-01, 2.35555559e-01, 2.22222228e-02, 1.06666669e-01,
          1.11111112e-01, 4.88888919e-02, 1.24444447e-01, 6.66666701e-02,
          5.77777773e-02, 1.15555555e-01 ]
      - [ 1.29518062e-01, 1.59638554e-01, 6.62650615e-02, 1.89759031e-01,
          1.14457831e-01, 6.02409616e-02, 1.08433731e-01, 9.03614424e-03,
          2.40963846e-02, 1.38554215e-01 ]
      - [ 1.17437720e-01, 1.56583622e-01, 6.40569404e-02, 1.85053378e-01,
          1.17437720e-01, 6.40569404e-02, 1.17437720e-01, 1.42348753e-02,
          2.84697507e-02, 1.35231316e-01 ]
      - [ 1.50000006e-01, 1.50000006e-01, 4.37499993e-02, 2.18750000e-01,
          1.28124997e-01, 6.25000000e-02, 1.00000001e-01, 9.37500037e-03,
          6.56250045e-02, 7.18749985e-02 ]
      - [ 1.41333327e-01, 1.50666669e-01, 6.93333298e-02, 1.65333331e-01,
          1.18666664e-01, 7.33333305e-02, 5.99999987e-02, 5.46666645e-02,
          8.79999995e-02, 7.86666647e-02 ]
      - [ 1.09137051e-01, 1.95431471e-01, 8.88324827e-02, 1.85279191e-01,
          1.09137051e-01, 7.61421323e-02, 6.34517744e-02, 4.31472063e-02,
          7.86802024e-02, 5.07614203e-02 ]
      - [ 7.40740746e-02, 2.96296299e-01, 0., 2.65432090e-01,
          9.87654328e-02, 4.32098769e-02, 5.55555560e-02, 1.85185187e-02,
          3.08641978e-02, 1.17283955e-01 ]
      - [ 1.34328350e-01, 2.46268645e-01, 1.49253728e-02, 2.50000000e-01,
          1.23134322e-01, 3.35820876e-02, 8.20895508e-02, 7.46268639e-03,
          4.85074632e-02, 5.97014911e-02 ]
      - [ 1.35416672e-01, 2.08333343e-01, 2.60416679e-02, 3.12500000e-01,
          9.37500000e-02, 4.68750000e-02, 5.72916679e-02, 2.08333340e-02,
          3.12500000e-02, 6.77083358e-02 ]
      - [ 9.13978517e-02, 1.77419350e-01, 3.22580636e-02, 1.61290318e-01,
          1.18279569e-01, 9.13978517e-02, 8.60215053e-02, 8.06451589e-02,
          6.98924735e-02, 9.13978517e-02 ]
      - [ 9.36749354e-02, 1.54523611e-01, 1.20096073e-01, 1.77742183e-01,
          9.44755822e-02, 9.36749354e-02, 6.00480363e-02, 4.88390699e-02,
          9.68775004e-02, 6.00480363e-02 ]
      - [ 1.56000003e-01, 2.24000007e-01, 3.20000015e-02, 2.04000011e-01,
          1.28000006e-01, 6.40000030e-02, 8.40000063e-02, 0.,
          1.60000008e-02, 9.20000076e-02 ]
      - [ 1.56250000e-01, 1.45833343e-01, 6.77083358e-02, 2.52604187e-01,
          1.32812500e-01, 5.72916679e-02, 7.55208358e-02, 2.60416679e-02,
          2.34375000e-02, 6.25000000e-02 ]
      - [ 1.41592920e-01, 1.59292042e-01, 2.65486725e-02, 2.69911498e-01,
          1.76991150e-01, 9.73451287e-02, 6.63716793e-02, 0.,
          1.32743362e-02, 4.86725643e-02 ]
      - [ 1.12469435e-01, 1.44254282e-01, 9.37245265e-02, 2.11083934e-01,
          1.05134472e-01, 6.35696799e-02, 7.74246082e-02, 4.31947820e-02,
          7.49796256e-02, 7.41646290e-02 ]
      - [ 1.53225809e-01, 1.93548381e-01, 4.03225794e-02, 2.70161271e-01,
          1.16935477e-01, 2.01612897e-02, 8.46774131e-02, 4.03225794e-03,
          4.03225794e-02, 7.66129047e-02 ]
      - [ 1.46993324e-01, 2.29398668e-01, 2.00445447e-02, 1.91536754e-01,
          1.15812920e-01, 3.78619172e-02, 1.04677066e-01, 1.11358576e-02,
          5.12249470e-02, 9.13140327e-02 ]
      - [ 1.09429568e-01, 1.42025620e-01, 1.60651922e-01, 2.60768354e-01,
          1.02444708e-01, 4.77299206e-02, 4.54016291e-02, 2.09545977e-02,
          5.93713634e-02, 5.12223542e-02 ]
      - [ 7.11864382e-02, 1.38983056e-01, 7.45762736e-02, 3.96610171e-01,
          8.81355926e-02, 4.40677963e-02, 9.15254205e-02, 3.38983047e-03,
          2.71186437e-02, 6.44067824e-02 ]
      - [ 1.02689490e-01, 1.57701716e-01, 1.05134480e-01, 3.00733507e-01,
          9.53545272e-02, 6.35696873e-02, 7.57946223e-02, 1.22249397e-02,
          2.93398537e-02, 5.74572161e-02 ]
      - [ 6.72514588e-02, 1.11111112e-01, 1.69590652e-01, 2.07602337e-01,
          7.30994195e-02, 4.09356728e-02, 7.01754391e-02, 7.89473653e-02,
          1.22807018e-01, 5.84795326e-02 ]
      - [ 1.16504855e-01, 8.25242698e-02, 1.55339807e-01, 2.28155345e-01,
          1.01941749e-01, 1.01941749e-01, 9.22330096e-02, 4.85436898e-03,
          4.85436916e-02, 6.79611638e-02 ]
      - [ 6.47321492e-02, 1.91964298e-01, 1.62946433e-01, 2.58928597e-01,
          1.09375007e-01, 2.90178582e-02, 4.46428582e-02, 3.12500000e-02,
          6.02678582e-02, 4.68750037e-02 ]
      - [ 1.19133577e-01, 1.20938629e-01, 1.06498197e-01, 1.71480149e-01,
          1.06498197e-01, 6.67870045e-02, 9.38628167e-02, 3.42960283e-02,
          8.48375410e-02, 9.56678689e-02 ]
      - [ 7.93650746e-02, 8.46560821e-02, 1.86948851e-01, 2.13403881e-01,
          5.99647239e-02, 3.35096978e-02, 7.40740746e-02, 9.70017612e-02,
          1.02292769e-01, 6.87830672e-02 ]
      - [ 8.38926211e-02, 1.10738255e-01, 2.18120813e-01, 1.54362410e-01,
          5.70469797e-02, 4.69798669e-02, 1.10738255e-01, 6.37583882e-02,
          7.38255009e-02, 8.05369169e-02 ]
      - [ 8.46994519e-02, 1.17486335e-01, 1.20218575e-01, 1.83060110e-01,
          9.83606502e-02, 4.37158458e-02, 9.01639313e-02, 5.46448082e-02,
          9.83606502e-02, 1.09289616e-01 ]
      - [ 4.82456163e-02, 8.77192989e-02, 1.84210524e-01, 1.97368428e-01,
          6.14035092e-02, 2.63157897e-02, 3.50877196e-02, 1.14035085e-01,
          2.01754391e-01, 4.38596494e-02 ]
      - [ 7.82122910e-02, 5.58659211e-02, 1.78770944e-01, 2.29050279e-01,
          8.37988779e-02, 2.79329605e-02, 7.82122910e-02, 6.70391023e-02,
          1.17318429e-01, 8.37988779e-02 ]
      - [ 7.20000044e-02, 8.40000063e-02, 2.04000011e-01, 2.20000014e-01,
          7.20000044e-02, 2.80000009e-02, 5.20000011e-02, 7.20000044e-02,
          1.28000006e-01, 6.80000037e-02 ]
      - [ 1.25000000e-01, 1.41129032e-01, 1.45161286e-01, 2.25806445e-01,
          8.87096748e-02, 8.06451589e-03, 1.08870968e-01, 3.62903215e-02,
          3.22580636e-02, 8.87096748e-02 ]
      - [ 9.12698433e-02, 1.07142866e-01, 1.66666672e-01, 1.90476209e-01,
          1.19047627e-01, 6.34920672e-02, 8.33333358e-02, 5.15873060e-02,
          6.74603209e-02, 5.95238134e-02 ]
      - [ 7.48299286e-02, 1.08843535e-01, 2.65306115e-01, 1.83673471e-01,
          8.16326514e-02, 6.80272095e-03, 8.16326514e-02, 5.44217676e-02,
          9.52380896e-02, 4.76190448e-02 ]
      - [ 8.19047615e-02, 1.35238096e-01, 2.17142850e-01, 2.05714285e-01,
          6.47619069e-02, 3.80952358e-02, 7.99999982e-02, 4.57142852e-02,
          8.57142881e-02, 4.57142852e-02 ]
      - [ 6.25000000e-02, 2.08333340e-02, 3.54166687e-01, 2.50000000e-01,
          5.20833358e-02, 4.16666679e-02, 4.16666679e-02, 5.20833358e-02,
          3.12500000e-02, 9.37500000e-02 ]
      - [ 8.81355926e-02, 9.83050838e-02, 1.89830512e-01, 2.03389823e-01,
          8.81355926e-02, 5.42372875e-02, 9.15254205e-02, 4.06779647e-02,
          4.74576280e-02, 9.83050838e-02 ]
      - [ 9.74025950e-02, 3.24675329e-02, 2.46753246e-01, 2.27272734e-01,
          1.10389613e-01, 5.19480519e-02, 9.74025950e-02, 1.29870130e-02,
          3.24675329e-02, 9.09090936e-02 ]
      - [ 1.00558653e-01, 1.53631285e-01, 1.25698313e-01, 1.64804459e-01,
          1.14525139e-01, 5.86592145e-02, 9.21787694e-02, 3.35195512e-02,
          7.26256967e-02, 8.37988779e-02 ]
      - [ 1.09271526e-01, 9.27152336e-02, 1.42384112e-01, 2.31788084e-01,
          1.09271526e-01, 3.97351012e-02, 7.61589408e-02, 4.96688746e-02,
          8.60927179e-02, 6.29139096e-02 ]
      - [ 1.03260875e-01, 1.14130437e-01, 1.44021735e-01, 1.68478265e-01,
          8.42391327e-02, 4.07608710e-02, 9.23913047e-02, 7.88043514e-02,
          7.60869607e-02, 9.78260860e-02 ]
      - [ 7.80000016e-02, 2.08000004e-01, 8.60000029e-02, 1.60000011e-01,
          5.40000014e-02, 4.00000028e-02, 3.60000022e-02, 1.16000004e-01,
          1.76000014e-01, 4.60000038e-02 ]
      - [ 6.95187151e-02, 6.41711205e-02, 2.56684482e-01, 2.51336902e-01,
          7.48663098e-02, 3.20855603e-02, 9.62566882e-02, 1.60427801e-02,
          6.41711205e-02, 7.48663098e-02 ]
      - [ 9.55414027e-02, 7.32484087e-02, 8.59872624e-02, 1.94267511e-01,
          1.05095543e-01, 6.68789819e-02, 9.55414027e-02, 5.73248416e-02,
          1.36942685e-01, 8.91719759e-02 ]
      - [ 9.58904102e-02, 1.54109582e-01, 1.23287670e-01, 1.60958901e-01,
          1.43835619e-01, 4.45205495e-02, 7.53424615e-02, 4.45205495e-02,
          6.84931502e-02, 8.90410990e-02 ]
      - [ 5.72916679e-02, 1.56250000e-01, 1.66666672e-01, 2.18750000e-01,
          8.33333358e-02, 3.12500000e-02, 5.20833358e-02, 8.85416716e-02,
          8.33333358e-02, 6.25000000e-02 ]
      - [ 3.80434804e-02, 1.46739140e-01, 2.01086953e-01, 1.92934781e-01,
          5.70652187e-02, 2.71739140e-02, 8.96739140e-02, 7.88043514e-02,
          1.00543477e-01, 6.79347813e-02 ]
      - [ 9.34579372e-02, 7.00934529e-02, 1.91588774e-01, 2.52336442e-01,
          6.54205605e-02, 4.67289686e-02, 7.00934529e-02, 3.73831764e-02,
          8.87850448e-02, 8.41121450e-02 ]
      - [ 8.28729346e-02, 1.38121545e-01, 1.76795587e-01, 1.74033150e-01,
          6.62983432e-02, 3.86740342e-02, 6.07734844e-02, 7.18232095e-02,
          1.38121545e-01, 5.24861887e-02 ]
      - [ 8.86075944e-02, 6.96202517e-02, 2.84810126e-01, 2.15189874e-01,
          9.49367136e-02, 1.89873427e-02, 3.79746854e-02, 7.59493709e-02,
          7.59493709e-02, 3.79746854e-02 ]
      - [ 7.80487806e-02, 6.34146333e-02, 2.39024386e-01, 2.24390239e-01,
          5.85365854e-02, 3.41463424e-02, 4.87804860e-02, 7.80487806e-02,
          1.12195119e-01, 6.34146333e-02 ]
      - [ 6.22710623e-02, 1.31868139e-01, 1.72161177e-01, 1.90476194e-01,
          5.86080588e-02, 3.66300382e-02, 9.15750936e-02, 8.05860832e-02,
          9.15750936e-02, 8.42490867e-02 ]
      - [ 5.00000045e-02, 1.00000009e-01, 2.58333355e-01, 2.08333343e-01,
          6.66666701e-02, 2.50000022e-02, 6.66666701e-02, 8.33333358e-02,
          7.50000030e-02, 6.66666701e-02 ]
      - [ 7.16463402e-02, 1.90548778e-01, 1.61585361e-01, 1.47865847e-01,
          7.62195066e-02, 3.20121944e-02, 7.77439028e-02, 5.33536561e-02,
          1.23475604e-01, 6.55487776e-02 ]
      - [ 8.60215053e-02, 8.81720483e-02, 2.25806460e-01, 1.78494632e-01,
          7.52688199e-02, 4.51612920e-02, 7.09677413e-02, 5.37634417e-02,
          1.01075269e-01, 7.52688199e-02 ]
      - [ 8.70406181e-02, 1.50870413e-01, 1.12185687e-01, 1.93423599e-01,
          9.86460373e-02, 5.60928434e-02, 6.38297871e-02, 6.96325004e-02,
          1.14119925e-01, 5.41586094e-02 ]
      - [ 8.29694346e-02, 8.95196497e-02, 1.70305684e-01, 1.96506560e-01,
          5.89519665e-02, 4.58515286e-02, 7.64192119e-02, 9.60698724e-02,
          9.82532799e-02, 8.51528421e-02 ]
      - [ 1.06172845e-01, 1.30864203e-01, 1.40740752e-01, 1.90123469e-01,
          8.64197537e-02, 3.45679037e-02, 8.88888910e-02, 5.67901246e-02,
          6.17283992e-02, 1.03703707e-01 ]
      - [ 7.66773149e-02, 1.53354630e-01, 1.66134179e-01, 2.20447287e-01,
          7.98722059e-02, 2.87539922e-02, 4.15335447e-02, 7.98722059e-02,
          9.90415290e-02, 5.43130971e-02 ]
      - [ 1.04166664e-01, 9.02777761e-02, 1.21527776e-01, 1.11111112e-01,
          1.04166664e-01, 9.72222239e-02, 1.28472224e-01, 6.94444478e-02,
          6.59722239e-02, 1.07638888e-01 ]
      - [ 1.23529412e-01, 9.11764726e-02, 1.41176477e-01, 8.52941200e-02,
          1.20588236e-01, 8.52941200e-02, 1.14705883e-01, 9.41176489e-02,
          8.82352963e-02, 5.58823533e-02 ]
      - [ 1.70731694e-01, 7.31707290e-02, 1.78861782e-01, 5.28455265e-02,
          1.26016259e-01, 4.87804860e-02, 7.72357732e-02, 9.34959352e-02,
          9.75609720e-02, 8.13008100e-02 ]
      - [ 1.54639170e-01, 7.98969045e-02, 8.50515440e-02, 6.18556663e-02,
          1.70103088e-01, 7.21649453e-02, 8.76288638e-02, 7.73195848e-02,
          1.13402061e-01, 9.79381427e-02 ]
      - [ 1.44578323e-01, 4.81927730e-02, 1.06024101e-01, 7.71084353e-02,
          1.56626508e-01, 1.10843375e-01, 8.91566277e-02, 7.95180723e-02,
          8.67469907e-02, 1.01204820e-01 ]
      - [ 1.23486690e-01, 1.18644074e-01, 1.47699758e-01, 7.26392269e-02,
          1.16222769e-01, 7.74818435e-02, 7.26392269e-02, 7.74818435e-02,
          1.08958840e-01, 8.47457647e-02 ]
      - [ 1.46341458e-01, 9.14634094e-02, 7.62195066e-02, 3.04878037e-02,
          1.70731694e-01, 1.21951215e-01, 7.31707290e-02, 7.01219514e-02,
          1.40243903e-01, 7.92682916e-02 ]
      - [ 1.81818187e-01, 5.68181835e-02, 9.09090936e-02, 5.68181835e-02,
          1.83712125e-01, 1.02272734e-01, 1.28787875e-01, 6.43939376e-02,
          4.73484844e-02, 8.71212184e-02 ]
      - [ 1.48148149e-01, 6.94444478e-02, 1.15740739e-01, 6.71296269e-02,
          1.50462970e-01, 1.18055560e-01, 9.95370373e-02, 9.02777761e-02,
          8.10185224e-02, 6.01851866e-02 ]
      - [ 9.78593305e-02, 6.11620806e-02, 1.52905211e-01, 1.00917436e-01,
          1.00917436e-01, 1.03975542e-01, 8.25688094e-02, 1.40672788e-01,
          1.00917436e-01, 5.81039786e-02 ]
      - [ 1.57499999e-01, 4.99999970e-02, 1.17500000e-01, 5.99999987e-02,
          1.55000001e-01, 1.27499998e-01, 6.25000000e-02, 7.75000006e-02,
          1.04999997e-01, 8.74999985e-02 ]
      - [ 1.46739140e-01, 3.26086953e-02, 1.14130437e-01, 5.70652187e-02,
          1.60326093e-01, 1.73913047e-01, 5.97826093e-02, 8.15217420e-02,
          1.03260875e-01, 7.06521720e-02 ]
      - [ 1.30081296e-01, 4.06504050e-02, 1.74796745e-01, 6.09756075e-02,
          1.46341458e-01, 1.13821134e-01, 9.34959352e-02, 6.91056848e-02,
          1.21951215e-01, 4.87804860e-02 ]
      - [ 1.57480314e-01, 5.51181100e-02, 2.00787395e-01, 6.69291317e-02,
          1.45669296e-01, 1.14173226e-01, 4.72440943e-02, 3.93700786e-02,
          1.06299214e-01, 6.69291317e-02 ]
      - [ 1.20521165e-01, 4.88599315e-02, 1.69381097e-01, 7.49185607e-02,
          1.40065148e-01, 1.43322468e-01, 9.44625363e-02, 7.16612339e-02,
          6.18892498e-02, 7.49185607e-02 ]
      - [ 1.61585361e-01, 4.87804860e-02, 8.84146318e-02, 7.92682916e-02,
          1.40243903e-01, 1.34146333e-01, 8.53658468e-02, 9.14634094e-02,
          1.00609750e-01, 7.01219514e-02 ]
      - [ 1.37566134e-01, 6.61375672e-02, 8.99470896e-02, 5.82010560e-02,
          1.40211642e-01, 1.03174597e-01, 8.20105821e-02, 1.26984119e-01,
          1.16402112e-01, 7.93650746e-02 ]
      - [ 1.19402982e-01, 5.59701473e-02, 1.41791046e-01, 5.97014911e-02,
          1.08208954e-01, 1.00746267e-01, 5.97014911e-02, 1.71641782e-01,
          1.41791046e-01, 4.10447754e-02 ]
      - [ 1.74852654e-01, 5.50098270e-02, 1.06090374e-01, 4.71512787e-02,
          1.66994110e-01, 1.06090374e-01, 9.62671936e-02, 7.46561885e-02,
          9.03732851e-02, 8.25147405e-02 ]
      - [ 1.22137405e-01, 5.08905873e-02, 1.39949113e-01, 8.65139961e-02,
          1.50127232e-01, 1.04325697e-01, 4.58015278e-02, 1.24681935e-01,
          1.09414756e-01, 6.61577582e-02 ]
      - [ 1.34703189e-01, 6.39269352e-02, 1.14155248e-01, 1.00456618e-01,
          1.57534242e-01, 8.90410915e-02, 6.62100464e-02, 9.58904102e-02,
          1.09589040e-01, 6.84931502e-02 ]
      - [ 1.43097639e-01, 7.74410740e-02, 1.06060602e-01, 4.37710434e-02,
          1.56565651e-01, 1.36363640e-01, 1.01010099e-01, 7.91245773e-02,
          7.74410740e-02, 7.91245773e-02 ]
      - [ 1.59999996e-01, 5.66666685e-02, 9.00000036e-02, 5.16666695e-02,
          1.63333341e-01, 1.13333337e-01, 1.20000005e-01, 6.33333325e-02,
          6.66666701e-02, 1.15000002e-01 ]
      - [ 1.74334154e-01, 5.81113845e-02, 1.08958840e-01, 5.81113845e-02,
          1.45278454e-01, 1.04116224e-01, 1.30750611e-01, 5.81113845e-02,
          7.74818435e-02, 8.47457647e-02 ]
      - [ 1.59680635e-01, 6.58682659e-02, 9.78043899e-02, 6.58682659e-02,
          1.43712580e-01, 1.05788425e-01, 1.45708576e-01, 6.38722554e-02,
          4.79041934e-02, 1.03792414e-01 ]
      - [ 1.68453291e-01, 7.50382841e-02, 7.81010762e-02, 6.73813224e-02,
          1.57733545e-01, 8.88208300e-02, 1.14854522e-01, 5.81929572e-02,
          7.65696838e-02, 1.14854522e-01 ]
      - [ 1.63424119e-01, 5.25291823e-02, 1.34241238e-01, 1.01167314e-01,
          1.61478594e-01, 7.00389072e-02, 9.53307375e-02, 3.30739282e-02,
          7.78210089e-02, 1.10894941e-01 ]
      - [ 1.60857916e-01, 4.82573733e-02, 1.74262747e-01, 6.16622008e-02,
          1.28686339e-01, 7.50670284e-02, 1.17962472e-01, 6.70241341e-02,
          8.57908875e-02, 8.04289579e-02 ]
      - [ 8.82352963e-02, 3.92156877e-02, 2.51634002e-01, 1.27450988e-01,
          1.17647059e-01, 3.92156877e-02, 9.80392173e-02, 6.20915033e-02,
          9.15032700e-02, 8.49673226e-02 ]
      - [ 1.15138598e-01, 8.10234547e-02, 1.47121534e-01, 1.13006398e-01,
          1.21535182e-01, 7.24946707e-02, 8.52878466e-02, 6.82302788e-02,
          1.10874206e-01, 8.52878466e-02 ]
      - [ 1.33744851e-01, 7.61316866e-02, 8.64197537e-02, 1.04938269e-01,
          1.35802463e-01, 8.02469105e-02, 9.46502015e-02, 6.58436194e-02,
          1.25514403e-01, 9.67078134e-02 ]
      - [ 1.38297871e-01, 6.59574419e-02, 1.21276595e-01, 1.17021270e-01,
          1.08510636e-01, 1.19148932e-01, 6.17021248e-02, 9.78723392e-02,
          9.36170220e-02, 7.65957385e-02 ]
      - [ 1.49206355e-01, 2.85714287e-02, 8.88888910e-02, 6.82539716e-02,
          1.60317466e-01, 1.88888893e-01, 9.04761925e-02, 6.03174604e-02,
          7.46031776e-02, 9.04761925e-02 ]
      - [ 1.25673249e-01, 8.97666067e-02, 7.54039511e-02, 1.02333933e-01,
          1.54398561e-01, 9.51526091e-02, 8.43806118e-02, 8.61759484e-02,
          1.18491925e-01, 6.82226196e-02 ]
      - [ 1.50134057e-01, 6.16622008e-02, 1.07238606e-01, 2.14477219e-02,
          1.74262747e-01, 1.09919578e-01, 1.34048268e-01, 6.43431693e-02,
          6.97050989e-02, 1.07238606e-01 ]
      - [ 1.37931034e-01, 3.44827585e-02, 8.12807903e-02, 9.60591137e-02,
          1.82266012e-01, 1.18226603e-01, 1.33004919e-01, 4.67980281e-02,
          7.14285672e-02, 9.85221639e-02 ]
      - [ 1.27272725e-01, 5.45454547e-02, 1.21212117e-01, 3.33333313e-02,
          1.60606056e-01, 1.39393941e-01, 1.21212117e-01, 7.57575706e-02,
          6.36363626e-02, 1.03030302e-01 ]
      - [ 1.50170639e-01, 5.46075068e-02, 1.80887371e-01, 2.73037534e-02,
          1.05802044e-01, 8.19112584e-02, 1.09215014e-01, 7.50853196e-02,
          1.16040953e-01, 9.89761055e-02 ]
      - [ 1.54241651e-01, 4.62724939e-02, 8.74035954e-02, 6.42673522e-02,
          1.38817474e-01, 1.10539846e-01, 8.99742916e-02, 1.02827765e-01,
          8.48329067e-02, 1.20822623e-01 ]
      - [ 1.70686454e-01, 6.49350658e-02, 7.05009252e-02, 3.89610380e-02,
          1.87384039e-01, 1.26159549e-01, 9.83302444e-02, 6.49350658e-02,
          8.90538022e-02, 8.90538022e-02 ]
      - [ 1.58203125e-01, 7.42187500e-02, 8.78906250e-02, 9.37500000e-02,
          1.79687500e-01, 9.96093750e-02, 6.44531250e-02, 7.61718750e-02,
          8.20312500e-02, 8.39843750e-02 ]
      - [ 1.29032254e-01, 5.73476702e-02, 1.25448033e-01, 5.37634417e-02,
          1.50537640e-01, 1.07526883e-01, 7.88530484e-02, 1.18279569e-01,
          1.11111112e-01, 6.81003556e-02 ]
      - [ 1.15501523e-01, 5.16717322e-02, 1.00303955e-01, 1.03343464e-01,
          1.48936167e-01, 1.00303955e-01, 7.90273547e-02, 1.09422490e-01,
          1.03343464e-01, 8.81458968e-02 ]
      - [ 9.97304544e-02, 1.02425873e-01, 1.64420485e-01, 1.05121292e-01,
          1.26684636e-01, 8.89487863e-02, 6.46900237e-02, 1.02425873e-01,
          7.54716992e-02, 7.00808614e-02 ]
      - [ 1.62412986e-01, 1.02088161e-01, 1.02088161e-01, 9.28074196e-02,
          1.60092801e-01, 1.41531318e-01, 9.51276049e-02, 2.32018549e-02,
          4.87238951e-02, 7.19257519e-02 ]
      - [ 1.67689160e-01, 3.88548039e-02, 1.24744371e-01, 3.68098170e-02,
          1.69734150e-01, 1.14519425e-01, 8.38445798e-02, 8.79345611e-02,
          8.38445798e-02, 9.20245349e-02 ]
      - [ 1.51063830e-01, 3.61702107e-02, 1.34042546e-01, 8.72340426e-02,
          1.63829789e-01, 1.14893615e-01, 9.99999940e-02, 7.87234008e-02,
          4.46808487e-02, 8.93616974e-02 ]
      - [ 1.51335314e-01, 5.04451022e-02, 1.60237387e-01, 8.90207738e-02,
          1.54302672e-01, 1.36498511e-01, 6.52818978e-02, 5.34124635e-02,
          6.52818978e-02, 7.41839781e-02 ]
      - [ 1.14718616e-01, 4.97835502e-02, 1.25541121e-01, 8.87445882e-02,
          1.58008665e-01, 1.06060609e-01, 1.14718616e-01, 7.79220760e-02,
          6.49350658e-02, 9.95671004e-02 ]
      - [ 1.24260359e-01, 1.06508881e-01, 1.53846160e-01, 1.36094674e-01,
          9.46745574e-02, 8.87573957e-02, 5.91715984e-02, 1.06508881e-01,
          7.10059181e-02, 5.91715984e-02 ]
      - [ 6.45161271e-02, 2.15053763e-02, 3.06451619e-01, 1.93548381e-01,
          8.06451589e-02, 8.06451589e-02, 5.37634417e-02, 4.30107526e-02,
          9.13978517e-02, 6.45161271e-02 ]
      - [ 8.33333358e-02, 7.57575780e-02, 2.27272734e-01, 1.13636367e-01,
          9.84848514e-02, 4.54545468e-02, 9.09090936e-02, 5.30303046e-02,
          7.57575780e-02, 1.36363640e-01 ]
      - [ 1.50375947e-01, 4.13533859e-02, 1.57894745e-01, 1.35338351e-01,
          1.24060154e-01, 7.14285746e-02, 9.77443606e-02, 7.51879737e-02,
          7.14285746e-02, 7.51879737e-02 ]
      - [ 1.58854172e-01, 5.98958358e-02, 1.25000000e-01, 9.89583358e-02,
          1.35416672e-01, 9.11458358e-02, 1.01562500e-01, 6.51041716e-02,
          5.46875000e-02, 1.09375000e-01 ]
      - [ 1.68949768e-01, 5.02283089e-02, 1.36986300e-01, 4.56620976e-02,
          1.87214598e-01, 1.18721455e-01, 7.76255652e-02, 4.10958901e-02,
          7.07762539e-02, 1.02739722e-01 ]
      - [ 1.26074508e-01, 7.73639008e-02, 1.83381096e-01, 9.16905478e-02,
          1.34670496e-01, 9.74212065e-02, 5.15759327e-02, 1.08882524e-01,
          7.44985715e-02, 5.44412620e-02 ]
      - [ 1.28472224e-01, 2.08333340e-02, 1.84027776e-01, 5.55555560e-02,
          1.45833328e-01, 6.59722239e-02, 5.20833321e-02, 1.63194448e-01,
          1.21527776e-01, 6.25000000e-02 ]
      - [ 7.93650821e-02, 1.19047631e-02, 1.42857149e-01, 7.53968284e-02,
          1.15079373e-01, 7.14285746e-02, 3.96825410e-02, 1.94444463e-01,
          2.26190493e-01, 4.36507948e-02 ]
      - [ 1.16232470e-01, 5.41082174e-02, 1.88376755e-01, 3.40681374e-02,
          1.32264525e-01, 1.02204412e-01, 9.01803598e-02, 8.01603198e-02,
          1.10220440e-01, 9.21843722e-02 ]
      - [ 1.64576799e-01, 5.79937287e-02, 8.62068981e-02, 5.64263314e-02,
          1.95924759e-01, 1.23824447e-01, 1.08150467e-01, 4.54545431e-02,
          6.89655170e-02, 9.24764872e-02 ]
      - [ 1.64341092e-01, 4.18604650e-02, 8.99224803e-02, 4.65116277e-02,
          1.76744193e-01, 2.04651162e-01, 1.16279066e-01, 4.49612401e-02,
          3.25581394e-02, 8.21705461e-02 ]
      - [ 1.21597096e-01, 8.89292210e-02, 1.01633392e-01, 9.61887464e-02,
          1.47005439e-01, 9.43738669e-02, 9.98185128e-02, 7.44101629e-02,
          7.07803965e-02, 1.05263159e-01 ]
      - [ 1.56424582e-01, 5.21415286e-02, 1.11731842e-01, 5.40037267e-02,
          1.43389195e-01, 1.08007453e-01, 1.17318437e-01, 5.95903173e-02,
          8.00744891e-02, 1.17318437e-01 ]
      - [ 1.99658692e-01, 4.60750833e-02, 8.36177468e-02, 3.75426598e-02,
          1.63822517e-01, 1.00682594e-01, 1.36518762e-01, 7.50853196e-02,
          5.97269610e-02, 9.72696245e-02 ]
      - [ 1.33630291e-01, 5.79064600e-02, 1.04677066e-01, 5.56792878e-02,
          1.75946549e-01, 9.35412049e-02, 1.00222722e-01, 7.57238343e-02,
          9.57683772e-02, 1.06904238e-01 ]
      - [ 1.08108111e-01, 7.43243247e-02, 1.82432443e-01, 1.35135144e-01,
          1.48648649e-01, 8.78378376e-02, 7.43243247e-02, 8.78378376e-02,
          6.08108118e-02, 4.05405425e-02 ]
      - [ 1.69724762e-01, 3.89908254e-02, 1.44495413e-01, 5.27522899e-02,
          1.65137604e-01, 1.62844032e-01, 5.96330240e-02, 7.33944923e-02,
          5.96330240e-02, 7.33944923e-02 ]
      - [ 1.82072833e-01, 5.88235296e-02, 1.00840338e-01, 5.32212891e-02,
          1.54061630e-01, 1.40056029e-01, 1.03641458e-01, 4.48179282e-02,
          6.72268942e-02, 9.52380970e-02 ]
      - [ 1.17647059e-01, 4.34782617e-02, 1.07416876e-01, 6.64961636e-02,
          1.53452680e-01, 9.71866995e-02, 9.20716077e-02, 1.27877235e-01,
          1.20204605e-01, 7.41687939e-02 ]
      - [ 1.17994100e-01, 7.07964599e-02, 1.17994100e-01, 5.01474924e-02,
          1.76991150e-01, 8.84955749e-02, 1.03244841e-01, 7.66961649e-02,
          1.06194690e-01, 9.14454311e-02 ]
      - [ 1.03092782e-01, 5.49828187e-02, 1.54639184e-01, 5.15463911e-02,
          1.23711340e-01, 8.24742317e-02, 6.87285215e-02, 1.54639184e-01,
          1.30584195e-01, 7.56013766e-02 ]
      - [ 1.26470596e-01, 6.17647059e-02, 1.32352948e-01, 5.88235296e-02,
          1.23529412e-01, 8.82352963e-02, 9.41176489e-02, 1.29411772e-01,
          9.70588252e-02, 8.82352963e-02 ]
      - [ 1.35265693e-01, 8.21256042e-02, 1.42512068e-01, 7.72946849e-02,
          1.47342995e-01, 7.97101408e-02, 8.45410600e-02, 6.03864715e-02,
          1.11111112e-01, 7.97101408e-02 ]
      - [ 1.52892560e-01, 4.95867729e-02, 1.52892560e-01, 5.37190065e-02,
          1.11570247e-01, 1.03305779e-01, 4.95867729e-02, 1.03305779e-01,
          1.81818172e-01, 4.13223132e-02 ]
      - [ 1.26245841e-01, 7.97342211e-02, 1.22923583e-01, 7.30896965e-02,
          1.29568100e-01, 5.64784035e-02, 1.06312290e-01, 1.26245841e-01,
          9.30232555e-02, 8.63787383e-02 ]
      - [ 9.73782763e-02, 5.61797768e-02, 1.53558061e-01, 8.61423239e-02,
          1.04868919e-01, 7.49063641e-02, 7.86516890e-02, 1.42322093e-01,
          1.01123594e-01, 1.04868919e-01 ]
      - [ 1.31519273e-01, 7.93650821e-02, 1.79138318e-01, 1.15646258e-01,
          1.40589565e-01, 9.52380970e-02, 8.39002281e-02, 4.08163257e-02,
          4.53514755e-02, 8.84353742e-02 ]
      - [ 1.49206355e-01, 1.07936509e-01, 1.42857149e-01, 1.07936509e-01,
          1.30158737e-01, 6.66666701e-02, 8.57142881e-02, 7.30158761e-02,
          5.71428575e-02, 7.93650821e-02 ]
      - [ 1.26543209e-01, 6.48148134e-02, 1.72839507e-01, 1.14197530e-01,
          1.11111112e-01, 9.87654328e-02, 7.40740746e-02, 6.17283955e-02,
          1.04938269e-01, 7.09876567e-02 ]
      - [ 1.45790562e-01, 4.51745391e-02, 1.19096510e-01, 5.13347052e-02,
          1.84804931e-01, 1.56057507e-01, 6.57084212e-02, 6.98151961e-02,
          7.80287534e-02, 8.41889158e-02 ]
      - [ 1.90709054e-01, 6.84596598e-02, 1.24694385e-01, 5.62347211e-02,
          1.56479225e-01, 1.24694385e-01, 7.33496398e-02, 6.35696873e-02,
          7.82396123e-02, 6.35696873e-02 ]
      - [ 1.40811458e-01, 6.92124143e-02, 1.86157525e-01, 5.25059700e-02,
          1.50358006e-01, 1.26491651e-01, 8.59188586e-02, 5.01193330e-02,
          5.01193330e-02, 8.83054957e-02 ]
      - [ 1.33828998e-01, 4.83271368e-02, 1.37546465e-01, 6.69144988e-02,
          1.82156131e-01, 1.00371748e-01, 5.20446077e-02, 9.29367989e-02,
          1.04089215e-01, 8.17843825e-02 ]
      - [ 1.63194448e-01, 6.25000000e-02, 1.31944448e-01, 7.63888881e-02,
          1.63194448e-01, 1.04166664e-01, 5.55555560e-02, 6.59722239e-02,
          9.72222239e-02, 7.98611119e-02 ]
      - [ 1.04316548e-01, 4.31654677e-02, 2.19424471e-01, 8.63309354e-02,
          1.40287772e-01, 6.11510798e-02, 5.39568365e-02, 8.99280608e-02,
          1.29496410e-01, 7.19424486e-02 ]
      - [ 1.22775801e-01, 9.96441245e-02, 1.19217083e-01, 1.24555156e-01,
          1.24555156e-01, 7.29537383e-02, 9.96441245e-02, 4.98220623e-02,
          7.47330934e-02, 1.12099640e-01 ]
      - [ 1.54034242e-01, 4.40097824e-02, 1.71149150e-01, 1.56479225e-01,
          1.29584357e-01, 9.04645547e-02, 8.80195647e-02, 2.44498793e-02,
          4.64547686e-02, 9.53545272e-02 ]
      - [ 1.39004156e-01, 6.84647337e-02, 1.01659760e-01, 5.80912903e-02,
          1.47302911e-01, 9.54356864e-02, 9.12863091e-02, 7.67634884e-02,
          9.33609977e-02, 1.28630713e-01 ]
      - [ 1.66986555e-01, 9.78886709e-02, 9.78886709e-02, 7.29366615e-02,
          1.47792697e-01, 1.13243759e-01, 1.15163147e-01, 4.60652560e-02,
          7.29366615e-02, 6.90978840e-02 ]
      - [ 1.34146333e-01, 9.34959352e-02, 1.13821134e-01, 1.13821134e-01,
          1.17886171e-01, 1.05691053e-01, 6.09756075e-02, 1.26016259e-01,
          6.91056848e-02, 6.50406480e-02 ]
      - [ 1.62601620e-01, 6.99186996e-02, 8.45528468e-02, 1.07317068e-01,
          1.28455281e-01, 1.02439024e-01, 9.91869867e-02, 7.15447143e-02,
          6.82926849e-02, 1.05691053e-01 ]
      - [ 1.57392696e-01, 1.31955490e-01, 6.67726547e-02, 9.37996805e-02,
          1.30365655e-01, 8.58505592e-02, 1.01748809e-01, 6.04133569e-02,
          7.79014304e-02, 9.37996805e-02 ]
      - [ 1.26086950e-01, 1.41304344e-01, 1.04347825e-01, 6.52173907e-02,
          1.26086950e-01, 9.13043469e-02, 8.91304314e-02, 7.82608688e-02,
          9.34782550e-02, 8.47826079e-02 ]
      - [ 1.53846160e-01, 4.33925055e-02, 1.57790929e-01, 7.29783028e-02,
          1.28205135e-01, 7.49506950e-02, 1.20315582e-01, 7.69230798e-02,
          5.12820520e-02, 1.20315582e-01 ]
      - [ 1.52619600e-01, 6.37813210e-02, 9.33940783e-02, 5.23918010e-02,
          1.54897496e-01, 1.02505699e-01, 1.11617319e-01, 7.28929415e-02,
          8.88382718e-02, 1.07061505e-01 ]
      - [ 1.95583597e-01, 5.83596230e-02, 6.94006309e-02, 4.41640392e-02,
          1.97160885e-01, 9.62145105e-02, 1.23028390e-01, 4.25867513e-02,
          5.04731871e-02, 1.23028390e-01 ]
      - [ 1.74438685e-01, 6.90846294e-02, 8.63557830e-02, 6.04490489e-02,
          1.57167524e-01, 1.08808286e-01, 1.12262525e-01, 3.10880821e-02,
          8.11744407e-02, 1.19170986e-01 ]
      - [ 1.78057551e-01, 5.75539581e-02, 8.27338174e-02, 5.39568365e-02,
          1.65467635e-01, 1.02517985e-01, 1.22302160e-01, 6.11510798e-02,
          4.85611521e-02, 1.27697840e-01 ]
      - [ 1.51260510e-01, 7.28291348e-02, 1.34453788e-01, 7.00280145e-02,
          1.62464991e-01, 9.24369767e-02, 9.80392173e-02, 4.20168079e-02,
          6.72268942e-02, 1.09243698e-01 ]
      - [ 1.25295505e-01, 9.69267115e-02, 8.27423185e-02, 8.03782493e-02,
          1.48936167e-01, 6.61938563e-02, 1.13475174e-01, 7.32860491e-02,
          1.11111112e-01, 1.01654850e-01 ]
   decision_functions:
      -
         sv_count: 200
         rho: -9.2908740306762994e-07
         alpha: [ 1.0000000000000001e-01, 1.0000000000000001e-01,
             1.0000000000000001e-01, 1.0000000000000001e-01,
             1.0000000000000001e-01, 1.0000000000000001e-01,
             1.0000000000000001e-01, 1.0000000000000001e-01,
             1.0000000000000001e-01, 1.0000000000000001e-01,
             1.0000000000000001e-01, 1.0000000000000001e-01,
             1.0000000000000001e-01, 1.0000000000000001e-01,
             1.0000000000000001e-01, 1.0000000000000001e-01,
             1.0000000000000001e-01, 1.0000000000000001e-01,
             1.0000000000000001e-01, 1.0000000000000001e-01,
             1.0000000000000001e-01, 1.0000000000000001e-01,
             1.0000000000000001e-01, 1.0000000000000001e-01,
             1.0000000000000001e-01, 1.0000000000000001e-01,
             1.0000000000000001e-01, 1.0000000000000001e-01,
             1.0000000000000001e-01, 1.0000000000000001e-01,
             1.0000000000000001e-01, 1.0000000000000001e-01,
             1.0000000000000001e-01, 1.0000000000000001e-01,
             1.0000000000000001e-01, 1.0000000000000001e-01,
             1.0000000000000001e-01, 1.0000000000000001e-01,
             1.0000000000000001e-01, 1.0000000000000001e-01,
             1.0000000000000001e-01, 1.0000000000000001e-01,
             1.0000000000000001e-01, 1.0000000000000001e-01,
             1.0000000000000001e-01, 1.0000000000000001e-01,
             1.0000000000000001e-01, 1.0000000000000001e-01,
             1.0000000000000001e-01, 1.0000000000000001e-01,
             1.0000000000000001e-01, 1.0000000000000001e-01,
             1.0000000000000001e-01, 1.0000000000000001e-01,
             1.0000000000000001e-01, 1.0000000000000001e-01,
             1.0000000000000001e-01, 1.0000000000000001e-01,
             1.0000000000000001e-01, 1.0000000000000001e-01,
             1.0000000000000001e-01, 1.0000000000000001e-01,
             1.0000000000000001e-01, 1.0000000000000001e-01,
             1.0000000000000001e-01, 1.0000000000000001e-01,
             1.0000000000000001e-01, 1.0000000000000001e-01,
             1.0000000000000001e-01, 1.0000000000000001e-01,
             1.0000000000000001e-01, 1.0000000000000001e-01,
             1.0000000000000001e-01, 1.0000000000000001e-01,
             1.0000000000000001e-01, 1.0000000000000001e-01,
             1.0000000000000001e-01, 1.0000000000000001e-01,
             1.0000000000000001e-01, 1.0000000000000001e-01,
             1.0000000000000001e-01, 1.0000000000000001e-01,
             1.0000000000000001e-01, 1.0000000000000001e-01,
             1.0000000000000001e-01, 1.0000000000000001e-01,
             1.0000000000000001e-01, 1.0000000000000001e-01,
             1.0000000000000001e-01, 1.0000000000000001e-01,
             1.0000000000000001e-01, 1.0000000000000001e-01,
             1.0000000000000001e-01, 1.0000000000000001e-01,
             1.0000000000000001e-01, 1.0000000000000001e-01,
             1.0000000000000001e-01, 1.0000000000000001e-01,
             1.0000000000000001e-01, 1.0000000000000001e-01,
             -1.0000000000000001e-01, -1.0000000000000001e-01,
             -1.0000000000000001e-01, -1.0000000000000001e-01,
             -1.0000000000000001e-01, -1.0000000000000001e-01,
             -1.0000000000000001e-01, -1.0000000000000001e-01,
             -1.0000000000000001e-01, -1.0000000000000001e-01,
             -1.0000000000000001e-01, -1.0000000000000001e-01,
             -1.0000000000000001e-01, -1.0000000000000001e-01,
             -1.0000000000000001e-01, -1.0000000000000001e-01,
             -1.0000000000000001e-01, -1.0000000000000001e-01,
             -1.0000000000000001e-01, -1.0000000000000001e-01,
             -1.0000000000000001e-01, -1.0000000000000001e-01,
             -1.0000000000000001e-01, -1.0000000000000001e-01,
             -1.0000000000000001e-01, -1.0000000000000001e-01,
             -1.0000000000000001e-01, -1.0000000000000001e-01,
             -1.0000000000000001e-01, -1.0000000000000001e-01,
             -1.0000000000000001e-01, -1.0000000000000001e-01,
             -1.0000000000000001e-01, -1.0000000000000001e-01,
             -1.0000000000000001e-01, -1.0000000000000001e-01,
             -1.0000000000000001e-01, -1.0000000000000001e-01,
             -1.0000000000000001e-01, -1.0000000000000001e-01,
             -1.0000000000000001e-01, -1.0000000000000001e-01,
             -1.0000000000000001e-01, -1.0000000000000001e-01,
             -1.0000000000000001e-01, -1.0000000000000001e-01,
             -1.0000000000000001e-01, -1.0000000000000001e-01,
             -1.0000000000000001e-01, -1.0000000000000001e-01,
             -1.0000000000000001e-01, -1.0000000000000001e-01,
             -1.0000000000000001e-01, -1.0000000000000001e-01,
             -1.0000000000000001e-01, -1.0000000000000001e-01,
             -1.0000000000000001e-01, -1.0000000000000001e-01,
             -1.0000000000000001e-01, -1.0000000000000001e-01,
             -1.0000000000000001e-01, -1.0000000000000001e-01,
             -1.0000000000000001e-01, -1.0000000000000001e-01,
             -1.0000000000000001e-01, -1.0000000000000001e-01,
             -1.0000000000000001e-01, -1.0000000000000001e-01,
             -1.0000000000000001e-01, -1.0000000000000001e-01,
             -1.0000000000000001e-01, -1.0000000000000001e-01,
             -1.0000000000000001e-01, -1.0000000000000001e-01,
             -1.0000000000000001e-01, -1.0000000000000001e-01,
             -1.0000000000000001e-01, -1.0000000000000001e-01,
             -1.0000000000000001e-01, -1.0000000000000001e-01,
             -1.0000000000000001e-01, -1.0000000000000001e-01,
             -1.0000000000000001e-01, -1.0000000000000001e-01,
             -1.0000000000000001e-01, -1.0000000000000001e-01,
             -1.0000000000000001e-01, -1.0000000000000001e-01,
             -1.0000000000000001e-01, -1.0000000000000001e-01,
             -1.0000000000000001e-01, -1.0000000000000001e-01,
             -1.0000000000000001e-01, -1.0000000000000001e-01,
             -1.0000000000000001e-01, -1.0000000000000001e-01,
             -1.0000000000000001e-01, -1.0000000000000001e-01,
             -1.0000000000000001e-01, -1.0000000000000001e-01 ]
         index: [ 0, 1, 2, 3, 4, 5, 6, 7, 8, 9, 10, 11, 12, 13, 14, 15,
             16, 17, 18, 19, 20, 21, 22, 23, 24, 25, 26, 27, 28, 29, 30,
             31, 32, 33, 34, 35, 36, 37, 38, 39, 40, 41, 42, 43, 44, 45,
             46, 47, 48, 49, 50, 51, 52, 53, 54, 55, 56, 57, 58, 59, 60,
             61, 62, 63, 64, 65, 66, 67, 68, 69, 70, 71, 72, 73, 74, 75,
             76, 77, 78, 79, 80, 81, 82, 83, 84, 85, 86, 87, 88, 89, 90,
             91, 92, 93, 94, 95, 96, 97, 98, 99, 100, 101, 102, 103, 104,
             105, 106, 107, 108, 109, 110, 111, 112, 113, 114, 115, 116,
             117, 118, 119, 120, 121, 122, 123, 124, 125, 126, 127, 128,
             129, 130, 131, 132, 133, 134, 135, 136, 137, 138, 139, 140,
             141, 142, 143, 144, 145, 146, 147, 148, 149, 150, 151, 152,
             153, 154, 155, 156, 157, 158, 159, 160, 161, 162, 163, 164,
             165, 166, 167, 168, 169, 170, 171, 172, 173, 174, 175, 176,
             177, 178, 179, 180, 181, 182, 183, 184, 185, 186, 187, 188,
             189, 190, 191, 192, 193, 194, 195, 196, 197, 198, 199 ]
