%YAML:1.0
---
opencv_ml_svm:
   format: 3
   svmType: C_SVC
   kernel:
      type: SIGMOID
      gamma: 1.0000000000000001e-05
      coef0: 1.0000000000000001e-01
   C: 1.0000000000000001e-01
   term_criteria: { iterations:100 }
   var_count: 10
   class_count: 2
   class_labels: !!opencv-matrix
      rows: 2
      cols: 1
      dt: i
      data: [ 0, 1 ]
   sv_total: 200
   support_vectors:
      - [ 9.99999940e-02, 1.27272725e-01, 7.72727281e-02, 1.36363626e-01,
          1.18181817e-01, 7.27272704e-02, 1.22727267e-01, 8.63636360e-02,
          6.81818128e-02, 9.09090862e-02 ]
      - [ 1.34328350e-01, 6.34328350e-02, 8.95522386e-02, 5.22388034e-02,
          1.26865670e-01, 1.00746267e-01, 8.58208910e-02, 8.95522386e-02,
          1.52985066e-01, 1.04477607e-01 ]
      - [ 1.25984251e-01, 4.72440943e-02, 8.26771632e-02, 3.93700786e-02,
          1.37795269e-01, 1.02362201e-01, 7.87401572e-02, 1.37795269e-01,
          1.18110240e-01, 1.29921257e-01 ]
      - [ 1.12956807e-01, 4.31893691e-02, 1.06312290e-01, 4.65116277e-02,
          8.97009969e-02, 8.97009969e-02, 4.31893691e-02, 1.92691028e-01,
          1.99335545e-01, 7.64119551e-02 ]
      - [ 9.25507918e-02, 4.28893901e-02, 1.42212197e-01, 3.38600464e-02,
          1.28668174e-01, 1.08352147e-01, 9.02934521e-02, 1.42212197e-01,
          1.12866819e-01, 1.06094807e-01 ]
      - [ 1.18811876e-01, 2.47524753e-02, 5.44554442e-02, 1.48514844e-02,
          1.08910888e-01, 1.98019803e-01, 5.94059378e-02, 2.02970296e-01,
          1.53465346e-01, 6.43564314e-02 ]
      - [ 9.61538479e-02, 3.84615399e-02, 3.36538479e-02, 4.80769249e-03,
          1.63461551e-01, 1.29807696e-01, 5.28846160e-02, 1.63461551e-01,
          2.59615391e-01, 5.76923117e-02 ]
      - [ 1.25654459e-01, 4.71204184e-02, 5.75916246e-02, 5.23560215e-03,
          1.62303671e-01, 1.46596864e-01, 4.71204184e-02, 2.09424078e-01,
          1.25654459e-01, 7.32984319e-02 ]
      - [ 8.86699483e-02, 4.43349741e-02, 6.40394092e-02, 1.47783253e-02,
          1.03448272e-01, 1.37931034e-01, 8.86699483e-02, 1.82266012e-01,
          1.87192112e-01, 8.86699483e-02 ]
      - [ 1.19999997e-01, 3.42857130e-02, 5.71428575e-02, 5.71428565e-03,
          9.71428528e-02, 1.88571423e-01, 6.85714260e-02, 2.22857147e-01,
          1.71428576e-01, 3.42857130e-02 ]
      - [ 1.51624545e-01, 7.58122727e-02, 9.02527049e-02, 5.41516244e-02,
          1.66064978e-01, 1.29963905e-01, 8.66426006e-02, 5.77617325e-02,
          7.94223845e-02, 1.08303249e-01 ]
      - [ 1.26315802e-01, 3.15789506e-02, 7.89473727e-02, 1.05263162e-02,
          1.63157895e-01, 2.05263168e-01, 8.94736871e-02, 1.15789481e-01,
          8.94736871e-02, 8.94736871e-02 ]
      - [ 1.49999991e-01, 9.09090862e-02, 1.22727267e-01, 3.63636352e-02,
          1.11363634e-01, 6.36363626e-02, 1.15909085e-01, 1.06818177e-01,
          1.06818177e-01, 9.54545438e-02 ]
      - [ 9.21985805e-02, 2.12765951e-02, 4.25531901e-02, 0.,
          9.21985805e-02, 1.48936167e-01, 9.92907733e-02, 2.12765947e-01,
          1.70212761e-01, 1.20567374e-01 ]
      - [ 7.97872320e-02, 4.25531901e-02, 6.91489354e-02, 1.06382975e-02,
          1.38297871e-01, 1.70212761e-01, 1.38297871e-01, 1.59574464e-01,
          1.01063825e-01, 9.04255286e-02 ]
      - [ 1.17647059e-01, 5.51470593e-02, 1.10294119e-01, 9.55882370e-02,
          1.32352948e-01, 1.61764711e-01, 8.45588222e-02, 1.06617644e-01,
          6.61764741e-02, 6.98529407e-02 ]
      - [ 1.04417667e-01, 6.42570257e-02, 7.22891539e-02, 4.01606411e-03,
          1.12449795e-01, 1.48594379e-01, 1.12449795e-01, 1.56626493e-01,
          1.08433731e-01, 1.16465859e-01 ]
      - [ 6.66666701e-02, 4.88888919e-02, 8.88888910e-02, 4.44444455e-02,
          7.11111128e-02, 1.55555561e-01, 9.77777839e-02, 1.55555561e-01,
          1.42222226e-01, 1.28888890e-01 ]
      - [ 6.89655170e-02, 1.23152710e-01, 3.94088663e-02, 1.97044332e-02,
          8.37438405e-02, 1.33004919e-01, 9.85221639e-02, 1.57635465e-01,
          1.57635465e-01, 1.18226603e-01 ]
      - [ 1.19535513e-01, 6.48907050e-02, 7.24043697e-02, 5.80601059e-02,
          1.13729507e-01, 1.39002725e-01, 1.28415301e-01, 8.06010887e-02,
          8.74316916e-02, 1.35928959e-01 ]
      - [ 1.50015369e-01, 7.07039610e-02, 1.41407922e-01, 7.25484118e-02,
          1.49707958e-01, 1.11589298e-01, 8.97632912e-02, 4.98001836e-02,
          6.64002448e-02, 9.80633274e-02 ]
      - [ 1.55212358e-01, 4.34362926e-02, 6.85328171e-02, 7.14285672e-02,
          1.56177610e-01, 1.53088793e-01, 1.05405405e-01, 6.52509630e-02,
          8.59073326e-02, 9.55598429e-02 ]
      - [ 1.96035236e-01, 3.74449342e-02, 5.94713613e-02, 6.38766512e-02,
          1.76211447e-01, 1.29955947e-01, 7.92951509e-02, 4.84581478e-02,
          1.18942723e-01, 9.03083682e-02 ]
      - [ 1.25461251e-01, 5.16605154e-02, 1.69741705e-01, 3.87453884e-02,
          1.25461251e-01, 7.93357939e-02, 1.10701106e-01, 9.40959454e-02,
          9.77859795e-02, 1.07011072e-01 ]
      - [ 1.38401568e-01, 4.87329438e-02, 8.96686167e-02, 7.79727101e-02,
          1.36452243e-01, 1.96881086e-01, 9.35672522e-02, 6.43274859e-02,
          7.60233924e-02, 7.79727101e-02 ]
      - [ 1.98359668e-01, 3.37181054e-02, 7.65492097e-02, 4.49574739e-02,
          1.94410697e-01, 1.32138520e-01, 1.13304988e-01, 4.16160412e-02,
          4.79951426e-02, 1.16950184e-01 ]
      - [ 1.80851057e-01, 2.39361692e-02, 7.97872320e-02, 5.31914867e-02,
          1.83510631e-01, 1.19680844e-01, 1.03723399e-01, 7.44680837e-02,
          8.77659544e-02, 9.30851027e-02 ]
      - [ 1.44000009e-01, 7.20000044e-02, 4.80000004e-02, 2.40000002e-02,
          1.68000013e-01, 8.00000057e-02, 1.36000007e-01, 1.28000006e-01,
          4.80000004e-02, 1.52000010e-01 ]
      - [ 1.48514852e-01, 4.15841602e-02, 1.18811883e-01, 6.53465390e-02,
          1.12871289e-01, 1.30693078e-01, 8.91089141e-02, 9.10891145e-02,
          1.10891089e-01, 9.10891145e-02 ]
      - [ 1.38632163e-01, 5.36044352e-02, 7.76340142e-02, 2.40295753e-02,
          1.14602588e-01, 1.18299447e-01, 1.01663589e-01, 1.20147876e-01,
          1.57116458e-01, 9.42698717e-02 ]
      - [ 1.41805828e-01, 4.61364277e-02, 1.40107557e-01, 8.23662654e-02,
          1.46051511e-01, 1.12935185e-01, 8.57628137e-02, 6.90631196e-02,
          9.62354988e-02, 7.95358047e-02 ]
      - [ 1.05658196e-01, 5.42725176e-02, 1.65127024e-01, 7.50577375e-02,
          1.13163970e-01, 8.60277116e-02, 7.62124732e-02, 1.32794455e-01,
          1.14318706e-01, 7.73672014e-02 ]
      - [ 1.13861382e-01, 9.90099013e-02, 1.63366333e-01, 3.46534662e-02,
          1.08910888e-01, 9.40594077e-02, 7.92079195e-02, 8.91089067e-02,
          6.93069324e-02, 1.48514852e-01 ]
      - [ 1.19140625e-01, 7.42187500e-02, 6.44531250e-02, 4.88281250e-02,
          1.13281250e-01, 1.15234375e-01, 1.30859375e-01, 1.15234375e-01,
          1.11328125e-01, 1.07421875e-01 ]
      - [ 1.54901966e-01, 2.35294141e-02, 1.00000009e-01, 8.82352963e-02,
          1.68627456e-01, 1.03921577e-01, 7.45098069e-02, 1.27450988e-01,
          8.43137279e-02, 7.45098069e-02 ]
      - [ 1.26794249e-01, 3.34928222e-02, 1.79425836e-01, 6.22009560e-02,
          1.57894731e-01, 1.31578937e-01, 7.17703328e-02, 1.26794249e-01,
          5.74162677e-02, 5.26315756e-02 ]
      - [ 1.62746340e-01, 5.02225049e-02, 6.42085150e-02, 3.56007628e-02,
          1.48124605e-01, 2.04704374e-01, 9.53591838e-02, 5.65797836e-02,
          7.75588006e-02, 1.04895100e-01 ]
      - [ 1.27868846e-01, 4.91803288e-02, 1.14754096e-01, 6.55737668e-02,
          1.50819674e-01, 7.21311495e-02, 1.47540987e-01, 3.60655747e-02,
          1.24590166e-01, 1.11475408e-01 ]
      - [ 8.08510631e-02, 1.54137120e-01, 1.22458629e-01, 1.58392429e-01,
          9.31442082e-02, 4.82269488e-02, 5.62647730e-02, 9.64538977e-02,
          1.34751767e-01, 5.53191490e-02 ]
      - [ 8.69565234e-02, 1.59937888e-01, 9.93788838e-02, 2.50000000e-01,
          8.38509351e-02, 5.43478280e-02, 7.45341629e-02, 4.34782617e-02,
          6.98757768e-02, 7.76397511e-02 ]
      - [ 1.19515009e-01, 9.65646654e-02, 4.95092385e-02, 6.07678965e-02,
          1.22979216e-01, 1.15617782e-01, 8.22748244e-02, 1.25288680e-01,
          1.44630477e-01, 8.28521922e-02 ]
      - [ 1.12469435e-01, 1.44254282e-01, 9.37245265e-02, 2.11083934e-01,
          1.05134472e-01, 6.35696799e-02, 7.74246082e-02, 4.31947820e-02,
          7.49796256e-02, 7.41646290e-02 ]
      - [ 1.20061375e-01, 9.89643261e-02, 3.45224403e-02, 3.41388583e-02,
          1.13156885e-01, 9.51284990e-02, 9.20598358e-02, 1.54583812e-01,
          1.66474879e-01, 9.09090936e-02 ]
      - [ 1.07837185e-01, 7.83718154e-02, 8.26245472e-02, 8.62697512e-02,
          1.10571086e-01, 1.37910098e-01, 9.20413136e-02, 1.12089917e-01,
          1.03584453e-01, 8.86998847e-02 ]
      - [ 1.16504855e-01, 1.42394826e-01, 6.79611638e-02, 1.26213595e-01,
          1.19741105e-01, 7.11974129e-02, 7.44336620e-02, 6.14886768e-02,
          1.03559874e-01, 1.16504855e-01 ]
      - [ 1.28487512e-01, 7.04845786e-02, 7.12187961e-02, 5.80029376e-02,
          1.45374447e-01, 1.12334803e-01, 8.73715132e-02, 1.15271658e-01,
          1.29221737e-01, 8.22320133e-02 ]
      - [ 1.45637035e-01, 3.60508002e-02, 5.94018847e-02, 2.70380992e-02,
          1.54035226e-01, 2.09135592e-01, 9.45309326e-02, 8.82834867e-02,
          8.58254805e-02, 1.00061446e-01 ]
      - [ 5.63380271e-02, 3.30985904e-01, 4.22535203e-02, 5.63380271e-02,
          4.22535203e-02, 7.74647892e-02, 7.74647892e-02, 4.92957756e-02,
          1.90140843e-01, 7.74647892e-02 ]
      - [ 9.91124287e-02, 1.33875743e-01, 1.44970417e-01, 2.74408281e-01,
          1.05769232e-01, 5.69526628e-02, 5.39940819e-02, 4.58579883e-02,
          4.21597622e-02, 4.28994074e-02 ]
      - [ 1.34853661e-01, 5.54857254e-02, 6.37457371e-02, 6.75166100e-02,
          1.28389299e-01, 1.58197165e-01, 1.24618426e-01, 7.23648742e-02,
          7.41605312e-02, 1.20667987e-01 ]
      - [ 9.27083418e-02, 1.25000000e-01, 1.41666681e-01, 2.18750015e-01,
          8.54166746e-02, 4.06250022e-02, 7.29166716e-02, 6.35416731e-02,
          8.12500045e-02, 7.81250075e-02 ]
      - [ 1.07428573e-01, 1.59999996e-01, 4.45714295e-02, 9.82857123e-02,
          1.07428573e-01, 9.60000008e-02, 1.05142854e-01, 1.16571426e-01,
          8.57142881e-02, 7.88571388e-02 ]
      - [ 1.40710384e-01, 6.76229522e-02, 1.03825137e-01, 1.70765027e-01,
          1.48907095e-01, 7.44535476e-02, 7.37704933e-02, 7.03551918e-02,
          6.35245889e-02, 8.60655680e-02 ]
      - [ 7.51140714e-02, 2.00421199e-01, 9.79290977e-02, 2.34117225e-01,
          7.19550699e-02, 4.52790447e-02, 4.70340475e-02, 6.98490664e-02,
          1.04949102e-01, 5.33520505e-02 ]
      - [ 1.49156943e-01, 1.03761345e-01, 7.39299580e-02, 7.26329461e-02,
          1.42671853e-01, 1.06355384e-01, 9.72762629e-02, 6.22568093e-02,
          1.02464333e-01, 8.94941613e-02 ]
      - [ 1.63630992e-01, 8.64428505e-02, 2.56965645e-02, 2.39243880e-02,
          1.62154183e-01, 1.43152505e-01, 1.08004339e-01, 6.47829100e-02,
          1.13517776e-01, 1.08693518e-01 ]
      - [ 1.01669192e-01, 7.13201836e-02, 1.71471924e-01, 1.47192717e-01,
          8.34597871e-02, 9.55993906e-02, 5.31107746e-02, 1.22913502e-01,
          9.40819383e-02, 5.91805764e-02 ]
      - [ 1.39156178e-01, 1.45077720e-01, 1.13249443e-01, 1.66543290e-01,
          1.24352328e-01, 7.40192458e-02, 5.18134683e-02, 3.77498120e-02,
          9.54848230e-02, 5.25536612e-02 ]
      - [ 1.44588754e-01, 1.59307361e-01, 4.41558436e-02, 7.01298714e-02,
          1.29870132e-01, 9.35064927e-02, 1.17748924e-01, 3.03030312e-02,
          8.91774893e-02, 1.21212125e-01 ]
      - [ 1.19101122e-01, 1.68539330e-01, 5.61797768e-02, 1.10112362e-01,
          1.10112362e-01, 1.12359554e-01, 9.21348333e-02, 6.96629211e-02,
          7.41573051e-02, 8.76404494e-02 ]
      - [ 6.02409616e-02, 3.61445785e-01, 2.40963846e-02, 2.40963846e-02,
          1.20481923e-01, 9.63855386e-02, 2.40963846e-02, 8.43373463e-02,
          1.80722892e-01, 2.40963846e-02 ]
      - [ 1.54471546e-01, 5.69105670e-02, 6.91056848e-02, 1.62601620e-02,
          1.58536583e-01, 1.21951215e-01, 1.46341458e-01, 8.53658468e-02,
          6.91056848e-02, 1.21951215e-01 ]
      - [ 1.89111754e-01, 7.92741179e-02, 5.44412620e-02, 1.10792741e-01,
          2.04393506e-01, 8.50047767e-02, 9.16905403e-02, 3.24737355e-02,
          6.78128004e-02, 8.50047767e-02 ]
      - [ 1.07371800e-01, 1.32211536e-01, 7.69230798e-02, 1.30608976e-01,
          9.45512801e-02, 6.73076957e-02, 7.45192319e-02, 1.13782056e-01,
          1.43429488e-01, 5.92948720e-02 ]
      - [ 1.59810394e-01, 8.86067078e-02, 3.32493782e-02, 2.84919702e-02,
          1.63308486e-01, 1.17028713e-01, 1.06219605e-01, 6.83527440e-02,
          1.30951121e-01, 1.03980824e-01 ]
      - [ 1.55419216e-01, 1.06339470e-01, 4.70347628e-02, 2.00408995e-01,
          1.47239268e-01, 6.54396713e-02, 5.93047030e-02, 3.06748450e-02,
          1.14519425e-01, 7.36196339e-02 ]
      - [ 8.19828436e-02, 1.51572928e-01, 4.67111543e-02, 1.75405145e-01,
          8.67492855e-02, 8.86558667e-02, 7.24499524e-02, 8.67492855e-02,
          1.36320308e-01, 7.34032393e-02 ]
      - [ 1.09845400e-01, 1.08218059e-01, 1.48901537e-01, 7.81122893e-02,
          9.92676988e-02, 1.07404396e-01, 6.83482513e-02, 8.70626494e-02,
          1.28559798e-01, 6.42798990e-02 ]
      - [ 1.02691926e-01, 1.31605193e-01, 5.18444665e-02, 7.57726803e-02,
          1.16650052e-01, 1.02691926e-01, 6.18145578e-02, 1.16650052e-01,
          1.82452649e-01, 5.78265227e-02 ]
      - [ 1.33093521e-01, 1.90647483e-01, 2.51798574e-02, 1.33093521e-01,
          1.43884897e-01, 2.51798574e-02, 1.07913673e-01, 3.23741026e-02,
          7.19424486e-02, 1.36690646e-01 ]
      - [ 1.15163147e-01, 2.01535508e-01, 4.41458710e-02, 1.93857953e-01,
          1.26679465e-01, 4.22264859e-02, 4.99040298e-02, 4.60652560e-02,
          1.20921299e-01, 5.95009588e-02 ]
      - [ 1.10151187e-01, 1.42548591e-01, 2.59179249e-02, 9.07127410e-02,
          8.63930881e-02, 1.01511873e-01, 9.93520468e-02, 1.18790492e-01,
          1.51187897e-01, 7.34341219e-02 ]
      - [ 1.17647067e-01, 1.40271500e-01, 1.38009056e-01, 1.65158376e-01,
          8.37104097e-02, 4.29864265e-02, 7.69230798e-02, 4.75113131e-02,
          1.06334843e-01, 8.14479664e-02 ]
      - [ 6.47163093e-02, 5.67375869e-02, 3.28014158e-02, 3.90070900e-02,
          5.85106350e-02, 6.38297871e-02, 6.82624057e-02, 2.94326246e-01,
          2.60638297e-01, 6.11702092e-02 ]
      - [ 8.71143341e-02, 1.74228668e-01, 6.26134276e-02, 1.57894731e-01,
          7.80399293e-02, 7.44101629e-02, 6.71506375e-02, 9.43738669e-02,
          1.29764065e-01, 7.44101629e-02 ]
      - [ 1.06060609e-01, 2.57575750e-01, 0., 3.93939406e-01,
          5.30303046e-02, 2.27272734e-02, 7.57575780e-02, 7.57575780e-03,
          2.27272734e-02, 6.06060624e-02 ]
      - [ 1.00000001e-01, 1.18660286e-01, 1.25837326e-01, 8.27751160e-02,
          9.33014378e-02, 5.31100482e-02, 7.27272704e-02, 1.44976079e-01,
          1.34928226e-01, 7.36842081e-02 ]
      - [ 1.19592875e-01, 2.36641228e-01, 1.78117044e-02, 2.26463109e-01,
          1.14503816e-01, 3.05343512e-02, 9.41475853e-02, 2.54452927e-03,
          7.63358772e-02, 8.14249367e-02 ]
      - [ 1.74434081e-01, 7.72303566e-02, 5.99201024e-02, 2.92942729e-02,
          1.63781613e-01, 1.66444734e-01, 9.98668373e-02, 4.26098518e-02,
          7.58987963e-02, 1.10519305e-01 ]
      - [ 1.59999996e-01, 3.66315767e-02, 8.96842107e-02, 3.41052637e-02,
          1.44842103e-01, 1.09052628e-01, 4.33684215e-02, 1.44842103e-01,
          1.90315783e-01, 4.71578948e-02 ]
      - [ 7.21530691e-02, 1.61364689e-01, 8.39096382e-02, 1.08114339e-01,
          6.77731708e-02, 3.98801304e-02, 5.69386818e-02, 1.78423241e-01,
          1.74273863e-01, 5.71692027e-02 ]
      - [ 1.34715021e-01, 1.91709846e-01, 3.10880821e-02, 1.34715021e-01,
          1.29533678e-01, 7.25388601e-02, 8.80829021e-02, 5.18134683e-02,
          8.29015523e-02, 8.29015523e-02 ]
      - [ 1.01190478e-01, 1.82142869e-01, 7.50000030e-02, 1.97619051e-01,
          1.02380954e-01, 4.52380963e-02, 7.50000030e-02, 2.50000004e-02,
          1.46428570e-01, 5.00000007e-02 ]
      - [ 1.70731708e-01, 1.68292686e-01, 4.39024381e-02, 1.02439024e-01,
          1.41463414e-01, 7.80487806e-02, 5.36585376e-02, 7.07317069e-02,
          1.19512193e-01, 5.12195118e-02 ]
      - [ 9.27419364e-02, 4.20506895e-02, 1.45161286e-01, 5.87557591e-02,
          9.44700465e-02, 6.22119829e-02, 6.91244230e-02, 2.15437785e-01,
          1.33064523e-01, 8.69815648e-02 ]
      - [ 1.59793809e-01, 1.75257728e-01, 2.06185561e-02, 2.47422665e-01,
          9.79381427e-02, 8.24742243e-02, 9.79381427e-02, 1.03092780e-02,
          3.09278332e-02, 7.73195848e-02 ]
      - [ 1.11510791e-01, 1.54676259e-01, 1.07913669e-02, 2.55395681e-01,
          1.00719430e-01, 3.95683460e-02, 8.27338174e-02, 3.59712238e-03,
          1.65467635e-01, 7.55395666e-02 ]
      - [ 1.00697905e-01, 1.18644066e-01, 3.09072789e-02, 1.79461613e-02,
          1.05682954e-01, 1.60518453e-01, 1.12662017e-01, 1.23629116e-01,
          1.21635094e-01, 1.07676968e-01 ]
      - [ 1.12740606e-01, 8.43263045e-02, 4.39963341e-02, 7.05774501e-02,
          1.20989919e-01, 1.22823097e-01, 8.79926682e-02, 1.42988086e-01,
          1.22823097e-01, 9.07424390e-02 ]
      - [ 1.22047246e-01, 9.44881886e-02, 3.14960629e-02, 7.87401572e-03,
          1.41732275e-01, 1.41732275e-01, 1.02362201e-01, 1.14173226e-01,
          1.41732275e-01, 1.02362201e-01 ]
      - [ 1.01265818e-01, 8.86075944e-02, 1.47679314e-01, 1.05485231e-01,
          1.18143454e-01, 1.05485231e-01, 9.28269997e-02, 2.95358635e-02,
          9.28269997e-02, 1.18143454e-01 ]
      - [ 1.07049607e-01, 1.98433429e-01, 4.96083573e-02, 2.55874664e-01,
          9.39947814e-02, 2.61096619e-02, 9.92167145e-02, 7.83289783e-03,
          6.78851157e-02, 9.39947814e-02 ]
      - [ 1.33465141e-01, 6.96984604e-02, 8.89767632e-02, 5.78348972e-02,
          1.42362818e-01, 1.27039045e-01, 9.34256017e-02, 8.15620348e-02,
          1.16164103e-01, 8.94710794e-02 ]
      - [ 1.29296228e-01, 1.51554823e-01, 6.35024533e-02, 1.08510636e-01,
          1.32405892e-01, 8.24877247e-02, 6.08837977e-02, 5.23731560e-02,
          1.60556465e-01, 5.84288053e-02 ]
      - [ 9.71866995e-02, 1.22762144e-01, 6.39386177e-02, 3.83631699e-02,
          9.97442454e-02, 6.64961636e-02, 1.04859337e-01, 1.07416876e-01,
          1.56010225e-01, 1.43222511e-01 ]
      - [ 1.10718496e-01, 1.31919906e-01, 9.89399329e-02, 2.50883400e-01,
          1.01295643e-01, 7.77385160e-02, 8.83392245e-02, 3.06242649e-02,
          4.82921116e-02, 6.12485297e-02 ]
      - [ 8.17160383e-02, 9.29519981e-02, 5.10725267e-02, 5.41368760e-02,
          8.06945860e-02, 1.25638410e-01, 6.74157366e-02, 2.08375901e-01,
          1.75689489e-01, 6.23084791e-02 ]
      - [ 1.09433964e-01, 1.50943398e-01, 8.86792466e-02, 2.22641513e-01,
          1.00000001e-01, 5.94339631e-02, 7.07547218e-02, 3.77358496e-02,
          8.11320767e-02, 7.92452842e-02 ]
      - [ 1.28000006e-01, 1.72000006e-01, 2.80000009e-02, 2.92000026e-01,
          1.52000010e-01, 3.20000015e-02, 7.20000044e-02, 4.00000019e-03,
          3.20000015e-02, 8.80000070e-02 ]
      - [ 1.09826587e-01, 3.58381510e-01, 1.73410401e-02, 1.90751433e-01,
          1.21387281e-01, 3.46820801e-02, 6.93641603e-02, 0.,
          3.46820801e-02, 6.35838136e-02 ]
      - [ 1.37663886e-01, 9.11799744e-02, 4.29082252e-02, 5.66150174e-02,
          1.39153749e-01, 1.22169249e-01, 9.23718736e-02, 1.07866511e-01,
          1.20977350e-01, 8.90941620e-02 ]
      - [ 1.44044310e-01, 1.28808856e-01, 6.50969520e-02, 9.69529077e-02,
          1.41274229e-01, 5.67867011e-02, 1.16343483e-01, 5.12465350e-02,
          9.55678672e-02, 1.03878111e-01 ]
      - [ 9.63855386e-02, 2.71084338e-01, 6.02409616e-03, 2.77108431e-01,
          1.02409631e-01, 3.61445770e-02, 1.08433731e-01, 6.02409616e-03,
          1.20481923e-02, 8.43373463e-02 ]
      - [ 1.67202562e-01, 8.68167207e-02, 1.54340833e-01, 1.12540193e-01,
          1.35048226e-01, 9.00321528e-02, 9.00321528e-02, 2.89389063e-02,
          3.85852084e-02, 9.64630246e-02 ]
      - [ 9.70695987e-02, 2.38095239e-01, 3.84615399e-02, 1.42857149e-01,
          9.15750936e-02, 3.84615399e-02, 7.32600763e-02, 6.22710623e-02,
          1.39194146e-01, 7.87545815e-02 ]
      - [ 1.17559522e-01, 1.23511910e-01, 9.67261940e-02, 2.61904776e-01,
          1.10119052e-01, 5.35714291e-02, 7.44047612e-02, 2.38095243e-02,
          7.29166716e-02, 6.54761940e-02 ]
      - [ 9.81308371e-02, 2.33644843e-02, 1.16822429e-01, 6.54205605e-02,
          1.07476629e-01, 4.20560725e-02, 1.44859806e-01, 1.86915874e-01,
          1.07476629e-01, 1.07476629e-01 ]
      - [ 1.53409094e-01, 1.42045453e-01, 3.40909101e-02, 1.87500000e-01,
          1.13636367e-01, 5.11363670e-02, 9.09090936e-02, 5.68181835e-03,
          9.65909138e-02, 1.25000000e-01 ]
      - [ 1.17514126e-01, 1.44632772e-01, 8.47457647e-02, 2.71186441e-01,
          9.49152559e-02, 6.77966103e-02, 7.11864457e-02, 1.58192087e-02,
          5.87570630e-02, 7.34463260e-02 ]
      - [ 1.22033894e-01, 1.55932203e-01, 2.37288140e-02, 2.40677968e-01,
          9.15254205e-02, 6.10169470e-02, 1.38983056e-01, 1.69491526e-02,
          4.40677963e-02, 1.05084747e-01 ]
      - [ 1.13725498e-01, 5.49019650e-02, 3.92156877e-02, 1.17647070e-02,
          8.62745121e-02, 8.23529437e-02, 1.17647067e-01, 2.35294133e-01,
          1.56862751e-01, 1.01960793e-01 ]
      - [ 1.21875003e-01, 8.90625045e-02, 1.09375000e-01, 2.53125012e-01,
          1.20312504e-01, 6.25000000e-02, 5.78125007e-02, 9.37500037e-03,
          1.18749999e-01, 5.78125007e-02 ]
      - [ 1.14638448e-01, 7.58377388e-02, 1.16402112e-01, 9.17107537e-02,
          1.39329806e-01, 6.70193955e-02, 7.05467314e-02, 1.07583769e-01,
          1.48148149e-01, 6.87830672e-02 ]
      - [ 1.11111112e-01, 2.35555559e-01, 2.22222228e-02, 1.06666669e-01,
          1.11111112e-01, 4.88888919e-02, 1.24444447e-01, 6.66666701e-02,
          5.77777773e-02, 1.15555555e-01 ]
      - [ 1.29518062e-01, 1.59638554e-01, 6.62650615e-02, 1.89759031e-01,
          1.14457831e-01, 6.02409616e-02, 1.08433731e-01, 9.03614424e-03,
          2.40963846e-02, 1.38554215e-01 ]
      - [ 1.17437720e-01, 1.56583622e-01, 6.40569404e-02, 1.85053378e-01,
          1.17437720e-01, 6.40569404e-02, 1.17437720e-01, 1.42348753e-02,
          2.84697507e-02, 1.35231316e-01 ]
      - [ 1.50000006e-01, 1.50000006e-01, 4.37499993e-02, 2.18750000e-01,
          1.28124997e-01, 6.25000000e-02, 1.00000001e-01, 9.37500037e-03,
          6.56250045e-02, 7.18749985e-02 ]
      - [ 8.97583440e-02, 1.34637520e-01, 8.11277330e-02, 9.49367061e-02,
          9.60874557e-02, 8.51553530e-02, 4.37284224e-02, 1.31185278e-01,
          1.89873412e-01, 5.35097830e-02 ]
      - [ 1.41333327e-01, 1.50666669e-01, 6.93333298e-02, 1.65333331e-01,
          1.18666664e-01, 7.33333305e-02, 5.99999987e-02, 5.46666645e-02,
          8.79999995e-02, 7.86666647e-02 ]
      - [ 1.09137051e-01, 1.95431471e-01, 8.88324827e-02, 1.85279191e-01,
          1.09137051e-01, 7.61421323e-02, 6.34517744e-02, 4.31472063e-02,
          7.86802024e-02, 5.07614203e-02 ]
      - [ 7.40740746e-02, 2.96296299e-01, 0., 2.65432090e-01,
          9.87654328e-02, 4.32098769e-02, 5.55555560e-02, 1.85185187e-02,
          3.08641978e-02, 1.17283955e-01 ]
      - [ 1.34328350e-01, 2.46268645e-01, 1.49253728e-02, 2.50000000e-01,
          1.23134322e-01, 3.35820876e-02, 8.20895508e-02, 7.46268639e-03,
          4.85074632e-02, 5.97014911e-02 ]
      - [ 1.35416672e-01, 2.08333343e-01, 2.60416679e-02, 3.12500000e-01,
          9.37500000e-02, 4.68750000e-02, 5.72916679e-02, 2.08333340e-02,
          3.12500000e-02, 6.77083358e-02 ]
      - [ 1.28151804e-01, 1.03197299e-01, 6.16064481e-02, 9.27995816e-02,
          1.27891868e-01, 1.17494151e-01, 8.81206095e-02, 9.33194682e-02,
          9.12399292e-02, 9.61788371e-02 ]
      - [ 1.27976194e-01, 1.04437232e-01, 5.16774878e-02, 9.46969688e-02,
          1.29058436e-01, 1.43127710e-01, 1.00108229e-01, 6.16883114e-02,
          9.25324708e-02, 9.46969688e-02 ]
      - [ 9.13978517e-02, 1.77419350e-01, 3.22580636e-02, 1.61290318e-01,
          1.18279569e-01, 9.13978517e-02, 8.60215053e-02, 8.06451589e-02,
          6.98924735e-02, 9.13978517e-02 ]
      - [ 6.81381971e-02, 3.83877158e-02, 4.89443354e-02, 3.55086364e-02,
          7.38963485e-02, 4.60652560e-02, 6.33397326e-02, 3.24376196e-01,
          2.49520153e-01, 5.18234149e-02 ]
      - [ 9.36749354e-02, 1.54523611e-01, 1.20096073e-01, 1.77742183e-01,
          9.44755822e-02, 9.36749354e-02, 6.00480363e-02, 4.88390699e-02,
          9.68775004e-02, 6.00480363e-02 ]
      - [ 1.56000003e-01, 2.24000007e-01, 3.20000015e-02, 2.04000011e-01,
          1.28000006e-01, 6.40000030e-02, 8.40000063e-02, 0.,
          1.60000008e-02, 9.20000076e-02 ]
      - [ 1.56250000e-01, 1.45833343e-01, 6.77083358e-02, 2.52604187e-01,
          1.32812500e-01, 5.72916679e-02, 7.55208358e-02, 2.60416679e-02,
          2.34375000e-02, 6.25000000e-02 ]
      - [ 1.58653855e-01, 8.17307755e-02, 7.69230798e-02, 1.25000000e-01,
          1.39423087e-01, 8.17307755e-02, 1.25000000e-01, 3.84615399e-02,
          6.73076957e-02, 1.05769232e-01 ]
      - [ 1.41592920e-01, 1.59292042e-01, 2.65486725e-02, 2.69911498e-01,
          1.76991150e-01, 9.73451287e-02, 6.63716793e-02, 0.,
          1.32743362e-02, 4.86725643e-02 ]
      - [ 1.12469435e-01, 1.44254282e-01, 9.37245265e-02, 2.11083934e-01,
          1.05134472e-01, 6.35696799e-02, 7.74246082e-02, 4.31947820e-02,
          7.49796256e-02, 7.41646290e-02 ]
      - [ 1.53225809e-01, 1.93548381e-01, 4.03225794e-02, 2.70161271e-01,
          1.16935477e-01, 2.01612897e-02, 8.46774131e-02, 4.03225794e-03,
          4.03225794e-02, 7.66129047e-02 ]
      - [ 1.46993324e-01, 2.29398668e-01, 2.00445447e-02, 1.91536754e-01,
          1.15812920e-01, 3.78619172e-02, 1.04677066e-01, 1.11358576e-02,
          5.12249470e-02, 9.13140327e-02 ]
      - [ 1.09429568e-01, 1.42025620e-01, 1.60651922e-01, 2.60768354e-01,
          1.02444708e-01, 4.77299206e-02, 4.54016291e-02, 2.09545977e-02,
          5.93713634e-02, 5.12223542e-02 ]
      - [ 7.11864382e-02, 1.38983056e-01, 7.45762736e-02, 3.96610171e-01,
          8.81355926e-02, 4.40677963e-02, 9.15254205e-02, 3.38983047e-03,
          2.71186437e-02, 6.44067824e-02 ]
      - [ 1.02689490e-01, 1.57701716e-01, 1.05134480e-01, 3.00733507e-01,
          9.53545272e-02, 6.35696873e-02, 7.57946223e-02, 1.22249397e-02,
          2.93398537e-02, 5.74572161e-02 ]
      - [ 1.53284669e-01, 7.29926974e-02, 1.10948898e-01, 4.23357636e-02,
          1.24087587e-01, 7.88321123e-02, 7.59124085e-02, 1.06569342e-01,
          1.47445247e-01, 8.75912383e-02 ]
      - [ 8.86699483e-02, 1.97044332e-02, 1.92118227e-01, 9.35960561e-02,
          8.86699483e-02, 6.40394092e-02, 8.37438405e-02, 1.23152710e-01,
          1.62561581e-01, 8.37438405e-02 ]
      - [ 1.70731694e-01, 7.31707290e-02, 1.78861782e-01, 5.28455265e-02,
          1.26016259e-01, 4.87804860e-02, 7.72357732e-02, 9.34959352e-02,
          9.75609720e-02, 8.13008100e-02 ]
      - [ 1.44578323e-01, 4.81927730e-02, 1.06024101e-01, 7.71084353e-02,
          1.56626508e-01, 1.10843375e-01, 8.91566277e-02, 7.95180723e-02,
          8.67469907e-02, 1.01204820e-01 ]
      - [ 1.46341458e-01, 9.14634094e-02, 7.62195066e-02, 3.04878037e-02,
          1.70731694e-01, 1.21951215e-01, 7.31707290e-02, 7.01219514e-02,
          1.40243903e-01, 7.92682916e-02 ]
      - [ 1.81818187e-01, 5.68181835e-02, 9.09090936e-02, 5.68181835e-02,
          1.83712125e-01, 1.02272734e-01, 1.28787875e-01, 6.43939376e-02,
          4.73484844e-02, 8.71212184e-02 ]
      - [ 1.48148149e-01, 6.94444478e-02, 1.15740739e-01, 6.71296269e-02,
          1.50462970e-01, 1.18055560e-01, 9.95370373e-02, 9.02777761e-02,
          8.10185224e-02, 6.01851866e-02 ]
      - [ 1.57499999e-01, 4.99999970e-02, 1.17500000e-01, 5.99999987e-02,
          1.55000001e-01, 1.27499998e-01, 6.25000000e-02, 7.75000006e-02,
          1.04999997e-01, 8.74999985e-02 ]
      - [ 1.46739140e-01, 3.26086953e-02, 1.14130437e-01, 5.70652187e-02,
          1.60326093e-01, 1.73913047e-01, 5.97826093e-02, 8.15217420e-02,
          1.03260875e-01, 7.06521720e-02 ]
      - [ 1.30081296e-01, 4.06504050e-02, 1.74796745e-01, 6.09756075e-02,
          1.46341458e-01, 1.13821134e-01, 9.34959352e-02, 6.91056848e-02,
          1.21951215e-01, 4.87804860e-02 ]
      - [ 1.57480314e-01, 5.51181100e-02, 2.00787395e-01, 6.69291317e-02,
          1.45669296e-01, 1.14173226e-01, 4.72440943e-02, 3.93700786e-02,
          1.06299214e-01, 6.69291317e-02 ]
      - [ 1.20521165e-01, 4.88599315e-02, 1.69381097e-01, 7.49185607e-02,
          1.40065148e-01, 1.43322468e-01, 9.44625363e-02, 7.16612339e-02,
          6.18892498e-02, 7.49185607e-02 ]
      - [ 1.61585361e-01, 4.87804860e-02, 8.84146318e-02, 7.92682916e-02,
          1.40243903e-01, 1.34146333e-01, 8.53658468e-02, 9.14634094e-02,
          1.00609750e-01, 7.01219514e-02 ]
      - [ 1.37566134e-01, 6.61375672e-02, 8.99470896e-02, 5.82010560e-02,
          1.40211642e-01, 1.03174597e-01, 8.20105821e-02, 1.26984119e-01,
          1.16402112e-01, 7.93650746e-02 ]
      - [ 1.19402982e-01, 5.59701473e-02, 1.41791046e-01, 5.97014911e-02,
          1.08208954e-01, 1.00746267e-01, 5.97014911e-02, 1.71641782e-01,
          1.41791046e-01, 4.10447754e-02 ]
      - [ 1.74852654e-01, 5.50098270e-02, 1.06090374e-01, 4.71512787e-02,
          1.66994110e-01, 1.06090374e-01, 9.62671936e-02, 7.46561885e-02,
          9.03732851e-02, 8.25147405e-02 ]
      - [ 1.22137405e-01, 5.08905873e-02, 1.39949113e-01, 8.65139961e-02,
          1.50127232e-01, 1.04325697e-01, 4.58015278e-02, 1.24681935e-01,
          1.09414756e-01, 6.61577582e-02 ]
      - [ 1.43097639e-01, 7.74410740e-02, 1.06060602e-01, 4.37710434e-02,
          1.56565651e-01, 1.36363640e-01, 1.01010099e-01, 7.91245773e-02,
          7.74410740e-02, 7.91245773e-02 ]
      - [ 1.59999996e-01, 5.66666685e-02, 9.00000036e-02, 5.16666695e-02,
          1.63333341e-01, 1.13333337e-01, 1.20000005e-01, 6.33333325e-02,
          6.66666701e-02, 1.15000002e-01 ]
      - [ 1.74334154e-01, 5.81113845e-02, 1.08958840e-01, 5.81113845e-02,
          1.45278454e-01, 1.04116224e-01, 1.30750611e-01, 5.81113845e-02,
          7.74818435e-02, 8.47457647e-02 ]
      - [ 1.59680635e-01, 6.58682659e-02, 9.78043899e-02, 6.58682659e-02,
          1.43712580e-01, 1.05788425e-01, 1.45708576e-01, 6.38722554e-02,
          4.79041934e-02, 1.03792414e-01 ]
      - [ 1.60857916e-01, 4.82573733e-02, 1.74262747e-01, 6.16622008e-02,
          1.28686339e-01, 7.50670284e-02, 1.17962472e-01, 6.70241341e-02,
          8.57908875e-02, 8.04289579e-02 ]
      - [ 1.49206355e-01, 2.85714287e-02, 8.88888910e-02, 6.82539716e-02,
          1.60317466e-01, 1.88888893e-01, 9.04761925e-02, 6.03174604e-02,
          7.46031776e-02, 9.04761925e-02 ]
      - [ 1.50134057e-01, 6.16622008e-02, 1.07238606e-01, 2.14477219e-02,
          1.74262747e-01, 1.09919578e-01, 1.34048268e-01, 6.43431693e-02,
          6.97050989e-02, 1.07238606e-01 ]
      - [ 1.27272725e-01, 5.45454547e-02, 1.21212117e-01, 3.33333313e-02,
          1.60606056e-01, 1.39393941e-01, 1.21212117e-01, 7.57575706e-02,
          6.36363626e-02, 1.03030302e-01 ]
      - [ 1.50170639e-01, 5.46075068e-02, 1.80887371e-01, 2.73037534e-02,
          1.05802044e-01, 8.19112584e-02, 1.09215014e-01, 7.50853196e-02,
          1.16040953e-01, 9.89761055e-02 ]
      - [ 1.54241651e-01, 4.62724939e-02, 8.74035954e-02, 6.42673522e-02,
          1.38817474e-01, 1.10539846e-01, 8.99742916e-02, 1.02827765e-01,
          8.48329067e-02, 1.20822623e-01 ]
      - [ 1.70686454e-01, 6.49350658e-02, 7.05009252e-02, 3.89610380e-02,
          1.87384039e-01, 1.26159549e-01, 9.83302444e-02, 6.49350658e-02,
          8.90538022e-02, 8.90538022e-02 ]
      - [ 1.29032254e-01, 5.73476702e-02, 1.25448033e-01, 5.37634417e-02,
          1.50537640e-01, 1.07526883e-01, 7.88530484e-02, 1.18279569e-01,
          1.11111112e-01, 6.81003556e-02 ]
      - [ 1.67689160e-01, 3.88548039e-02, 1.24744371e-01, 3.68098170e-02,
          1.69734150e-01, 1.14519425e-01, 8.38445798e-02, 8.79345611e-02,
          8.38445798e-02, 9.20245349e-02 ]
      - [ 1.51063830e-01, 3.61702107e-02, 1.34042546e-01, 8.72340426e-02,
          1.63829789e-01, 1.14893615e-01, 9.99999940e-02, 7.87234008e-02,
          4.46808487e-02, 8.93616974e-02 ]
      - [ 1.51335314e-01, 5.04451022e-02, 1.60237387e-01, 8.90207738e-02,
          1.54302672e-01, 1.36498511e-01, 6.52818978e-02, 5.34124635e-02,
          6.52818978e-02, 7.41839781e-02 ]
      - [ 1.14718616e-01, 4.97835502e-02, 1.25541121e-01, 8.87445882e-02,
          1.58008665e-01, 1.06060609e-01, 1.14718616e-01, 7.79220760e-02,
          6.49350658e-02, 9.95671004e-02 ]
      - [ 1.68949768e-01, 5.02283089e-02, 1.36986300e-01, 4.56620976e-02,
          1.87214598e-01, 1.18721455e-01, 7.76255652e-02, 4.10958901e-02,
          7.07762539e-02, 1.02739722e-01 ]
      - [ 1.28472224e-01, 2.08333340e-02, 1.84027776e-01, 5.55555560e-02,
          1.45833328e-01, 6.59722239e-02, 5.20833321e-02, 1.63194448e-01,
          1.21527776e-01, 6.25000000e-02 ]
      - [ 7.93650821e-02, 1.19047631e-02, 1.42857149e-01, 7.53968284e-02,
          1.15079373e-01, 7.14285746e-02, 3.96825410e-02, 1.94444463e-01,
          2.26190493e-01, 4.36507948e-02 ]
      - [ 1.16232470e-01, 5.41082174e-02, 1.88376755e-01, 3.40681374e-02,
          1.32264525e-01, 1.02204412e-01, 9.01803598e-02, 8.01603198e-02,
          1.10220440e-01, 9.21843722e-02 ]
      - [ 1.64576799e-01, 5.79937287e-02, 8.62068981e-02, 5.64263314e-02,
          1.95924759e-01, 1.23824447e-01, 1.08150467e-01, 4.54545431e-02,
          6.89655170e-02, 9.24764872e-02 ]
      - [ 1.64341092e-01, 4.18604650e-02, 8.99224803e-02, 4.65116277e-02,
          1.76744193e-01, 2.04651162e-01, 1.16279066e-01, 4.49612401e-02,
          3.25581394e-02, 8.21705461e-02 ]
      - [ 1.56424582e-01, 5.21415286e-02, 1.11731842e-01, 5.40037267e-02,
          1.43389195e-01, 1.08007453e-01, 1.17318437e-01, 5.95903173e-02,
          8.00744891e-02, 1.17318437e-01 ]
      - [ 1.99658692e-01, 4.60750833e-02, 8.36177468e-02, 3.75426598e-02,
          1.63822517e-01, 1.00682594e-01, 1.36518762e-01, 7.50853196e-02,
          5.97269610e-02, 9.72696245e-02 ]
      - [ 1.33630291e-01, 5.79064600e-02, 1.04677066e-01, 5.56792878e-02,
          1.75946549e-01, 9.35412049e-02, 1.00222722e-01, 7.57238343e-02,
          9.57683772e-02, 1.06904238e-01 ]
      - [ 1.69724762e-01, 3.89908254e-02, 1.44495413e-01, 5.27522899e-02,
          1.65137604e-01, 1.62844032e-01, 5.96330240e-02, 7.33944923e-02,
          5.96330240e-02, 7.33944923e-02 ]
      - [ 1.82072833e-01, 5.88235296e-02, 1.00840338e-01, 5.32212891e-02,
          1.54061630e-01, 1.40056029e-01, 1.03641458e-01, 4.48179282e-02,
          6.72268942e-02, 9.52380970e-02 ]
      - [ 1.17647059e-01, 4.34782617e-02, 1.07416876e-01, 6.64961636e-02,
          1.53452680e-01, 9.71866995e-02, 9.20716077e-02, 1.27877235e-01,
          1.20204605e-01, 7.41687939e-02 ]
      - [ 1.17994100e-01, 7.07964599e-02, 1.17994100e-01, 5.01474924e-02,
          1.76991150e-01, 8.84955749e-02, 1.03244841e-01, 7.66961649e-02,
          1.06194690e-01, 9.14454311e-02 ]
      - [ 1.03092782e-01, 5.49828187e-02, 1.54639184e-01, 5.15463911e-02,
          1.23711340e-01, 8.24742317e-02, 6.87285215e-02, 1.54639184e-01,
          1.30584195e-01, 7.56013766e-02 ]
      - [ 1.26470596e-01, 6.17647059e-02, 1.32352948e-01, 5.88235296e-02,
          1.23529412e-01, 8.82352963e-02, 9.41176489e-02, 1.29411772e-01,
          9.70588252e-02, 8.82352963e-02 ]
      - [ 1.52892560e-01, 4.95867729e-02, 1.52892560e-01, 5.37190065e-02,
          1.11570247e-01, 1.03305779e-01, 4.95867729e-02, 1.03305779e-01,
          1.81818172e-01, 4.13223132e-02 ]
      - [ 9.73782763e-02, 5.61797768e-02, 1.53558061e-01, 8.61423239e-02,
          1.04868919e-01, 7.49063641e-02, 7.86516890e-02, 1.42322093e-01,
          1.01123594e-01, 1.04868919e-01 ]
      - [ 1.45790562e-01, 4.51745391e-02, 1.19096510e-01, 5.13347052e-02,
          1.84804931e-01, 1.56057507e-01, 6.57084212e-02, 6.98151961e-02,
          7.80287534e-02, 8.41889158e-02 ]
      - [ 1.90709054e-01, 6.84596598e-02, 1.24694385e-01, 5.62347211e-02,
          1.56479225e-01, 1.24694385e-01, 7.33496398e-02, 6.35696873e-02,
          7.82396123e-02, 6.35696873e-02 ]
      - [ 1.40811458e-01, 6.92124143e-02, 1.86157525e-01, 5.25059700e-02,
          1.50358006e-01, 1.26491651e-01, 8.59188586e-02, 5.01193330e-02,
          5.01193330e-02, 8.83054957e-02 ]
      - [ 1.33828998e-01, 4.83271368e-02, 1.37546465e-01, 6.69144988e-02,
          1.82156131e-01, 1.00371748e-01, 5.20446077e-02, 9.29367989e-02,
          1.04089215e-01, 8.17843825e-02 ]
      - [ 1.63194448e-01, 6.25000000e-02, 1.31944448e-01, 7.63888881e-02,
          1.63194448e-01, 1.04166664e-01, 5.55555560e-02, 6.59722239e-02,
          9.72222239e-02, 7.98611119e-02 ]
      - [ 1.04316548e-01, 4.31654677e-02, 2.19424471e-01, 8.63309354e-02,
          1.40287772e-01, 6.11510798e-02, 5.39568365e-02, 8.99280608e-02,
          1.29496410e-01, 7.19424486e-02 ]
      - [ 1.39004156e-01, 6.84647337e-02, 1.01659760e-01, 5.80912903e-02,
          1.47302911e-01, 9.54356864e-02, 9.12863091e-02, 7.67634884e-02,
          9.33609977e-02, 1.28630713e-01 ]
      - [ 1.53846160e-01, 4.33925055e-02, 1.57790929e-01, 7.29783028e-02,
          1.28205135e-01, 7.49506950e-02, 1.20315582e-01, 7.69230798e-02,
          5.12820520e-02, 1.20315582e-01 ]
      - [ 1.52619600e-01, 6.37813210e-02, 9.33940783e-02, 5.23918010e-02,
          1.54897496e-01, 1.02505699e-01, 1.11617319e-01, 7.28929415e-02,
          8.88382718e-02, 1.07061505e-01 ]
      - [ 1.95583597e-01, 5.83596230e-02, 6.94006309e-02, 4.41640392e-02,
          1.97160885e-01, 9.62145105e-02, 1.23028390e-01, 4.25867513e-02,
          5.04731871e-02, 1.23028390e-01 ]
      - [ 1.74438685e-01, 6.90846294e-02, 8.63557830e-02, 6.04490489e-02,
          1.57167524e-01, 1.08808286e-01, 1.12262525e-01, 3.10880821e-02,
          8.11744407e-02, 1.19170986e-01 ]
      - [ 1.78057551e-01, 5.75539581e-02, 8.27338174e-02, 5.39568365e-02,
          1.65467635e-01, 1.02517985e-01, 1.22302160e-01, 6.11510798e-02,
          4.85611521e-02, 1.27697840e-01 ]
   decision_functions:
      -
         sv_count: 200
         rho: -1.0000000059604646e+00
         alpha: [ 1.0000000000000001e-01, 1.0000000000000001e-01,
             1.0000000000000001e-01, 1.0000000000000001e-01,
             1.0000000000000001e-01, 1.0000000000000001e-01,
             1.0000000000000001e-01, 1.0000000000000001e-01,
             1.0000000000000001e-01, 1.0000000000000001e-01,
             1.0000000000000001e-01, 1.0000000000000001e-01,
             1.0000000000000001e-01, 1.0000000000000001e-01,
             1.0000000000000001e-01, 1.0000000000000001e-01,
             1.0000000000000001e-01, 1.0000000000000001e-01,
             1.0000000000000001e-01, 1.0000000000000001e-01,
             1.0000000000000001e-01, 1.0000000000000001e-01,
             1.0000000000000001e-01, 1.0000000000000001e-01,
             1.0000000000000001e-01, 1.0000000000000001e-01,
             1.0000000000000001e-01, 1.0000000000000001e-01,
             1.0000000000000001e-01, 1.0000000000000001e-01,
             1.0000000000000001e-01, 1.0000000000000001e-01,
             1.0000000000000001e-01, 1.0000000000000001e-01,
             1.0000000000000001e-01, 1.0000000000000001e-01,
             1.0000000000000001e-01, 1.0000000000000001e-01,
             1.0000000000000001e-01, 1.0000000000000001e-01,
             1.0000000000000001e-01, 1.0000000000000001e-01,
             1.0000000000000001e-01, 1.0000000000000001e-01,
             1.0000000000000001e-01, 1.0000000000000001e-01,
             1.0000000000000001e-01, 1.0000000000000001e-01,
             1.0000000000000001e-01, 1.0000000000000001e-01,
             1.0000000000000001e-01, 1.0000000000000001e-01,
             1.0000000000000001e-01, 1.0000000000000001e-01,
             1.0000000000000001e-01, 1.0000000000000001e-01,
             1.0000000000000001e-01, 1.0000000000000001e-01,
             1.0000000000000001e-01, 1.0000000000000001e-01,
             1.0000000000000001e-01, 1.0000000000000001e-01,
             1.0000000000000001e-01, 1.0000000000000001e-01,
             1.0000000000000001e-01, 1.0000000000000001e-01,
             1.0000000000000001e-01, 1.0000000000000001e-01,
             1.0000000000000001e-01, 1.0000000000000001e-01,
             1.0000000000000001e-01, 1.0000000000000001e-01,
             1.0000000000000001e-01, 1.0000000000000001e-01,
             1.0000000000000001e-01, 1.0000000000000001e-01,
             1.0000000000000001e-01, 1.0000000000000001e-01,
             1.0000000000000001e-01, 1.0000000000000001e-01,
             1.0000000000000001e-01, 1.0000000000000001e-01,
             1.0000000000000001e-01, 1.0000000000000001e-01,
             1.0000000000000001e-01, 1.0000000000000001e-01,
             1.0000000000000001e-01, 1.0000000000000001e-01,
             1.0000000000000001e-01, 1.0000000000000001e-01,
             1.0000000000000001e-01, 1.0000000000000001e-01,
             1.0000000000000001e-01, 1.0000000000000001e-01,
             1.0000000000000001e-01, 1.0000000000000001e-01,
             1.0000000000000001e-01, 1.0000000000000001e-01,
             1.0000000000000001e-01, 1.0000000000000001e-01,
             -1.0000000000000001e-01, -1.0000000000000001e-01,
             -1.0000000000000001e-01, -1.0000000000000001e-01,
             -1.0000000000000001e-01, -1.0000000000000001e-01,
             -1.0000000000000001e-01, -1.0000000000000001e-01,
             -1.0000000000000001e-01, -1.0000000000000001e-01,
             -1.0000000000000001e-01, -1.0000000000000001e-01,
             -1.0000000000000001e-01, -1.0000000000000001e-01,
             -1.0000000000000001e-01, -1.0000000000000001e-01,
             -1.0000000000000001e-01, -1.0000000000000001e-01,
             -1.0000000000000001e-01, -1.0000000000000001e-01,
             -1.0000000000000001e-01, -1.0000000000000001e-01,
             -1.0000000000000001e-01, -1.0000000000000001e-01,
             -1.0000000000000001e-01, -1.0000000000000001e-01,
             -1.0000000000000001e-01, -1.0000000000000001e-01,
             -1.0000000000000001e-01, -1.0000000000000001e-01,
             -1.0000000000000001e-01, -1.0000000000000001e-01,
             -1.0000000000000001e-01, -1.0000000000000001e-01,
             -1.0000000000000001e-01, -1.0000000000000001e-01,
             -1.0000000000000001e-01, -1.0000000000000001e-01,
             -1.0000000000000001e-01, -1.0000000000000001e-01,
             -1.0000000000000001e-01, -1.0000000000000001e-01,
             -1.0000000000000001e-01, -1.0000000000000001e-01,
             -1.0000000000000001e-01, -1.0000000000000001e-01,
             -1.0000000000000001e-01, -1.0000000000000001e-01,
             -1.0000000000000001e-01, -1.0000000000000001e-01,
             -1.0000000000000001e-01, -1.0000000000000001e-01,
             -1.0000000000000001e-01, -1.0000000000000001e-01,
             -1.0000000000000001e-01, -1.0000000000000001e-01,
             -1.0000000000000001e-01, -1.0000000000000001e-01,
             -1.0000000000000001e-01, -1.0000000000000001e-01,
             -1.0000000000000001e-01, -1.0000000000000001e-01,
             -1.0000000000000001e-01, -1.0000000000000001e-01,
             -1.0000000000000001e-01, -1.0000000000000001e-01,
             -1.0000000000000001e-01, -1.0000000000000001e-01,
             -1.0000000000000001e-01, -1.0000000000000001e-01,
             -1.0000000000000001e-01, -1.0000000000000001e-01,
             -1.0000000000000001e-01, -1.0000000000000001e-01,
             -1.0000000000000001e-01, -1.0000000000000001e-01,
             -1.0000000000000001e-01, -1.0000000000000001e-01,
             -1.0000000000000001e-01, -1.0000000000000001e-01,
             -1.0000000000000001e-01, -1.0000000000000001e-01,
             -1.0000000000000001e-01, -1.0000000000000001e-01,
             -1.0000000000000001e-01, -1.0000000000000001e-01,
             -1.0000000000000001e-01, -1.0000000000000001e-01,
             -1.0000000000000001e-01, -1.0000000000000001e-01,
             -1.0000000000000001e-01, -1.0000000000000001e-01,
             -1.0000000000000001e-01, -1.0000000000000001e-01,
             -1.0000000000000001e-01, -1.0000000000000001e-01,
             -1.0000000000000001e-01, -1.0000000000000001e-01,
             -1.0000000000000001e-01, -1.0000000000000001e-01 ]
         index: [ 0, 1, 2, 3, 4, 5, 6, 7, 8, 9, 10, 11, 12, 13, 14, 15,
             16, 17, 18, 19, 20, 21, 22, 23, 24, 25, 26, 27, 28, 29, 30,
             31, 32, 33, 34, 35, 36, 37, 167, 168, 169, 170, 171, 172,
             173, 174, 175, 176, 177, 178, 179, 180, 181, 182, 183, 184,
             185, 186, 187, 188, 189, 190, 191, 192, 193, 194, 195, 196,
             197, 198, 199, 138, 139, 140, 141, 142, 143, 144, 145, 146,
             147, 148, 149, 150, 151, 152, 153, 154, 155, 156, 157, 158,
             159, 160, 161, 162, 163, 164, 165, 166, 38, 39, 40, 42, 43,
             44, 45, 46, 47, 48, 49, 50, 51, 52, 53, 54, 55, 56, 57, 58,
             59, 60, 61, 62, 63, 64, 65, 66, 67, 68, 69, 70, 71, 72, 73,
             74, 75, 76, 77, 78, 79, 80, 81, 82, 83, 84, 85, 86, 87, 88,
             89, 90, 91, 92, 93, 94, 95, 96, 97, 98, 99, 100, 119, 120,
             121, 122, 123, 124, 101, 125, 126, 127, 128, 129, 130, 131,
             132, 41, 133, 134, 135, 136, 137, 102, 103, 104, 105, 106,
             107, 108, 109, 110, 111, 112, 113, 114, 115, 116, 117, 118 ]
