%YAML:1.0
---
opencv_ml_svm:
   format: 3
   svmType: C_SVC
   kernel:
      type: INTER
      gamma: 1.0000000000000001e-05
   C: 2.5000000000000000e+00
   term_criteria: { iterations:100 }
   var_count: 25
   class_count: 2
   class_labels: !!opencv-matrix
      rows: 2
      cols: 1
      dt: i
      data: [ 0, 1 ]
   sv_total: 186
   support_vectors:
      - [ 2.72727273e-02, 1.81818176e-02, 4.54545431e-02, 5.90909086e-02,
          1.36363637e-02, 4.09090891e-02, 4.54545431e-02, 4.99999970e-02,
          1.36363637e-02, 5.90909086e-02, 3.63636352e-02, 4.54545431e-02,
          5.45454547e-02, 1.81818176e-02, 2.72727273e-02, 4.54545431e-02,
          5.45454547e-02, 3.18181813e-02, 4.54545431e-02, 4.54545431e-02,
          4.99999970e-02, 3.63636352e-02, 5.90909086e-02, 4.99999970e-02,
          2.72727273e-02 ]
      - [ 2.74509825e-02, 2.74509825e-02, 7.84313753e-02, 1.96078438e-02,
          4.70588282e-02, 1.56862754e-02, 3.52941193e-02, 8.23529437e-02,
          2.35294141e-02, 4.70588282e-02, 2.35294141e-02, 4.31372561e-02,
          1.56862754e-02, 7.84313772e-03, 1.17647070e-02, 7.05882385e-02,
          9.41176564e-02, 4.70588282e-02, 8.23529437e-02, 3.52941193e-02,
          3.92156877e-02, 5.49019650e-02, 2.35294141e-02, 2.35294141e-02,
          2.35294141e-02 ]
      - [ 4.10958901e-02, 2.28310488e-02, 5.47945201e-02, 2.73972601e-02,
          3.19634676e-02, 5.02283089e-02, 4.56620976e-02, 6.84931502e-02,
          1.82648394e-02, 4.56620976e-02, 2.28310488e-02, 3.65296789e-02,
          5.02283089e-02, 4.56620986e-03, 4.56620976e-02, 2.28310488e-02,
          5.93607277e-02, 2.73972601e-02, 8.67579877e-02, 1.82648394e-02,
          6.39269352e-02, 5.93607277e-02, 2.73972601e-02, 3.19634676e-02,
          3.65296789e-02 ]
      - [ 6.36942685e-03, 4.45859879e-02, 4.45859879e-02, 3.82165611e-02,
          2.54777074e-02, 5.73248416e-02, 3.18471342e-02, 7.00636953e-02,
          4.45859879e-02, 6.36942685e-02, 7.00636953e-02, 3.18471342e-02,
          1.91082805e-02, 0., 2.54777074e-02, 2.54777074e-02,
          2.54777074e-02, 1.91082805e-02, 2.54777074e-02, 8.91719759e-02,
          7.64331222e-02, 8.28025490e-02, 2.54777074e-02, 1.27388537e-02,
          4.45859879e-02 ]
      - [ 2.51046009e-02, 2.51046009e-02, 5.43933026e-02, 5.02092019e-02,
          3.76569033e-02, 5.43933026e-02, 5.02092019e-02, 8.36820081e-02,
          1.25523005e-02, 3.34728025e-02, 1.67364012e-02, 3.76569033e-02,
          3.34728025e-02, 1.25523005e-02, 5.02092019e-02, 3.76569033e-02,
          3.76569033e-02, 3.76569033e-02, 7.53138065e-02, 2.51046009e-02,
          7.11297020e-02, 2.51046009e-02, 6.69456050e-02, 3.34728025e-02,
          1.25523005e-02 ]
      - [ 5.84795326e-03, 3.50877196e-02, 6.43274859e-02, 3.50877196e-02,
          2.92397663e-02, 1.75438598e-02, 5.84795326e-02, 6.43274859e-02,
          4.09356728e-02, 3.50877196e-02, 6.43274859e-02, 2.33918130e-02,
          1.75438598e-02, 4.09356728e-02, 2.33918130e-02, 4.67836261e-02,
          4.67836261e-02, 4.09356728e-02, 5.84795326e-02, 4.67836261e-02,
          4.09356728e-02, 8.18713456e-02, 2.33918130e-02, 2.33918130e-02,
          3.50877196e-02 ]
      - [ 2.80898884e-02, 1.96629222e-02, 6.17977530e-02, 3.93258445e-02,
          3.93258445e-02, 1.96629222e-02, 3.08988765e-02, 5.61797768e-02,
          4.77528088e-02, 2.80898884e-02, 4.21348326e-02, 4.21348326e-02,
          3.08988765e-02, 3.08988765e-02, 2.24719103e-02, 4.21348326e-02,
          6.17977530e-02, 2.52808984e-02, 7.58427009e-02, 5.33707887e-02,
          3.37078646e-02, 4.77528088e-02, 2.24719103e-02, 3.08988765e-02,
          6.74157292e-02 ]
      - [ 5.97014911e-02, 6.34328350e-02, 5.22388034e-02, 1.49253728e-02,
          3.35820876e-02, 5.97014911e-02, 4.47761193e-02, 4.10447754e-02,
          3.73134315e-02, 3.73134315e-02, 1.86567158e-02, 2.98507456e-02,
          4.85074632e-02, 1.11940298e-02, 4.10447754e-02, 4.10447754e-02,
          3.73134315e-02, 5.22388034e-02, 4.10447754e-02, 3.73134315e-02,
          5.97014911e-02, 1.11940298e-02, 1.86567158e-02, 5.59701473e-02,
          5.22388034e-02 ]
      - [ 5.90551198e-02, 3.54330689e-02, 5.11811003e-02, 1.96850393e-02,
          3.14960629e-02, 1.06299214e-01, 2.75590550e-02, 3.54330689e-02,
          3.93700786e-02, 2.36220472e-02, 2.75590550e-02, 1.18110236e-02,
          5.90551198e-02, 2.36220472e-02, 4.33070883e-02, 2.75590550e-02,
          4.33070883e-02, 5.51181100e-02, 6.69291317e-02, 3.14960629e-02,
          6.29921257e-02, 7.87401572e-03, 1.57480314e-02, 4.72440943e-02,
          4.72440943e-02 ]
      - [ 2.96610165e-02, 4.23728824e-02, 3.60169485e-02, 6.56779632e-02,
          4.87288125e-02, 9.53389853e-02, 2.33050846e-02, 2.54237279e-02,
          3.38983051e-02, 4.02542390e-02, 2.54237279e-02, 3.60169485e-02,
          3.81355919e-02, 3.17796618e-02, 1.05932206e-01, 1.90677959e-02,
          4.02542390e-02, 3.81355919e-02, 8.47457629e-03, 2.11864412e-02,
          5.72033897e-02, 1.69491526e-02, 4.66101691e-02, 2.33050846e-02,
          5.08474559e-02 ]
      - [ 5.81395328e-02, 5.81395347e-03, 4.06976752e-02, 1.16279069e-02,
          3.48837227e-02, 1.16279069e-02, 7.55813941e-02, 5.23255803e-02,
          4.06976752e-02, 5.23255803e-02, 4.65116277e-02, 4.65116277e-02,
          5.81395347e-03, 2.90697664e-02, 0., 6.39534891e-02,
          4.06976752e-02, 2.32558139e-02, 6.97674453e-02, 5.81395328e-02,
          5.81395328e-02, 5.23255803e-02, 5.81395328e-02, 3.48837227e-02,
          2.90697664e-02 ]
      - [ 2.65957434e-02, 2.12765951e-02, 5.85106350e-02, 4.78723384e-02,
          3.72340418e-02, 2.12765951e-02, 1.59574468e-02, 7.44680837e-02,
          3.19148935e-02, 6.38297871e-02, 6.38297871e-02, 3.72340418e-02,
          3.19148935e-02, 2.65957434e-02, 4.25531901e-02, 2.65957434e-02,
          4.25531901e-02, 2.12765951e-02, 5.31914867e-02, 5.31914867e-02,
          5.85106350e-02, 3.19148935e-02, 2.65957434e-02, 3.19148935e-02,
          5.31914867e-02 ]
      - [ 2.41545886e-02, 2.89855078e-02, 6.76328465e-02, 2.89855078e-02,
          6.28019348e-02, 4.34782617e-02, 2.89855078e-02, 4.83091772e-02,
          2.41545886e-02, 5.31400964e-02, 5.31400964e-02, 2.89855078e-02,
          5.79710156e-02, 1.44927539e-02, 2.41545886e-02, 2.41545886e-02,
          7.24637657e-02, 1.44927539e-02, 3.86473425e-02, 3.86473425e-02,
          5.31400964e-02, 3.86473425e-02, 4.34782617e-02, 3.38164233e-02,
          5.31400964e-02 ]
      - [ 2.95566507e-02, 1.97044332e-02, 4.43349741e-02, 4.43349741e-02,
          2.95566507e-02, 3.94088663e-02, 3.94088663e-02, 6.40394092e-02,
          3.44827585e-02, 7.38916248e-02, 4.43349741e-02, 2.46305410e-02,
          1.47783253e-02, 2.46305410e-02, 2.46305410e-02, 5.91133013e-02,
          6.40394092e-02, 1.97044332e-02, 6.40394092e-02, 3.94088663e-02,
          5.41871898e-02, 6.89655170e-02, 9.85221658e-03, 2.95566507e-02,
          3.94088663e-02 ]
      - [ 4.23280410e-02, 4.23280410e-02, 2.64550261e-02, 4.76190448e-02,
          3.17460299e-02, 3.70370373e-02, 4.76190448e-02, 1.00529097e-01,
          3.17460299e-02, 2.11640205e-02, 1.58730149e-02, 1.05820103e-02,
          7.40740746e-02, 5.29100522e-02, 5.29100522e-02, 3.17460299e-02,
          6.34920597e-02, 4.23280410e-02, 3.70370373e-02, 2.11640205e-02,
          3.70370373e-02, 4.76190448e-02, 3.70370373e-02, 3.17460299e-02,
          1.58730149e-02 ]
      - [ 1.20481923e-02, 3.61445770e-02, 4.21686731e-02, 4.21686731e-02,
          1.20481923e-02, 9.03614461e-02, 4.81927693e-02, 4.81927693e-02,
          3.01204808e-02, 9.63855386e-02, 3.01204808e-02, 1.80722885e-02,
          6.02409616e-02, 3.01204808e-02, 6.62650615e-02, 1.80722885e-02,
          2.40963846e-02, 3.01204808e-02, 7.83132464e-02, 1.20481923e-02,
          8.43373463e-02, 3.61445770e-02, 3.61445770e-02, 6.02409616e-03,
          1.20481923e-02 ]
      - [ 1.76470596e-02, 2.94117648e-02, 4.70588244e-02, 7.64705911e-02,
          2.35294122e-02, 3.52941193e-02, 2.35294122e-02, 6.47058859e-02,
          3.52941193e-02, 7.64705911e-02, 8.23529437e-02, 5.88235306e-03,
          5.88235296e-02, 1.17647061e-02, 4.70588244e-02, 4.70588244e-02,
          3.52941193e-02, 5.29411770e-02, 5.88235296e-02, 1.76470596e-02,
          2.94117648e-02, 4.70588244e-02, 3.52941193e-02, 1.17647061e-02,
          2.94117648e-02 ]
      - [ 4.34782617e-02, 4.85933498e-02, 3.58056277e-02, 3.83631699e-02,
          2.04603579e-02, 5.62659837e-02, 3.32480818e-02, 3.58056277e-02,
          3.06905359e-02, 4.34782617e-02, 6.90537095e-02, 7.67263398e-03,
          5.11508957e-02, 3.58056277e-02, 8.18414316e-02, 4.34782617e-02,
          2.30179019e-02, 3.06905359e-02, 6.90537095e-02, 3.83631699e-02,
          2.55754478e-02, 1.53452680e-02, 1.27877239e-02, 5.11508957e-02,
          5.88235296e-02 ]
      - [ 4.16666679e-02, 2.08333340e-02, 6.25000000e-02, 4.86111119e-02,
          6.25000000e-02, 6.94444450e-03, 6.94444478e-02, 6.25000000e-02,
          3.47222239e-02, 2.08333340e-02, 3.47222239e-02, 2.77777780e-02,
          1.38888890e-02, 2.77777780e-02, 0., 6.94444478e-02,
          4.16666679e-02, 4.16666679e-02, 5.55555560e-02, 4.86111119e-02,
          4.86111119e-02, 4.16666679e-02, 3.47222239e-02, 3.47222239e-02,
          4.86111119e-02 ]
      - [ 3.26797403e-02, 1.96078438e-02, 7.84313753e-02, 5.22875823e-02,
          5.22875823e-02, 1.30718956e-02, 5.88235296e-02, 2.61437912e-02,
          2.61437912e-02, 2.61437912e-02, 3.92156877e-02, 5.22875823e-02,
          4.57516350e-02, 3.26797403e-02, 6.53594779e-03, 5.88235296e-02,
          5.22875823e-02, 1.30718956e-02, 4.57516350e-02, 6.53594807e-02,
          3.92156877e-02, 4.57516350e-02, 4.57516350e-02, 3.26797403e-02,
          3.92156877e-02 ]
      - [ 6.98924735e-02, 3.76344100e-02, 3.22580636e-02, 2.68817209e-02,
          2.15053763e-02, 3.76344100e-02, 4.30107526e-02, 4.83870953e-02,
          2.15053763e-02, 5.37634417e-02, 5.37634417e-02, 4.30107526e-02,
          4.83870953e-02, 1.07526882e-02, 4.83870953e-02, 3.22580636e-02,
          3.76344100e-02, 5.37634417e-02, 5.37634417e-02, 3.76344100e-02,
          2.15053763e-02, 3.76344100e-02, 2.15053763e-02, 6.45161271e-02,
          4.30107526e-02 ]
      - [ 4.60048430e-02, 4.60048430e-02, 3.14770006e-02, 3.87409218e-02,
          4.60048430e-02, 5.32687679e-02, 2.42130756e-02, 3.87409218e-02,
          3.38983051e-02, 4.11622301e-02, 4.11622301e-02, 2.17917692e-02,
          3.87409218e-02, 2.90556923e-02, 3.87409218e-02, 1.45278461e-02,
          3.87409218e-02, 5.32687679e-02, 4.11622301e-02, 5.08474596e-02,
          5.32687679e-02, 2.90556923e-02, 4.60048430e-02, 5.56900762e-02,
          4.84261513e-02 ]
      - [ 3.62318829e-02, 4.58937176e-02, 2.41545886e-02, 3.62318829e-02,
          3.86473425e-02, 2.65700482e-02, 5.31400964e-02, 4.34782617e-02,
          3.14009674e-02, 3.62318829e-02, 6.03864715e-02, 5.31400964e-02,
          4.83091772e-02, 3.14009674e-02, 2.17391308e-02, 6.03864715e-02,
          4.58937176e-02, 4.10628021e-02, 4.34782617e-02, 2.65700482e-02,
          4.83091772e-02, 3.14009674e-02, 3.14009674e-02, 3.86473425e-02,
          4.58937176e-02 ]
      - [ 2.49999985e-02, 1.36363637e-02, 5.68181798e-02, 4.09090891e-02,
          5.90909086e-02, 6.13636337e-02, 4.99999970e-02, 5.90909086e-02,
          4.09090891e-02, 7.27272704e-02, 2.04545446e-02, 3.63636352e-02,
          4.31818180e-02, 3.18181813e-02, 4.31818180e-02, 2.72727273e-02,
          4.54545431e-02, 3.40909064e-02, 4.31818180e-02, 2.27272715e-02,
          4.54545431e-02, 3.40909064e-02, 1.36363637e-02, 3.40909064e-02,
          4.54545431e-02 ]
      - [ 2.57611237e-02, 2.57611237e-02, 3.98126431e-02, 3.74707244e-02,
          4.44964841e-02, 6.55737668e-02, 4.91803251e-02, 5.15222475e-02,
          4.21545655e-02, 3.74707244e-02, 4.21545655e-02, 3.04449629e-02,
          3.27868834e-02, 3.51288058e-02, 3.27868834e-02, 2.81030424e-02,
          4.44964841e-02, 2.57611237e-02, 6.55737668e-02, 5.85480072e-02,
          3.74707244e-02, 3.51288058e-02, 3.04449629e-02, 3.74707244e-02,
          4.44964841e-02 ]
      - [ 7.09219873e-02, 2.12765951e-02, 2.83687934e-02, 2.83687934e-02,
          3.54609936e-02, 9.92907733e-02, 7.09219836e-03, 5.67375869e-02,
          4.25531901e-02, 7.09219836e-03, 0., 0., 1.20567374e-01,
          6.38297871e-02, 8.51063803e-02, 1.41843967e-02, 3.54609936e-02,
          8.51063803e-02, 8.51063803e-02, 7.09219836e-03, 1.41843967e-02,
          7.09219836e-03, 7.09219836e-03, 4.25531901e-02, 3.54609936e-02 ]
      - [ 9.63855386e-02, 8.03212821e-03, 4.01606411e-02, 5.22088334e-02,
          3.61445770e-02, 9.63855386e-02, 3.21285129e-02, 6.02409616e-02,
          3.21285129e-02, 3.61445770e-02, 4.01606411e-03, 1.60642564e-02,
          7.22891539e-02, 2.81124488e-02, 6.82730898e-02, 1.20481923e-02,
          3.61445770e-02, 4.41767052e-02, 6.42570257e-02, 3.21285129e-02,
          2.40963846e-02, 0., 0., 6.82730898e-02, 4.01606411e-02 ]
      - [ 2.00803205e-02, 4.41767052e-02, 8.43373463e-02, 5.22088334e-02,
          2.81124488e-02, 2.40963846e-02, 4.01606411e-02, 6.42570257e-02,
          4.41767052e-02, 4.01606411e-02, 2.81124488e-02, 8.03212821e-03,
          4.41767052e-02, 2.00803205e-02, 2.00803205e-02, 4.01606411e-02,
          6.02409616e-02, 4.41767052e-02, 6.82730898e-02, 5.62248975e-02,
          4.41767052e-02, 2.00803205e-02, 2.81124488e-02, 4.81927693e-02,
          2.81124488e-02 ]
      - [ 6.07923493e-02, 2.62978133e-02, 5.94262294e-02, 2.15163920e-02,
          3.00546438e-02, 5.80601059e-02, 2.59562843e-02, 5.80601059e-02,
          2.90300529e-02, 3.27868834e-02, 2.93715838e-02, 2.01502722e-02,
          5.94262294e-02, 6.65983558e-02, 3.03961746e-02, 2.66393442e-02,
          5.66939861e-02, 2.90300529e-02, 6.04508184e-02, 8.16256776e-02,
          2.97131147e-02, 1.40027320e-02, 2.45901626e-02, 3.21038254e-02,
          3.72267738e-02 ]
      - [ 2.13333331e-02, 4.71111126e-02, 3.91111113e-02, 3.99999991e-02,
          3.02222222e-02, 6.66666701e-02, 3.64444442e-02, 5.95555566e-02,
          3.11111119e-02, 3.46666686e-02, 5.42222224e-02, 5.60000017e-02,
          1.95555557e-02, 2.57777777e-02, 6.57777786e-02, 4.26666662e-02,
          2.93333344e-02, 2.57777777e-02, 6.66666701e-02, 2.04444453e-02,
          2.40000002e-02, 4.80000004e-02, 3.64444442e-02, 2.48888899e-02,
          5.42222224e-02 ]
      - [ 4.03225794e-02, 2.21774187e-02, 5.24193533e-02, 2.82258056e-02,
          3.83064523e-02, 5.84677383e-02, 3.42741907e-02, 4.83870953e-02,
          4.23387066e-02, 4.63709682e-02, 2.21774187e-02, 2.01612897e-02,
          4.83870953e-02, 4.63709682e-02, 2.41935477e-02, 4.23387066e-02,
          6.85483813e-02, 4.23387066e-02, 5.44354841e-02, 4.43548374e-02,
          4.83870953e-02, 2.62096766e-02, 2.62096766e-02, 3.42741907e-02,
          4.03225794e-02 ]
      - [ 4.08472009e-02, 2.57186070e-02, 4.38729189e-02, 2.11800300e-02,
          4.08472009e-02, 5.44629321e-02, 5.14372140e-02, 4.84114960e-02,
          5.44629321e-02, 4.68986370e-02, 4.68986370e-02, 1.96671709e-02,
          3.63086239e-02, 3.02571841e-02, 1.96671709e-02, 4.38729189e-02,
          3.47957611e-02, 3.17700431e-02, 7.56429657e-02, 5.90015091e-02,
          3.47957611e-02, 4.08472009e-02, 3.32829021e-02, 3.47957611e-02,
          3.02571841e-02 ]
      - [ 6.17891178e-02, 2.42852755e-02, 4.42668311e-02, 1.96741465e-02,
          3.04334462e-02, 3.19704898e-02, 5.19520417e-02, 4.54964638e-02,
          3.32001224e-02, 4.18075621e-02, 3.93482931e-02, 3.22778970e-02,
          3.44297551e-02, 4.70335074e-02, 2.45926827e-02, 6.08668923e-02,
          4.18075621e-02, 4.18075621e-02, 5.28742671e-02, 4.48816456e-02,
          3.22778970e-02, 3.19704898e-02, 1.96741465e-02, 4.24223803e-02,
          6.88595101e-02 ]
      - [ 4.04255316e-02, 6.27659559e-02, 2.87234038e-02, 1.14893615e-01,
          3.19148935e-02, 5.42553179e-02, 2.87234038e-02, 3.40425521e-02,
          3.19148935e-02, 3.72340418e-02, 3.29787210e-02, 3.72340418e-02,
          2.97872331e-02, 3.82978693e-02, 7.87234008e-02, 3.19148935e-02,
          2.12765951e-02, 4.57446799e-02, 3.19148935e-02, 2.12765951e-02,
          2.23404244e-02, 2.55319141e-02, 3.40425521e-02, 4.68085110e-02,
          3.72340418e-02 ]
      - [ 8.41698796e-02, 2.49034744e-02, 3.62934358e-02, 2.52895746e-02,
          3.35907340e-02, 4.13127393e-02, 4.03474905e-02, 5.03861010e-02,
          3.53281833e-02, 3.06949802e-02, 2.83783786e-02, 1.73745174e-02,
          6.19691126e-02, 8.05019289e-02, 3.76447886e-02, 4.30501923e-02,
          3.61003838e-02, 4.18918915e-02, 5.21235503e-02, 4.07335907e-02,
          2.87644789e-02, 2.27799229e-02, 3.45559828e-02, 4.36293446e-02,
          2.81853285e-02 ]
      - [ 3.56394127e-02, 4.40251566e-02, 2.72536688e-02, 7.33752623e-02,
          6.28930777e-02, 3.56394127e-02, 4.19287197e-02, 5.03144637e-02,
          5.03144637e-02, 3.56394127e-02, 7.12788254e-02, 5.24109006e-02,
          1.25786159e-02, 4.19287197e-03, 6.49895146e-02, 4.40251566e-02,
          3.77358496e-02, 1.88679248e-02, 4.40251566e-02, 3.14465389e-02,
          3.77358496e-02, 2.72536688e-02, 3.77358496e-02, 6.28930796e-03,
          5.24109006e-02 ]
      - [ 3.33111286e-02, 3.53097953e-02, 4.39706892e-02, 4.06395756e-02,
          2.36508995e-02, 4.66355756e-02, 3.33111286e-02, 3.99733521e-02,
          2.83144582e-02, 5.29646911e-02, 6.06262498e-02, 3.89740169e-02,
          3.83077972e-02, 4.83011343e-02, 6.29580319e-02, 3.36442366e-02,
          3.66422385e-02, 4.16389070e-02, 4.93004695e-02, 3.26449051e-02,
          3.63091268e-02, 1.86542310e-02, 2.59826779e-02, 4.16389070e-02,
          5.62958047e-02 ]
      - [ 3.00120041e-02, 3.84153649e-02, 6.42256886e-02, 3.36134434e-02,
          3.84153649e-02, 3.12124845e-02, 3.30132060e-02, 3.54141630e-02,
          3.84153649e-02, 5.82232885e-02, 5.64225689e-02, 4.68187258e-02,
          3.30132060e-02, 2.94117630e-02, 2.46098433e-02, 3.84153649e-02,
          4.86194454e-02, 3.30132060e-02, 3.42136845e-02, 5.76230474e-02,
          5.88235259e-02, 1.98079217e-02, 4.38175239e-02, 3.48139256e-02,
          3.96158434e-02 ]
      - [ 2.75229346e-02, 9.17431153e-03, 3.66972461e-02, 3.66972461e-02,
          8.25688019e-02, 3.66972461e-02, 3.66972461e-02, 4.58715558e-02,
          4.58715558e-02, 7.33944923e-02, 2.75229346e-02, 7.33944923e-02,
          1.83486231e-02, 1.83486231e-02, 8.25688019e-02, 2.75229346e-02,
          7.33944923e-02, 9.17431153e-03, 4.58715558e-02, 5.50458692e-02,
          4.58715558e-02, 9.17431153e-03, 3.66972461e-02, 9.17431153e-03,
          3.66972461e-02 ]
      - [ 5.28634340e-02, 4.40528616e-02, 3.30396444e-02, 1.10132154e-02,
          5.06607890e-02, 2.64317170e-02, 4.62555066e-02, 4.62555066e-02,
          5.94713613e-02, 3.30396444e-02, 2.86343601e-02, 1.10132154e-02,
          5.50660789e-02, 6.38766512e-02, 6.60792887e-02, 3.30396444e-02,
          3.52422893e-02, 3.96475755e-02, 4.62555066e-02, 4.18502167e-02,
          6.60792887e-02, 1.54185016e-02, 2.20264308e-02, 4.62555066e-02,
          2.64317170e-02 ]
      - [ 3.32103334e-02, 2.39852406e-02, 3.50553505e-02, 2.76752766e-02,
          3.32103334e-02, 5.71955740e-02, 4.05904055e-02, 5.16605154e-02,
          2.95202956e-02, 8.11808109e-02, 2.95202956e-02, 1.66051667e-02,
          5.35055362e-02, 3.50553505e-02, 4.79704812e-02, 4.42804433e-02,
          4.42804433e-02, 3.87453884e-02, 5.71955740e-02, 4.24354263e-02,
          3.13653126e-02, 2.21402217e-02, 9.22509283e-03, 4.24354263e-02,
          7.19557181e-02 ]
      - [ 5.24137951e-02, 4.27586213e-02, 2.89655179e-02, 4.27586213e-02,
          3.86206917e-02, 5.93103468e-02, 2.75862068e-02, 4.13793102e-02,
          2.89655179e-02, 2.89655179e-02, 4.82758619e-02, 5.93103468e-02,
          3.17241400e-02, 2.20689662e-02, 5.37931062e-02, 3.58620696e-02,
          3.17241400e-02, 3.31034511e-02, 3.58620696e-02, 5.37931062e-02,
          3.86206917e-02, 3.72413807e-02, 6.20689690e-02, 2.75862068e-02,
          3.72413807e-02 ]
      - [ 4.42890450e-02, 6.75990656e-02, 2.56410260e-02, 1.70163170e-01,
          3.96270417e-02, 6.75990656e-02, 4.42890450e-02, 4.66200486e-02,
          3.72960381e-02, 1.86480191e-02, 1.86480191e-02, 3.03030312e-02,
          1.63170174e-02, 1.39860138e-02, 3.72960381e-02, 3.26340348e-02,
          2.33100243e-02, 4.19580415e-02, 4.42890450e-02, 9.32400953e-03,
          2.09790207e-02, 3.72960381e-02, 1.63170174e-02, 3.49650346e-02,
          6.06060624e-02 ]
      - [ 4.84633557e-02, 3.90070938e-02, 3.42789590e-02, 2.83687934e-02,
          2.12765951e-02, 3.54609936e-02, 5.73286042e-02, 4.78723422e-02,
          2.36406624e-02, 3.90070938e-02, 5.91016561e-02, 2.42316779e-02,
          3.25059108e-02, 3.66430245e-02, 3.54609936e-02, 5.08274250e-02,
          3.36879417e-02, 4.78723422e-02, 5.14184386e-02, 2.60047279e-02,
          2.95508280e-02, 3.54609936e-02, 5.31914905e-02, 4.60992903e-02,
          6.32387698e-02 ]
      - [ 1.72043014e-02, 2.36559138e-02, 3.44086029e-02, 5.80645166e-02,
          4.73118275e-02, 3.22580636e-02, 6.02150559e-02, 6.45161271e-02,
          4.94623668e-02, 5.16129062e-02, 3.22580636e-02, 3.65591422e-02,
          1.72043014e-02, 3.01075280e-02, 3.65591422e-02, 4.73118275e-02,
          2.79569905e-02, 2.36559138e-02, 4.94623668e-02, 3.44086029e-02,
          4.73118275e-02, 3.44086029e-02, 6.02150559e-02, 2.36559138e-02,
          6.02150559e-02 ]
      - [ 4.43037972e-02, 2.53164545e-02, 3.58649790e-02, 3.79746817e-02,
          5.06329089e-02, 6.11814335e-02, 5.48523180e-02, 3.79746817e-02,
          3.79746817e-02, 2.32067499e-02, 2.95358635e-02, 1.89873409e-02,
          5.90717271e-02, 4.00843844e-02, 3.37552726e-02, 6.11814335e-02,
          4.43037972e-02, 3.16455662e-02, 2.95358635e-02, 4.21940908e-02,
          6.96202517e-02, 1.47679318e-02, 4.00843844e-02, 4.21940908e-02,
          3.37552726e-02 ]
      - [ 5.45454547e-02, 2.24598944e-02, 3.10160443e-02, 2.13903747e-02,
          3.85026745e-02, 6.52406439e-02, 4.17112298e-02, 3.10160443e-02,
          3.95721942e-02, 3.85026745e-02, 4.59893048e-02, 3.20855603e-02,
          3.20855603e-02, 5.24064191e-02, 4.81283441e-02, 3.74331549e-02,
          4.06417102e-02, 5.77540100e-02, 2.78074872e-02, 3.10160443e-02,
          4.27807495e-02, 1.60427801e-02, 4.49197888e-02, 4.81283441e-02,
          5.88235296e-02 ]
      - [ 9.35672522e-02, 9.74658877e-03, 4.48343083e-02, 2.92397663e-02,
          3.70370373e-02, 4.28849906e-02, 3.70370373e-02, 3.70370373e-02,
          4.09356728e-02, 3.11890841e-02, 4.67836261e-02, 1.16959065e-02,
          6.62768036e-02, 4.67836261e-02, 4.28849906e-02, 4.09356728e-02,
          5.26315793e-02, 4.87329438e-02, 3.89863551e-02, 4.48343083e-02,
          3.50877196e-02, 3.89863551e-03, 2.33918130e-02, 3.31384018e-02,
          6.04288504e-02 ]
      - [ 3.15258503e-02, 2.14375779e-02, 3.65699865e-02, 3.02648172e-02,
          2.39596479e-02, 1.29886508e-01, 2.52206810e-02, 3.15258503e-02,
          2.77427491e-02, 3.53089534e-02, 7.44010061e-02, 4.41361926e-02,
          3.02648172e-02, 2.01765448e-02, 4.91803288e-02, 3.53089534e-02,
          3.27868834e-02, 3.15258503e-02, 2.26986129e-02, 2.14375779e-02,
          4.79192957e-02, 1.63934417e-02, 4.79192957e-02, 3.15258503e-02,
          1.00882724e-01 ]
      - [ 6.68286756e-02, 1.24544352e-02, 5.10328077e-02, 1.60996355e-02,
          4.07047421e-02, 2.24787369e-02, 5.71081415e-02, 5.86269759e-02,
          3.61482389e-02, 3.46294045e-02, 1.94410700e-02, 7.29040150e-03,
          4.98177409e-02, 7.92831108e-02, 1.54921031e-02, 5.74119091e-02,
          4.34386395e-02, 5.58930747e-02, 5.98420426e-02, 4.98177409e-02,
          2.67314706e-02, 4.73876074e-02, 4.86026751e-03, 6.22721761e-02,
          2.49088705e-02 ]
      - [ 2.27272734e-02, 1.62337665e-02, 4.54545468e-02, 8.44155848e-02,
          6.16883114e-02, 2.27272734e-02, 1.94805190e-02, 8.11688304e-02,
          4.54545468e-02, 3.89610380e-02, 3.24675324e-03, 7.14285746e-02,
          2.92207785e-02, 3.57142873e-02, 2.92207785e-02, 2.27272734e-02,
          3.57142873e-02, 2.27272734e-02, 8.11688304e-02, 4.87012975e-02,
          4.22077924e-02, 3.89610380e-02, 2.92207785e-02, 3.89610380e-02,
          3.24675329e-02 ]
      - [ 3.90158184e-02, 4.32337448e-02, 6.60808459e-02, 3.79613377e-02,
          2.53075585e-02, 4.60456945e-02, 2.91739907e-02, 4.35852371e-02,
          2.63620391e-02, 2.10896321e-02, 3.33919153e-02, 2.98769772e-02,
          5.16695976e-02, 5.69420047e-02, 4.28822525e-02, 2.88224965e-02,
          6.08084388e-02, 4.07732874e-02, 4.60456945e-02, 6.39718845e-02,
          5.44815473e-02, 1.54657299e-02, 2.53075585e-02, 4.46397215e-02,
          2.70650275e-02 ]
      - [ 4.10509035e-02, 1.80623978e-02, 4.59770113e-02, 2.46305428e-02,
          3.28407213e-02, 7.22495914e-02, 2.29885057e-02, 7.22495914e-02,
          3.11986860e-02, 2.46305428e-02, 3.28407213e-02, 4.10509035e-02,
          2.95566507e-02, 4.26929407e-02, 4.26929407e-02, 3.11986860e-02,
          4.59770113e-02, 3.77668329e-02, 7.71756992e-02, 4.26929407e-02,
          1.97044332e-02, 4.10509035e-02, 2.46305428e-02, 3.94088663e-02,
          6.56814426e-02 ]
      - [ 2.45098043e-02, 3.92156877e-02, 4.41176482e-02, 5.14705889e-02,
          3.67647074e-02, 5.39215691e-02, 6.61764741e-02, 6.12745136e-02,
          2.94117667e-02, 6.37254938e-02, 2.69607846e-02, 5.88235334e-02,
          1.96078438e-02, 2.45098043e-02, 2.69607846e-02, 7.10784346e-02,
          3.18627469e-02, 2.94117667e-02, 5.88235334e-02, 4.90196086e-02,
          2.94117667e-02, 3.18627469e-02, 2.45098048e-03, 2.94117667e-02,
          3.92156877e-02 ]
      - [ 6.92041544e-03, 8.30449834e-02, 2.76816618e-02, 4.15224917e-02,
          4.84429076e-02, 4.15224917e-02, 4.15224917e-02, 1.17647059e-01,
          3.46020758e-02, 3.46020758e-02, 7.61245713e-02, 1.03806229e-02,
          6.92041544e-03, 3.46020772e-03, 2.76816618e-02, 3.46020758e-02,
          1.03806229e-02, 1.73010379e-02, 9.34256092e-02, 1.73010379e-02,
          3.80622856e-02, 8.65051895e-02, 2.07612459e-02, 1.03806229e-02,
          6.92041516e-02 ]
      - [ 7.71276578e-02, 2.39361692e-02, 3.98936160e-02, 2.92553175e-02,
          7.44680837e-02, 4.25531901e-02, 7.44680837e-02, 3.45744677e-02,
          4.25531901e-02, 2.92553175e-02, 3.45744677e-02, 1.06382975e-02,
          4.25531901e-02, 4.78723384e-02, 5.05319126e-02, 3.98936160e-02,
          3.45744677e-02, 4.25531901e-02, 3.98936160e-02, 3.72340418e-02,
          3.45744677e-02, 1.86170209e-02, 1.32978717e-02, 4.78723384e-02,
          3.72340418e-02 ]
      - [ 7.39644989e-02, 2.95857992e-02, 2.36686394e-02, 7.10059181e-02,
          4.43786979e-02, 3.55029590e-02, 4.43786979e-02, 4.14201170e-02,
          4.73372787e-02, 5.62130176e-02, 1.47928996e-02, 2.36686394e-02,
          2.66272202e-02, 5.32544404e-02, 2.66272202e-02, 6.21301793e-02,
          3.55029590e-02, 2.95857992e-02, 6.21301793e-02, 1.47928996e-02,
          5.32544404e-02, 2.36686394e-02, 2.36686394e-02, 2.95857992e-02,
          5.32544404e-02 ]
      - [ 3.18513587e-02, 4.84406091e-02, 6.70205727e-02, 4.11413424e-02,
          2.85335109e-02, 4.64498997e-02, 2.32249498e-02, 5.17584607e-02,
          3.25149298e-02, 2.52156612e-02, 3.78234908e-02, 3.51692103e-02,
          5.83941601e-02, 4.18049097e-02, 6.63570017e-02, 2.18978096e-02,
          6.37027174e-02, 2.38885209e-02, 4.64498997e-02, 4.31320518e-02,
          4.97677512e-02, 2.91970801e-02, 1.79163907e-02, 2.85335109e-02,
          3.98142003e-02 ]
      - [ 4.80000004e-02, 1.60000008e-02, 4.80000004e-02, 4.00000028e-02,
          6.40000030e-02, 8.80000070e-02, 6.40000030e-02, 1.20000005e-01,
          5.60000017e-02, 1.60000008e-02, 8.00000038e-03, 1.60000008e-02,
          5.60000017e-02, 1.60000008e-02, 2.40000002e-02, 5.60000017e-02,
          2.40000002e-02, 4.80000004e-02, 7.20000044e-02, 2.40000002e-02,
          2.40000002e-02, 3.20000015e-02, 8.00000038e-03, 3.20000015e-02,
          0. ]
      - [ 3.67985256e-02, 3.12787481e-02, 3.67985256e-02, 7.17571303e-02,
          4.78380844e-02, 3.67985256e-02, 4.32382710e-02, 2.94388216e-02,
          4.13983427e-02, 2.11591534e-02, 5.51977903e-02, 5.05979732e-02,
          2.66789328e-02, 5.97976074e-02, 2.48390064e-02, 3.77184898e-02,
          3.31186727e-02, 3.95584181e-02, 2.94388216e-02, 4.50781956e-02,
          5.61177544e-02, 2.39190422e-02, 3.86384539e-02, 3.40386368e-02,
          4.87580486e-02 ]
      - [ 2.01342292e-02, 2.68456377e-02, 3.35570462e-02, 5.70469797e-02,
          6.37583882e-02, 6.37583882e-02, 4.02684584e-02, 9.39597338e-02,
          5.70469797e-02, 5.36912754e-02, 4.36241627e-02, 1.34228189e-02,
          2.34899335e-02, 1.67785231e-02, 6.71140943e-03, 4.69798669e-02,
          3.02013420e-02, 2.68456377e-02, 5.70469797e-02, 4.36241627e-02,
          6.04026839e-02, 4.36241627e-02, 1.67785231e-02, 1.67785231e-02,
          4.36241627e-02 ]
      - [ 7.12871328e-02, 4.35643569e-02, 1.78217832e-02, 2.37623770e-02,
          4.15841602e-02, 5.54455444e-02, 4.55445573e-02, 5.94059415e-02,
          3.96039635e-02, 4.35643569e-02, 4.55445573e-02, 2.37623770e-02,
          6.13861419e-02, 2.77227722e-02, 5.34653477e-02, 3.76237631e-02,
          2.17821784e-02, 4.55445573e-02, 6.33663386e-02, 2.77227722e-02,
          1.98019817e-02, 1.78217832e-02, 2.57425755e-02, 4.75247540e-02,
          3.96039635e-02 ]
      - [ 1.94003526e-02, 6.70193955e-02, 3.88007052e-02, 6.17283918e-02,
          4.58553769e-02, 6.34920597e-02, 3.35096978e-02, 4.05643731e-02,
          5.11463843e-02, 2.64550261e-02, 2.64550261e-02, 4.23280410e-02,
          3.70370373e-02, 2.29276884e-02, 3.17460299e-02, 3.35096978e-02,
          5.82010560e-02, 3.52733657e-02, 4.05643731e-02, 2.11640205e-02,
          6.34920597e-02, 2.82186940e-02, 6.34920597e-02, 3.17460299e-02,
          1.58730149e-02 ]
      - [ 6.09981529e-02, 1.29390024e-02, 5.73012941e-02, 2.40295753e-02,
          2.21811458e-02, 9.98151600e-02, 2.77264323e-02, 3.88170071e-02,
          2.03327183e-02, 2.58780047e-02, 1.47874309e-02, 1.10905729e-02,
          5.91497235e-02, 8.31792951e-02, 9.79667306e-02, 2.21811458e-02,
          4.99075800e-02, 6.28465787e-02, 4.25138623e-02, 3.51201482e-02,
          2.40295753e-02, 7.39371544e-03, 0., 4.99075800e-02,
          4.99075800e-02 ]
      - [ 2.67489702e-02, 2.88065840e-02, 5.14403284e-02, 3.29218097e-02,
          5.14403284e-02, 2.26337444e-02, 4.52674888e-02, 5.34979403e-02,
          6.17283918e-02, 4.73251007e-02, 2.88065840e-02, 3.08641959e-02,
          2.88065840e-02, 4.11522621e-03, 5.34979403e-02, 4.52674888e-02,
          3.90946493e-02, 3.49794216e-02, 6.79012313e-02, 3.08641959e-02,
          5.34979403e-02, 5.76131679e-02, 4.93827164e-02, 2.46913582e-02,
          2.88065840e-02 ]
      - [ 7.16105327e-02, 2.91536953e-02, 3.45315598e-02, 2.57571470e-02,
          3.33993770e-02, 4.41551097e-02, 6.28361180e-02, 4.98160198e-02,
          3.00028306e-02, 4.64194752e-02, 5.15142940e-02, 1.58505514e-02,
          3.90602909e-02, 3.11350133e-02, 4.21737917e-02, 6.19869828e-02,
          3.14180590e-02, 4.52872925e-02, 4.92499322e-02, 1.75488256e-02,
          2.43419204e-02, 4.18907441e-02, 1.55675067e-02, 5.06651588e-02,
          5.46277948e-02 ]
      - [ 1.89781021e-02, 4.52554710e-02, 4.67153266e-02, 1.19708024e-01,
          5.98540120e-02, 4.23357636e-02, 2.48175170e-02, 3.50364968e-02,
          4.81751822e-02, 3.21167856e-02, 2.04379559e-02, 4.81751822e-02,
          1.16788317e-02, 7.44525492e-02, 3.64963487e-02, 2.77372245e-02,
          4.37956192e-02, 1.16788317e-02, 2.91970782e-02, 3.79562043e-02,
          2.62773708e-02, 6.13138676e-02, 7.73722604e-02, 2.91970791e-03,
          1.75182484e-02 ]
      - [ 2.53807101e-02, 3.55329961e-02, 1.52284261e-02, 3.55329961e-02,
          5.58375642e-02, 5.07614203e-02, 5.58375642e-02, 2.53807101e-02,
          7.61421323e-02, 9.13705528e-02, 2.03045681e-02, 5.58375642e-02,
          5.07614203e-02, 2.53807101e-02, 8.12182724e-02, 1.52284261e-02,
          2.53807101e-02, 1.01522841e-02, 3.55329961e-02, 4.06091362e-02,
          3.55329961e-02, 4.06091362e-02, 3.55329961e-02, 3.04568522e-02,
          3.04568522e-02 ]
      - [ 3.26086953e-02, 1.73913036e-02, 4.13043462e-02, 3.47826071e-02,
          6.08695634e-02, 2.39130426e-02, 4.99999970e-02, 6.08695634e-02,
          4.78260852e-02, 7.17391297e-02, 2.17391290e-02, 5.43478243e-02,
          2.39130426e-02, 1.73913036e-02, 4.78260852e-02, 4.13043462e-02,
          2.60869563e-02, 1.52173908e-02, 3.47826071e-02, 3.26086953e-02,
          4.99999970e-02, 5.65217361e-02, 6.30434752e-02, 2.39130426e-02,
          4.99999970e-02 ]
      - [ 5.25404140e-02, 3.34872976e-02, 2.54041571e-02, 3.00230943e-02,
          3.06004621e-02, 1.00461893e-01, 3.29099298e-02, 4.44572754e-02,
          3.75288688e-02, 6.00461885e-02, 5.08083142e-02, 2.02078521e-02,
          3.57967652e-02, 2.59815250e-02, 5.71593530e-02, 3.52194011e-02,
          2.82909926e-02, 3.40646654e-02, 5.25404140e-02, 2.88683604e-02,
          2.65588909e-02, 3.23325619e-02, 1.61662810e-02, 2.94457264e-02,
          7.90993050e-02 ]
      - [ 5.82010560e-02, 5.29100522e-02, 1.05820103e-02, 1.05820103e-02,
          2.11640205e-02, 3.17460299e-02, 1.11111104e-01, 2.11640205e-02,
          2.11640205e-02, 5.29100513e-03, 1.16402112e-01, 2.11640205e-02,
          5.29100513e-03, 9.52380896e-02, 5.82010560e-02, 8.99470896e-02,
          1.58730149e-02, 6.87830672e-02, 2.64550261e-02, 0.,
          2.64550261e-02, 1.58730149e-02, 2.11640205e-02, 5.29100522e-02,
          4.23280410e-02 ]
      - [ 2.85132397e-02, 2.64765806e-02, 2.64765806e-02, 2.64765806e-02,
          3.86965387e-02, 3.46232206e-02, 3.46232206e-02, 7.33197629e-02,
          5.90631403e-02, 5.90631403e-02, 5.49898185e-02, 3.05498987e-02,
          2.64765806e-02, 4.48065177e-02, 1.62932798e-02, 4.68431786e-02,
          3.25865597e-02, 1.83299407e-02, 7.12831020e-02, 6.10997975e-02,
          4.48065177e-02, 3.05498987e-02, 4.07331996e-02, 1.22199599e-02,
          6.10997975e-02 ]
      - [ 3.56347449e-02, 2.67260596e-02, 4.67706025e-02, 2.44988874e-02,
          4.67706025e-02, 4.45434302e-02, 3.78619172e-02, 6.23608045e-02,
          4.89977747e-02, 4.45434302e-02, 3.78619172e-02, 5.56792878e-02,
          2.89532300e-02, 2.44988874e-02, 4.23162580e-02, 3.78619172e-02,
          3.78619172e-02, 4.89977747e-02, 4.00890894e-02, 4.89977747e-02,
          5.34521192e-02, 2.00445447e-02, 3.56347449e-02, 2.44988874e-02,
          4.45434302e-02 ]
      - [ 5.38827293e-02, 2.53565777e-02, 2.77337562e-02, 3.09033282e-02,
          2.61489712e-02, 7.29001611e-02, 3.88272591e-02, 6.73534125e-02,
          3.88272591e-02, 6.57686219e-02, 5.94294779e-02, 3.80348675e-02,
          3.64500806e-02, 1.98098272e-02, 3.16957235e-02, 4.51664031e-02,
          2.61489712e-02, 2.61489712e-02, 6.65610135e-02, 2.21870057e-02,
          2.93185432e-02, 4.27892245e-02, 3.40729021e-02, 3.09033282e-02,
          4.35816161e-02 ]
      - [ 2.94117648e-02, 4.70588244e-02, 4.70588244e-02, 3.82352956e-02,
          4.70588244e-02, 2.35294122e-02, 4.41176482e-02, 5.00000007e-02,
          4.11764719e-02, 3.82352956e-02, 3.23529430e-02, 4.11764719e-02,
          2.64705885e-02, 3.82352956e-02, 7.35294148e-02, 4.11764719e-02,
          5.00000007e-02, 2.94117648e-02, 5.00000007e-02, 5.88235296e-02,
          2.64705885e-02, 4.70588244e-02, 1.47058824e-02, 3.52941193e-02,
          2.94117648e-02 ]
      - [ 1.07266441e-01, 1.38408309e-02, 3.46020758e-02, 2.76816618e-02,
          3.11418697e-02, 5.88235296e-02, 3.11418697e-02, 4.15224917e-02,
          3.46020758e-02, 3.11418697e-02, 4.15224917e-02, 4.49827015e-02,
          6.22837394e-02, 9.68858153e-02, 6.57439455e-02, 2.76816618e-02,
          2.76816618e-02, 3.80622856e-02, 3.11418697e-02, 1.73010379e-02,
          1.73010379e-02, 1.38408309e-02, 2.42214538e-02, 3.80622856e-02,
          4.15224917e-02 ]
      - [ 3.12500000e-02, 1.78571437e-02, 3.12500000e-02, 3.57142873e-02,
          3.57142873e-02, 7.58928582e-02, 4.01785746e-02, 7.14285746e-02,
          2.23214291e-02, 2.67857164e-02, 4.91071455e-02, 2.67857164e-02,
          4.46428582e-02, 1.33928582e-02, 6.25000000e-02, 6.25000000e-02,
          2.67857164e-02, 4.01785746e-02, 9.37500075e-02, 8.92857183e-03,
          3.12500000e-02, 5.80357164e-02, 4.46428591e-03, 2.23214291e-02,
          6.69642910e-02 ]
      - [ 4.59363945e-02, 1.41342757e-02, 4.24028262e-02, 2.82685515e-02,
          3.53356898e-02, 6.71378076e-02, 7.06713796e-02, 6.00706711e-02,
          3.53356898e-02, 4.59363945e-02, 3.88692580e-02, 3.53356898e-02,
          5.30035347e-02, 2.82685515e-02, 2.82685515e-02, 4.59363945e-02,
          3.18021215e-02, 3.53356898e-02, 4.94699664e-02, 1.76678449e-02,
          5.30035347e-02, 4.24028262e-02, 2.12014131e-02, 2.82685515e-02,
          4.59363945e-02 ]
      - [ 3.86740342e-02, 8.28729291e-03, 4.97237593e-02, 1.65745858e-02,
          3.31491716e-02, 3.03867422e-02, 4.69613262e-02, 6.07734844e-02,
          4.41988967e-02, 3.86740342e-02, 8.28729291e-03, 3.03867422e-02,
          2.76243109e-02, 5.80110513e-02, 2.20994484e-02, 5.24861887e-02,
          5.52486219e-02, 2.20994484e-02, 5.24861887e-02, 1.18784532e-01,
          4.14364673e-02, 5.80110513e-02, 1.38121555e-02, 3.03867422e-02,
          4.14364673e-02 ]
      - [ 2.39520967e-02, 4.79041934e-02, 5.08982055e-02, 5.68862297e-02,
          4.79041934e-02, 4.49101813e-02, 3.29341330e-02, 8.68263543e-02,
          4.49101813e-02, 3.89221571e-02, 2.99401209e-02, 3.89221571e-02,
          1.19760484e-02, 5.98802418e-03, 4.19161692e-02, 1.79640725e-02,
          4.49101813e-02, 8.98203626e-03, 5.08982055e-02, 4.49101813e-02,
          6.28742576e-02, 2.69461088e-02, 8.08383226e-02, 2.09580846e-02,
          3.59281451e-02 ]
      - [ 5.32994904e-02, 4.56852764e-02, 3.80710661e-02, 3.29949223e-02,
          3.55329961e-02, 5.07614203e-02, 4.06091362e-02, 5.07614203e-02,
          2.28426382e-02, 6.59898445e-02, 6.85279146e-02, 2.03045681e-02,
          4.06091362e-02, 3.80710661e-02, 1.26903551e-02, 3.55329961e-02,
          7.61421323e-02, 2.79187821e-02, 4.56852764e-02, 5.07614203e-02,
          4.56852764e-02, 2.53807101e-02, 2.28426382e-02, 2.53807101e-02,
          2.79187821e-02 ]
      - [ 5.11627905e-02, 3.41085270e-02, 3.72093022e-02, 2.32558139e-02,
          4.26356569e-02, 3.72093022e-02, 3.33333313e-02, 4.96124029e-02,
          3.41085270e-02, 4.80620153e-02, 6.20155036e-02, 3.17829475e-02,
          3.48837227e-02, 4.57364321e-02, 2.79069766e-02, 4.49612401e-02,
          3.95348817e-02, 3.02325580e-02, 6.04651161e-02, 4.34108526e-02,
          4.18604650e-02, 2.94573642e-02, 3.02325580e-02, 3.95348817e-02,
          4.72868234e-02 ]
      - [ 3.00429184e-02, 1.28755365e-02, 2.14592274e-02, 4.29184549e-02,
          1.71673819e-02, 4.72102985e-02, 3.00429184e-02, 9.87124443e-02,
          2.14592274e-02, 5.57939932e-02, 4.29184549e-02, 2.14592274e-02,
          3.86266112e-02, 2.57510729e-02, 6.86695278e-02, 3.43347639e-02,
          1.28755365e-02, 4.29184549e-02, 7.72532225e-02, 5.15021458e-02,
          1.28755365e-02, 3.86266112e-02, 5.57939932e-02, 4.72102985e-02,
          5.15021458e-02 ]
      - [ 5.92334494e-02, 2.43902449e-02, 3.48432064e-02, 2.78745648e-02,
          3.83275263e-02, 6.27177730e-02, 4.52961661e-02, 6.96864128e-02,
          2.78745648e-02, 6.62020892e-02, 3.83275263e-02, 4.18118462e-02,
          1.74216032e-02, 2.78745648e-02, 4.18118462e-02, 6.27177730e-02,
          2.78745648e-02, 2.43902449e-02, 6.96864128e-02, 1.39372824e-02,
          2.43902449e-02, 3.83275263e-02, 1.04529615e-02, 2.78745648e-02,
          7.66550526e-02 ]
      - [ 4.95049506e-02, 9.90098994e-03, 1.98019799e-02, 4.95049506e-02,
          3.46534662e-02, 4.95049506e-02, 6.93069324e-02, 7.42574260e-02,
          3.96039598e-02, 8.41584131e-02, 2.47524753e-02, 4.45544533e-02,
          1.98019799e-02, 3.46534662e-02, 2.47524753e-02, 4.45544533e-02,
          4.45544533e-02, 4.95049497e-03, 8.91089067e-02, 2.47524753e-02,
          3.96039598e-02, 9.90098994e-03, 2.47524753e-02, 1.48514844e-02,
          7.42574260e-02 ]
      - [ 2.63736285e-02, 4.06593420e-02, 3.84615399e-02, 3.62637378e-02,
          4.39560451e-02, 4.50549461e-02, 4.06593420e-02, 6.26373664e-02,
          3.40659358e-02, 3.95604409e-02, 5.71428612e-02, 6.37362674e-02,
          2.30769236e-02, 2.08791215e-02, 3.07692327e-02, 4.28571440e-02,
          3.18681337e-02, 2.30769236e-02, 5.16483523e-02, 2.52747256e-02,
          3.62637378e-02, 3.51648368e-02, 7.25274757e-02, 1.09890113e-02,
          6.70329705e-02 ]
      - [ 5.34096360e-02, 3.43347639e-02, 5.48402481e-02, 4.81640436e-02,
          2.47973297e-02, 3.00429184e-02, 2.57510729e-02, 3.05197909e-02,
          1.85979977e-02, 2.67048180e-02, 1.71673819e-02, 3.57653797e-02,
          7.62994736e-02, 7.86838382e-02, 4.33953293e-02, 3.05197909e-02,
          6.67620450e-02, 4.33953293e-02, 3.29041481e-02, 8.29756781e-02,
          4.43490706e-02, 1.04911784e-02, 2.28898432e-02, 5.10252751e-02,
          1.62136387e-02 ]
      - [ 2.45398767e-02, 2.45398767e-02, 3.27198356e-02, 5.72597124e-02,
          2.86298562e-02, 1.02249488e-01, 5.11247441e-02, 4.49897721e-02,
          2.65848674e-02, 3.27198356e-02, 5.31697348e-02, 4.29447852e-02,
          3.68098170e-02, 1.84049085e-02, 4.90797535e-02, 4.70347628e-02,
          3.27198356e-02, 1.84049085e-02, 5.72597124e-02, 4.29447852e-02,
          4.29447852e-02, 3.68098170e-02, 3.06748450e-02, 1.63599178e-02,
          4.90797535e-02 ]
      - [ 3.72340418e-02, 3.01418435e-02, 2.48226933e-02, 3.19148935e-02,
          3.19148935e-02, 4.43262383e-02, 4.07801419e-02, 3.90070900e-02,
          1.59574468e-02, 4.78723384e-02, 5.31914867e-02, 6.20567352e-02,
          2.12765951e-02, 4.60992903e-02, 3.90070900e-02, 3.72340418e-02,
          3.36879417e-02, 3.19148935e-02, 4.60992903e-02, 3.90070900e-02,
          2.83687934e-02, 4.43262383e-02, 8.51063803e-02, 2.83687934e-02,
          6.02836870e-02 ]
      - [ 3.48837227e-02, 2.32558139e-02, 3.72093022e-02, 1.86046511e-02,
          5.81395328e-02, 5.11627905e-02, 5.58139533e-02, 4.18604650e-02,
          6.27906993e-02, 4.88372073e-02, 3.25581394e-02, 2.79069766e-02,
          3.48837227e-02, 2.79069766e-02, 5.58139533e-02, 5.34883738e-02,
          4.88372073e-02, 3.02325580e-02, 3.72093022e-02, 3.25581394e-02,
          3.25581394e-02, 5.34883738e-02, 2.79069766e-02, 3.48837227e-02,
          3.72093022e-02 ]
      - [ 4.81675416e-02, 2.61780098e-02, 5.96858636e-02, 3.24607342e-02,
          4.92146611e-02, 2.61780098e-02, 5.86387441e-02, 3.35078537e-02,
          3.97905782e-02, 3.14136147e-02, 5.86387441e-02, 3.66492160e-02,
          2.61780098e-02, 3.03664915e-02, 3.14136147e-02, 5.65445051e-02,
          4.92146611e-02, 3.66492160e-02, 4.81675416e-02, 5.34031428e-02,
          2.93193720e-02, 3.14136147e-02, 2.61780098e-02, 3.35078537e-02,
          4.71204184e-02 ]
      - [ 3.11059915e-02, 7.14285746e-02, 1.72811057e-02, 7.60368630e-02,
          2.88018435e-02, 7.37327188e-02, 4.26267274e-02, 4.95391712e-02,
          3.57142873e-02, 4.95391712e-02, 6.33640587e-02, 3.22580636e-02,
          2.18894016e-02, 2.53456216e-02, 5.29953912e-02, 3.80184315e-02,
          1.72811057e-02, 2.07373276e-02, 4.95391712e-02, 2.18894016e-02,
          3.45622115e-02, 4.14746553e-02, 2.76497696e-02, 2.99539175e-02,
          4.72350232e-02 ]
      - [ 5.66406250e-02, 4.88281250e-02, 3.12500000e-02, 4.29687500e-02,
          1.95312500e-02, 7.61718750e-02, 4.10156250e-02, 7.03125000e-02,
          2.92968750e-02, 5.46875000e-02, 1.56250000e-02, 2.14843750e-02,
          5.85937500e-02, 3.32031250e-02, 2.73437500e-02, 2.92968750e-02,
          4.10156250e-02, 4.10156250e-02, 6.25000000e-02, 5.46875000e-02,
          4.10156250e-02, 1.95312500e-02, 1.56250000e-02, 4.29687500e-02,
          2.53906250e-02 ]
      - [ 2.82819755e-02, 4.13676649e-02, 3.96791920e-02, 5.40312380e-02,
          2.53271423e-02, 7.72477835e-02, 3.37695256e-02, 4.26340252e-02,
          2.99704522e-02, 4.22119051e-02, 4.26340252e-02, 3.16589288e-02,
          5.06542847e-02, 3.16589288e-02, 5.99409044e-02, 3.33474055e-02,
          4.39003818e-02, 2.95483340e-02, 4.81215715e-02, 4.22119051e-02,
          4.05234285e-02, 1.81511194e-02, 2.65935007e-02, 3.71464752e-02,
          4.93879281e-02 ]
      - [ 4.12371121e-02, 5.00736386e-02, 3.38733420e-02, 5.00736386e-02,
          3.82916071e-02, 4.27098684e-02, 4.27098684e-02, 5.44918999e-02,
          3.38733420e-02, 4.86008823e-02, 4.71281298e-02, 2.20913105e-02,
          5.00736386e-02, 3.09278350e-02, 3.38733420e-02, 4.27098684e-02,
          3.53460982e-02, 3.24005894e-02, 6.18556701e-02, 2.65095737e-02,
          3.53460982e-02, 2.35640649e-02, 3.97643596e-02, 1.91458035e-02,
          6.33284226e-02 ]
      - [ 4.62046228e-02, 4.78547886e-02, 3.13531347e-02, 5.03300354e-02,
          3.54785472e-02, 2.88778879e-02, 4.20792103e-02, 3.54785472e-02,
          4.29042913e-02, 2.80528069e-02, 3.63036320e-02, 7.26072639e-02,
          2.80528069e-02, 9.90099087e-03, 8.25082511e-03, 4.20792103e-02,
          3.79537977e-02, 2.31023114e-02, 2.80528069e-02, 3.87788787e-02,
          6.60066009e-02, 2.80528069e-02, 1.12211227e-01, 2.64026411e-02,
          5.36303632e-02 ]
      - [ 7.64705911e-02, 1.96078438e-02, 2.15686280e-02, 1.56862754e-02,
          3.72549035e-02, 1.09803930e-01, 4.31372561e-02, 4.70588282e-02,
          3.13725509e-02, 3.13725509e-02, 5.09803966e-02, 3.92156886e-03,
          2.35294141e-02, 5.49019650e-02, 4.11764719e-02, 5.29411808e-02,
          3.72549035e-02, 4.90196124e-02, 5.09803966e-02, 2.15686280e-02,
          4.50980403e-02, 2.15686280e-02, 2.35294141e-02, 4.50980403e-02,
          4.50980403e-02 ]
      - [ 6.93779886e-02, 2.39234436e-02, 3.58851664e-02, 1.67464111e-02,
          3.58851664e-02, 8.13397095e-02, 4.30621989e-02, 3.58851664e-02,
          3.82775106e-02, 7.17703328e-02, 3.58851664e-02, 2.39234441e-03,
          5.74162677e-02, 3.11004780e-02, 3.82775106e-02, 5.50239198e-02,
          3.11004780e-02, 3.11004780e-02, 3.11004780e-02, 3.11004780e-02,
          2.87081338e-02, 2.15310995e-02, 2.63157878e-02, 4.30621989e-02,
          8.37320536e-02 ]
      - [ 1.06382975e-02, 4.78723384e-02, 1.59574468e-02, 3.19148935e-02,
          4.25531901e-02, 4.25531901e-02, 5.85106350e-02, 6.38297871e-02,
          5.85106350e-02, 3.19148935e-02, 4.25531901e-02, 1.59574468e-02,
          3.19148935e-02, 5.85106350e-02, 3.72340418e-02, 4.25531901e-02,
          1.59574468e-02, 4.78723384e-02, 4.78723384e-02, 4.78723384e-02,
          5.31914867e-02, 7.97872320e-02, 5.31914867e-02, 1.59574468e-02,
          5.31914877e-03 ]
      - [ 1.28417030e-01, 2.35219318e-02, 3.81436720e-02, 2.22504754e-02,
          2.22504754e-02, 2.73362994e-02, 3.62364911e-02, 4.89510484e-02,
          1.84361096e-02, 2.92434823e-02, 2.03432925e-02, 2.35219318e-02,
          9.21805426e-02, 1.14431024e-01, 2.54291147e-02, 3.49650346e-02,
          3.30578499e-02, 4.25937697e-02, 5.21296859e-02, 3.43293063e-02,
          2.67005712e-02, 2.09790207e-02, 1.39860138e-02, 4.95867766e-02,
          2.09790207e-02 ]
      - [ 3.84387933e-02, 2.42460072e-02, 4.25783545e-02, 6.03193343e-02,
          2.42460072e-02, 5.44056743e-02, 2.60201059e-02, 3.54819633e-02,
          2.36546416e-02, 2.42460072e-02, 2.77942028e-02, 5.61797731e-02,
          4.67179157e-02, 5.08574769e-02, 7.86516815e-02, 3.42992283e-02,
          4.61265519e-02, 4.43524532e-02, 4.31697182e-02, 4.55351844e-02,
          5.67711368e-02, 1.71496142e-02, 3.31164971e-02, 3.72560583e-02,
          2.83855684e-02 ]
      - [ 3.34190242e-02, 3.85604128e-02, 7.71208256e-02, 6.94087371e-02,
          4.62724939e-02, 3.08483280e-02, 3.85604128e-02, 4.88431863e-02,
          4.11311053e-02, 2.05655526e-02, 2.31362469e-02, 1.79948583e-02,
          3.59897166e-02, 2.57069413e-02, 1.02827763e-02, 3.85604128e-02,
          5.91259636e-02, 5.65552711e-02, 5.91259636e-02, 5.14138825e-02,
          6.42673522e-02, 1.79948583e-02, 2.31362469e-02, 4.37017977e-02,
          2.82776356e-02 ]
      - [ 3.15052494e-02, 4.08401415e-02, 4.08401415e-02, 3.15052494e-02,
          5.13418913e-02, 3.50058340e-02, 5.48424758e-02, 2.80046687e-02,
          3.15052494e-02, 5.48424758e-02, 7.81796947e-02, 6.06767796e-02,
          1.63360555e-02, 1.51691949e-02, 1.51691949e-02, 5.25087528e-02,
          2.80046687e-02, 1.75029170e-02, 4.90081683e-02, 3.38389724e-02,
          2.80046687e-02, 3.03383898e-02, 6.76779449e-02, 2.21703611e-02,
          8.51808637e-02 ]
      - [ 3.03951390e-02, 7.29483292e-02, 7.49746710e-02, 4.76190485e-02,
          4.76190485e-02, 1.01317130e-02, 3.95136811e-02, 2.93819662e-02,
          3.44478227e-02, 1.31712267e-02, 2.73556244e-02, 6.07902780e-02,
          1.82370823e-02, 1.41843976e-02, 1.82370823e-02, 5.57244197e-02,
          7.59878457e-02, 2.83687953e-02, 2.53292825e-02, 5.57244197e-02,
          7.49746710e-02, 1.31712267e-02, 7.49746710e-02, 2.83687953e-02,
          2.83687953e-02 ]
      - [ 3.89863551e-02, 5.91293052e-02, 3.31384018e-02, 6.62768036e-02,
          2.46913582e-02, 7.73229375e-02, 3.89863551e-02, 4.15854454e-02,
          2.40415856e-02, 3.18388566e-02, 4.87329438e-02, 2.98895389e-02,
          3.89863551e-02, 2.98895389e-02, 5.19818068e-02, 4.54840809e-02,
          2.14424953e-02, 2.92397663e-02, 4.09356728e-02, 1.81936324e-02,
          3.37881744e-02, 2.66406760e-02, 4.22352180e-02, 3.24886292e-02,
          7.40740746e-02 ]
      - [ 4.91803288e-02, 5.90163916e-02, 3.60655747e-02, 1.96721312e-02,
          4.91803288e-02, 1.63934417e-02, 3.93442623e-02, 6.88524619e-02,
          3.60655747e-02, 4.59016412e-02, 3.27868834e-02, 1.63934417e-02,
          4.59016412e-02, 2.29508206e-02, 2.29508206e-02, 5.24590164e-02,
          4.91803288e-02, 5.24590164e-02, 6.55737668e-02, 3.93442623e-02,
          3.93442623e-02, 3.93442623e-02, 1.63934417e-02, 4.91803288e-02,
          3.60655747e-02 ]
      - [ 9.10746772e-03, 2.00364292e-02, 2.91438978e-02, 2.36794166e-02,
          3.27868834e-02, 4.00728583e-02, 4.55373414e-02, 1.09289616e-01,
          3.09653915e-02, 4.18943539e-02, 6.55737668e-02, 6.55737668e-02,
          2.36794166e-02, 2.18579229e-02, 1.82149354e-02, 3.46083790e-02,
          1.63934417e-02, 2.73224041e-02, 1.02003641e-01, 2.00364292e-02,
          2.73224041e-02, 5.46448082e-02, 4.18943539e-02, 2.18579229e-02,
          7.65027329e-02 ]
      - [ 3.00429184e-02, 3.14735360e-02, 5.43633774e-02, 3.57653797e-02,
          4.57796864e-02, 3.29041481e-02, 4.86409180e-02, 4.29184549e-02,
          3.14735360e-02, 2.86123045e-02, 3.29041481e-02, 3.00429184e-02,
          1.85979977e-02, 4.14878391e-02, 3.43347639e-02, 5.29327616e-02,
          5.72246090e-02, 5.15021458e-02, 4.14878391e-02, 5.72246090e-02,
          4.72103022e-02, 2.57510729e-02, 5.57939932e-02, 4.00572270e-02,
          3.14735360e-02 ]
      - [ 3.98936160e-02, 3.72340418e-02, 4.52127643e-02, 2.92553175e-02,
          3.98936160e-02, 5.58510609e-02, 4.52127643e-02, 7.18085095e-02,
          5.05319126e-02, 3.72340418e-02, 4.52127643e-02, 2.12765951e-02,
          5.85106350e-02, 3.72340418e-02, 1.59574468e-02, 4.25531901e-02,
          3.45744677e-02, 3.72340418e-02, 7.97872320e-02, 1.59574468e-02,
          3.19148935e-02, 5.05319126e-02, 1.32978717e-02, 3.45744677e-02,
          2.92553175e-02 ]
      - [ 3.04182507e-02, 3.80228125e-02, 3.04182507e-02, 4.94296588e-02,
          4.56273779e-02, 1.14068445e-02, 5.70342205e-02, 7.60456249e-02,
          4.18250933e-02, 4.56273779e-02, 4.56273779e-02, 4.56273779e-02,
          3.80228134e-03, 1.52091254e-02, 1.90114062e-02, 4.18250933e-02,
          1.52091254e-02, 1.90114062e-02, 7.22433478e-02, 5.32319397e-02,
          4.94296588e-02, 4.94296588e-02, 5.70342205e-02, 3.80228125e-02,
          4.94296588e-02 ]
      - [ 7.00808614e-02, 3.77358496e-02, 3.23450118e-02, 5.39083555e-02,
          2.15633418e-02, 4.04312648e-02, 3.77358496e-02, 5.12129366e-02,
          2.42587589e-02, 8.08625296e-02, 4.85175177e-02, 2.69541778e-02,
          3.77358496e-02, 3.23450118e-02, 3.23450118e-02, 5.39083555e-02,
          3.77358496e-02, 2.42587589e-02, 5.12129366e-02, 2.42587589e-02,
          3.23450118e-02, 2.15633418e-02, 4.04312648e-02, 4.04312648e-02,
          4.58221026e-02 ]
      - [ 6.10119067e-02, 3.19940485e-02, 3.79464291e-02, 3.57142873e-02,
          2.82738097e-02, 4.38988097e-02, 6.77083358e-02, 3.42261903e-02,
          3.94345261e-02, 3.79464291e-02, 5.58035709e-02, 3.94345261e-02,
          2.90178582e-02, 1.56250000e-02, 2.97619049e-02, 5.50595261e-02,
          4.01785709e-02, 2.67857146e-02, 3.42261903e-02, 2.90178582e-02,
          4.83630970e-02, 5.80357164e-02, 5.28273806e-02, 2.67857146e-02,
          4.09226194e-02 ]
      - [ 7.34463260e-02, 2.82485876e-02, 2.25988701e-02, 5.64971752e-02,
          2.82485876e-02, 6.21468946e-02, 5.08474559e-02, 6.21468946e-02,
          3.38983051e-02, 3.38983051e-02, 7.90960491e-02, 3.38983051e-02,
          3.95480245e-02, 1.12994350e-02, 5.08474559e-02, 2.82485876e-02,
          3.95480245e-02, 2.82485876e-02, 2.82485876e-02, 1.12994350e-02,
          2.82485876e-02, 2.25988701e-02, 5.64971752e-02, 4.51977402e-02,
          4.51977402e-02 ]
      - [ 4.18502167e-02, 4.40528616e-02, 4.18502167e-02, 2.42290739e-02,
          5.50660789e-02, 3.30396444e-02, 4.40528616e-02, 4.62555066e-02,
          2.64317170e-02, 3.74449342e-02, 7.26872236e-02, 2.64317170e-02,
          2.64317170e-02, 1.10132154e-02, 6.82819337e-02, 3.30396444e-02,
          3.96475755e-02, 2.86343601e-02, 4.18502167e-02, 3.96475755e-02,
          3.30396444e-02, 5.50660789e-02, 4.62555066e-02, 3.52422893e-02,
          4.84581478e-02 ]
      - [ 5.12333959e-02, 3.41555960e-02, 4.93358634e-02, 4.55407947e-02,
          3.03605311e-02, 3.60531323e-02, 4.74383309e-02, 5.31309284e-02,
          3.22580636e-02, 4.93358634e-02, 1.89753324e-02, 3.79506648e-02,
          3.60531323e-02, 3.03605311e-02, 2.08728649e-02, 4.17457297e-02,
          4.36432622e-02, 5.12333959e-02, 4.74383309e-02, 4.36432622e-02,
          4.17457297e-02, 4.17457297e-02, 2.08728649e-02, 4.93358634e-02,
          4.55407947e-02 ]
      - [ 2.65151523e-02, 5.30303046e-02, 4.92424257e-02, 1.89393945e-02,
          3.78787890e-02, 1.51515156e-02, 5.68181835e-02, 5.68181835e-02,
          3.78787890e-02, 9.09090936e-02, 4.92424257e-02, 2.27272734e-02,
          2.27272734e-02, 1.13636367e-02, 1.89393945e-02, 5.30303046e-02,
          3.78787890e-02, 2.65151523e-02, 4.54545468e-02, 4.54545468e-02,
          3.78787890e-02, 4.54545468e-02, 3.78787890e-02, 3.40909101e-02,
          6.81818202e-02 ]
      - [ 1.24223605e-02, 4.65838537e-02, 3.10559012e-02, 1.04037270e-01,
          2.48447210e-02, 1.08695654e-02, 3.26086953e-02, 2.79503111e-02,
          2.95031071e-02, 1.70807466e-02, 8.69565234e-02, 6.98757768e-02,
          2.17391308e-02, 2.32919268e-02, 1.08695654e-02, 4.50310558e-02,
          3.10559012e-02, 1.55279506e-02, 2.63975151e-02, 5.27950302e-02,
          3.57142873e-02, 3.57142873e-02, 1.50621116e-01, 4.65838518e-03,
          5.27950302e-02 ]
      - [ 5.75923771e-02, 3.75288688e-02, 4.83545028e-02, 4.66224030e-02,
          2.48267893e-02, 8.79041553e-02, 2.58371830e-02, 3.06004621e-02,
          2.75692847e-02, 3.03117782e-02, 1.96304843e-02, 3.04561201e-02,
          5.39838336e-02, 5.71593530e-02, 5.80254048e-02, 3.29099298e-02,
          4.86431867e-02, 4.05600443e-02, 3.24769057e-02, 4.63337190e-02,
          5.57159334e-02, 1.53002311e-02, 3.10334880e-02, 3.94053124e-02,
          2.12182440e-02 ]
      - [ 6.71324432e-02, 2.21749712e-02, 4.46537063e-02, 3.21992710e-02,
          2.21749712e-02, 8.04981813e-02, 3.03766727e-02, 3.73633057e-02,
          2.27825046e-02, 2.61239372e-02, 3.21992710e-02, 3.21992710e-02,
          6.68286756e-02, 6.43985420e-02, 6.01458102e-02, 2.85540707e-02,
          4.92102094e-02, 3.06804385e-02, 4.22235727e-02, 4.34386395e-02,
          2.64277048e-02, 1.15431352e-02, 4.61725406e-02, 3.34143378e-02,
          4.70838398e-02 ]
      - [ 3.48360650e-02, 3.14207636e-02, 3.07377037e-02, 3.75683047e-02,
          2.86885239e-02, 4.91803251e-02, 4.03005444e-02, 3.34699452e-02,
          3.68852466e-02, 2.86885239e-02, 7.71857873e-02, 2.66393442e-02,
          3.89344245e-02, 5.80601059e-02, 3.14207636e-02, 4.57650274e-02,
          3.07377037e-02, 3.89344245e-02, 4.57650274e-02, 4.09836061e-02,
          2.66393442e-02, 3.75683047e-02, 6.76229522e-02, 3.41530032e-02,
          4.78142053e-02 ]
      - [ 6.09597936e-02, 2.98313871e-02, 4.28015552e-02, 3.37224379e-02,
          3.76134887e-02, 3.89105044e-02, 3.76134887e-02, 4.28015552e-02,
          3.24254222e-02, 2.85343714e-02, 1.81582365e-02, 4.66926061e-02,
          4.15045395e-02, 4.15045395e-02, 3.50194536e-02, 5.05836569e-02,
          4.40985747e-02, 5.57717234e-02, 5.31776920e-02, 3.50194536e-02,
          4.40985747e-02, 1.68612190e-02, 3.50194536e-02, 4.79896255e-02,
          4.92866412e-02 ]
      - [ 5.03330864e-02, 5.55144325e-02, 2.88675036e-02, 3.70096229e-02,
          2.22057719e-02, 1.85048115e-02, 5.18134683e-02, 3.25684659e-02,
          2.59067342e-02, 2.44263504e-02, 3.40488516e-02, 8.88230875e-02,
          1.55440411e-02, 3.47890444e-02, 2.29459647e-02, 5.32938540e-02,
          2.73871198e-02, 4.44115438e-02, 2.66469270e-02, 1.92450024e-02,
          4.29311618e-02, 2.36861575e-02, 1.19911171e-01, 3.40488516e-02,
          6.51369318e-02 ]
      - [ 3.32668684e-02, 3.01185846e-02, 6.82303160e-02, 3.39140147e-02,
          3.74645814e-02, 3.88813093e-02, 1.93444565e-02, 2.27026269e-02,
          3.91436666e-02, 2.01665089e-02, 1.01969419e-02, 1.98866613e-02,
          7.51565397e-02, 9.11778063e-02, 4.13299724e-02, 1.92395132e-02,
          6.68310747e-02, 4.96729277e-02, 2.59908345e-02, 8.75747725e-02,
          7.96515867e-02, 9.06006154e-03, 1.46745015e-02, 5.29261529e-02,
          1.33976983e-02 ]
      - [ 1.07913669e-02, 2.15827338e-02, 8.63309354e-02, 2.51798574e-02,
          4.31654677e-02, 3.23741026e-02, 4.67625894e-02, 3.95683460e-02,
          6.47482052e-02, 7.19424477e-03, 4.31654677e-02, 7.91366920e-02,
          3.59712238e-03, 3.59712238e-03, 2.51798574e-02, 4.31654677e-02,
          6.83453232e-02, 1.43884895e-02, 5.03597148e-02, 7.55395666e-02,
          7.19424486e-02, 3.59712243e-02, 8.27338174e-02, 1.79856122e-02,
          7.19424477e-03 ]
      - [ 3.06220092e-02, 3.58851664e-02, 3.77990417e-02, 5.93301430e-02,
          2.82296650e-02, 9.61722508e-02, 3.30143534e-02, 3.39712910e-02,
          2.15310995e-02, 5.59808612e-02, 4.59330156e-02, 5.16746417e-02,
          2.44019143e-02, 2.05741618e-02, 7.22488016e-02, 3.30143534e-02,
          3.73205729e-02, 3.39712910e-02, 4.35406677e-02, 2.29665078e-02,
          3.01435404e-02, 2.29665078e-02, 3.34928222e-02, 3.63636352e-02,
          5.88516742e-02 ]
      - [ 2.26190481e-02, 1.15476198e-01, 3.69047634e-02, 6.54761940e-02,
          1.54761914e-02, 1.54761914e-02, 5.11904769e-02, 3.33333351e-02,
          1.78571437e-02, 3.45238112e-02, 3.21428590e-02, 9.88095254e-02,
          1.42857153e-02, 8.33333377e-03, 1.78571437e-02, 5.35714291e-02,
          2.85714306e-02, 2.61904765e-02, 2.26190481e-02, 3.09523828e-02,
          5.23809530e-02, 2.38095243e-02, 1.39285713e-01, 2.38095243e-02,
          1.90476198e-02 ]
      - [ 2.21606642e-02, 3.87811624e-02, 4.98614945e-02, 4.29362878e-02,
          6.09418266e-02, 3.18559557e-02, 4.15512472e-02, 4.70914096e-02,
          4.84764539e-02, 2.21606642e-02, 2.90858708e-02, 4.43213284e-02,
          3.46260369e-02, 2.90858708e-02, 1.93905812e-02, 3.73961218e-02,
          5.54016605e-02, 3.32409963e-02, 5.40166199e-02, 5.12465350e-02,
          5.54016605e-02, 5.40166199e-02, 4.43213284e-02, 2.35457048e-02,
          2.90858708e-02 ]
      - [ 1.46520147e-02, 6.41025677e-02, 4.57875468e-02, 5.67765571e-02,
          3.29670347e-02, 4.02930416e-02, 1.83150191e-02, 1.83150191e-02,
          5.49450554e-02, 1.28205130e-02, 1.83150191e-02, 1.42857149e-01,
          1.64835174e-02, 1.64835174e-02, 5.31135537e-02, 2.01465208e-02,
          5.49450554e-02, 1.83150191e-02, 2.01465208e-02, 5.49450554e-02,
          6.41025677e-02, 1.83150191e-02, 1.08058609e-01, 1.83150191e-02,
          1.64835174e-02 ]
      - [ 2.84090918e-02, 2.84090918e-02, 6.81818202e-02, 5.68181835e-03,
          5.11363670e-02, 0., 5.68181835e-02, 3.97727266e-02,
          5.11363670e-02, 5.68181835e-03, 6.81818202e-02, 1.07954547e-01,
          5.68181835e-03, 5.68181835e-03, 1.70454551e-02, 2.84090918e-02,
          4.54545468e-02, 1.70454551e-02, 6.25000000e-02, 3.40909101e-02,
          1.19318187e-01, 3.97727266e-02, 7.38636404e-02, 2.84090918e-02,
          1.13636367e-02 ]
      - [ 3.35096978e-02, 2.82186940e-02, 3.17460299e-02, 2.64550261e-02,
          2.46913582e-02, 7.05467314e-02, 3.88007052e-02, 5.64373881e-02,
          2.64550261e-02, 3.17460299e-02, 4.40917090e-02, 3.70370373e-02,
          4.76190448e-02, 4.76190448e-02, 8.11287463e-02, 5.46737202e-02,
          3.70370373e-02, 4.40917090e-02, 3.70370373e-02, 2.11640205e-02,
          2.64550261e-02, 2.46913582e-02, 3.88007052e-02, 4.23280410e-02,
          4.76190448e-02 ]
      - [ 4.27046269e-02, 2.13523135e-02, 5.69395013e-02, 3.55871879e-02,
          2.84697507e-02, 7.11743766e-03, 6.40569404e-02, 6.76156580e-02,
          3.20284702e-02, 3.91459055e-02, 4.62633446e-02, 6.40569404e-02,
          2.13523135e-02, 7.11743766e-03, 3.55871883e-03, 4.98220623e-02,
          5.33807836e-02, 2.13523135e-02, 7.11743757e-02, 3.55871879e-02,
          4.62633446e-02, 2.84697507e-02, 9.96441245e-02, 2.13523135e-02,
          3.55871879e-02 ]
      - [ 4.69314083e-02, 2.88808662e-02, 4.51263525e-02, 3.42960283e-02,
          3.79061364e-02, 2.16606501e-02, 3.61010842e-02, 5.23465686e-02,
          2.88808662e-02, 2.52707582e-02, 5.41516244e-02, 6.67870045e-02,
          1.98555961e-02, 2.34657042e-02, 3.24909762e-02, 3.79061364e-02,
          4.15162444e-02, 3.24909762e-02, 4.15162444e-02, 4.15162444e-02,
          3.42960283e-02, 3.97111923e-02, 9.02527049e-02, 3.06859203e-02,
          5.59566766e-02 ]
      - [ 3.52941193e-02, 3.67647074e-02, 3.52941193e-02, 3.67647074e-02,
          3.08823530e-02, 8.08823556e-02, 3.97058837e-02, 4.55882363e-02,
          3.52941193e-02, 2.64705885e-02, 4.55882363e-02, 2.64705885e-02,
          3.23529430e-02, 2.20588241e-02, 8.08823556e-02, 4.11764719e-02,
          3.82352956e-02, 3.23529430e-02, 5.00000007e-02, 3.38235311e-02,
          3.38235311e-02, 3.38235311e-02, 2.05882359e-02, 4.55882363e-02,
          6.02941178e-02 ]
      - [ 6.13333322e-02, 5.06666675e-02, 3.19999978e-02, 2.66666673e-02,
          2.66666673e-02, 2.40000002e-02, 6.66666627e-02, 7.99999982e-02,
          3.73333320e-02, 5.59999980e-02, 3.19999978e-02, 5.59999980e-02,
          2.13333331e-02, 1.59999989e-02, 3.73333320e-02, 4.26666662e-02,
          3.99999991e-02, 1.33333337e-02, 5.06666675e-02, 2.66666673e-02,
          1.06666666e-02, 5.86666651e-02, 3.73333320e-02, 2.40000002e-02,
          7.19999969e-02 ]
      - [ 4.52554710e-02, 2.48175170e-02, 3.79562043e-02, 3.64963487e-02,
          3.79562043e-02, 7.44525492e-02, 4.67153266e-02, 3.79562043e-02,
          3.50364968e-02, 3.21167856e-02, 2.48175170e-02, 3.79562043e-02,
          3.94160561e-02, 3.21167856e-02, 8.46715271e-02, 4.81751822e-02,
          2.62773708e-02, 4.52554710e-02, 4.96350341e-02, 2.48175170e-02,
          3.21167856e-02, 3.64963487e-02, 1.16788317e-02, 3.35766412e-02,
          6.42335713e-02 ]
      - [ 1.75438598e-02, 1.62280709e-01, 3.07017546e-02, 9.21052620e-02,
          1.31578948e-02, 7.01754391e-02, 3.07017546e-02, 1.31578948e-02,
          1.31578948e-02, 0., 1.31578952e-01, 2.19298247e-02,
          1.31578948e-02, 1.31578948e-02, 3.07017546e-02, 3.07017546e-02,
          8.77192989e-03, 2.63157897e-02, 2.19298247e-02, 2.19298247e-02,
          0., 2.63157897e-02, 6.57894760e-02, 1.75438598e-02,
          1.27192989e-01 ]
      - [ 6.56455159e-02, 2.84463894e-02, 3.93873081e-02, 3.50109413e-02,
          3.06345746e-02, 3.93873081e-02, 4.81400453e-02, 3.06345746e-02,
          4.37636748e-02, 3.06345746e-02, 3.71991247e-02, 4.15754914e-02,
          2.40700226e-02, 3.28227580e-02, 5.03282286e-02, 3.71991247e-02,
          4.15754914e-02, 4.81400453e-02, 3.50109413e-02, 3.71991247e-02,
          4.15754914e-02, 1.96936540e-02, 5.90809621e-02, 3.71991247e-02,
          6.56455159e-02 ]
      - [ 4.03225794e-03, 4.43548374e-02, 2.82258056e-02, 5.24193533e-02,
          4.43548374e-02, 1.61290318e-02, 4.83870953e-02, 5.24193533e-02,
          3.62903215e-02, 2.82258056e-02, 4.83870953e-02, 8.87096748e-02,
          8.06451589e-03, 1.61290318e-02, 0., 2.82258056e-02,
          4.43548374e-02, 1.61290318e-02, 5.24193533e-02, 2.01612897e-02,
          3.22580636e-02, 1.00806445e-01, 1.00806445e-01, 8.06451589e-03,
          8.06451589e-02 ]
      - [ 5.25525548e-02, 3.90390381e-02, 5.40540554e-02, 4.80480492e-02,
          3.45345363e-02, 3.30330357e-02, 2.55255252e-02, 4.05405425e-02,
          2.10210215e-02, 1.80180185e-02, 4.80480492e-02, 4.80480492e-02,
          4.65465486e-02, 4.95495498e-02, 3.60360369e-02, 2.55255252e-02,
          6.00600615e-02, 3.45345363e-02, 3.45345363e-02, 3.75375375e-02,
          7.05705732e-02, 2.25225240e-02, 2.25225240e-02, 4.80480492e-02,
          4.95495498e-02 ]
      - [ 4.28015552e-02, 4.08560298e-02, 3.30739282e-02, 4.66926061e-02,
          4.08560298e-02, 4.66926061e-02, 4.08560298e-02, 5.25291823e-02,
          3.30739282e-02, 3.69649790e-02, 4.66926061e-02, 2.72373538e-02,
          2.52918284e-02, 2.72373538e-02, 2.72373538e-02, 4.86381315e-02,
          3.30739282e-02, 3.50194536e-02, 3.89105044e-02, 2.14007776e-02,
          4.66926061e-02, 5.83657585e-02, 3.69649790e-02, 3.69649790e-02,
          7.58754835e-02 ]
      - [ 6.95443675e-02, 1.91846527e-02, 3.11750602e-02, 2.39808150e-02,
          2.63788980e-02, 4.31654677e-02, 3.83693054e-02, 7.67386109e-02,
          4.79616299e-02, 4.31654677e-02, 4.79616299e-02, 3.83693054e-02,
          3.59712243e-02, 3.11750602e-02, 1.19904075e-02, 5.51558770e-02,
          2.15827338e-02, 2.39808150e-02, 9.11270976e-02, 2.39808150e-02,
          3.35731432e-02, 5.27577959e-02, 1.43884895e-02, 3.11750602e-02,
          6.71462864e-02 ]
      - [ 3.50318477e-02, 5.73248416e-02, 4.77707013e-02, 1.91082805e-02,
          4.77707013e-02, 3.82165611e-02, 4.14012745e-02, 4.45859879e-02,
          4.14012745e-02, 3.18471342e-02, 7.64331222e-02, 2.54777074e-02,
          1.27388537e-02, 2.22929940e-02, 3.50318477e-02, 3.18471342e-02,
          3.50318477e-02, 3.18471342e-02, 4.45859879e-02, 3.82165611e-02,
          3.18471342e-02, 3.18471342e-02, 1.01910830e-01, 1.59235671e-02,
          6.05095550e-02 ]
      - [ 2.71493234e-02, 3.16742100e-02, 2.48868782e-02, 5.20361997e-02,
          4.97737564e-02, 3.84615399e-02, 4.07239832e-02, 8.37104097e-02,
          2.48868782e-02, 6.56108633e-02, 4.29864265e-02, 1.58371050e-02,
          2.48868782e-02, 1.58371050e-02, 2.94117667e-02, 5.20361997e-02,
          2.26244349e-02, 2.03619916e-02, 6.78733066e-02, 2.71493234e-02,
          4.29864265e-02, 6.56108633e-02, 2.03619916e-02, 3.16742100e-02,
          8.14479664e-02 ]
      - [ 5.35714291e-02, 2.38095243e-02, 5.35714291e-02, 1.78571437e-02,
          2.97619049e-02, 4.76190485e-02, 9.52380970e-02, 5.35714291e-02,
          3.57142873e-02, 2.97619049e-02, 7.73809552e-02, 2.38095243e-02,
          2.38095243e-02, 4.16666679e-02, 2.38095243e-02, 8.33333358e-02,
          3.57142873e-02, 2.38095243e-02, 2.97619049e-02, 0.,
          4.16666679e-02, 2.97619049e-02, 5.35714291e-02, 2.97619049e-02,
          4.16666679e-02 ]
      - [ 3.14136147e-02, 5.49738221e-02, 2.09424086e-02, 2.09424086e-02,
          5.23560196e-02, 4.97382209e-02, 1.57068074e-02, 3.66492160e-02,
          1.04712043e-02, 4.97382209e-02, 6.54450282e-02, 3.14136147e-02,
          2.35602092e-02, 1.57068074e-02, 3.92670147e-02, 5.23560196e-02,
          3.66492160e-02, 3.40314135e-02, 6.54450282e-02, 3.14136147e-02,
          5.49738221e-02, 4.71204184e-02, 4.18848172e-02, 2.09424086e-02,
          9.68586430e-02 ]
      - [ 1.48883369e-02, 2.23325063e-02, 3.97022329e-02, 2.23325063e-02,
          4.96277921e-02, 4.21836227e-02, 3.22580636e-02, 3.97022329e-02,
          3.47394533e-02, 3.47394533e-02, 4.71464023e-02, 6.20347373e-02,
          1.73697267e-02, 2.97766738e-02, 3.97022329e-02, 3.22580636e-02,
          3.72208431e-02, 2.48138960e-02, 5.70719615e-02, 4.71464023e-02,
          4.46650125e-02, 3.97022329e-02, 3.47394533e-02, 4.46650125e-02,
          1.09181143e-01 ]
      - [ 2.34113708e-02, 5.68561852e-02, 4.18060198e-02, 1.30434781e-01,
          2.67558526e-02, 7.35785961e-02, 3.34448144e-02, 4.01337780e-02,
          1.83946490e-02, 5.01672253e-02, 6.85618743e-02, 2.34113708e-02,
          1.67224072e-02, 8.36120360e-03, 2.67558526e-02, 3.34448144e-02,
          4.34782617e-02, 2.67558526e-02, 4.51504998e-02, 2.00668890e-02,
          4.18060198e-02, 6.52173907e-02, 2.84280926e-02, 8.36120360e-03,
          4.84949835e-02 ]
      - [ 2.99684554e-02, 3.78548913e-02, 2.52365936e-02, 8.67507905e-02,
          2.05047317e-02, 1.08832806e-01, 2.36593056e-02, 2.99684554e-02,
          2.83911675e-02, 3.15457433e-02, 3.47003154e-02, 6.15141951e-02,
          2.05047317e-02, 4.73186141e-03, 8.99053663e-02, 1.73501577e-02,
          2.83911675e-02, 2.99684554e-02, 3.31230275e-02, 2.83911675e-02,
          1.57728717e-02, 3.15457433e-02, 7.88643584e-02, 2.68138815e-02,
          7.57097825e-02 ]
      - [ 2.11864412e-02, 3.81355919e-02, 6.14406765e-02, 4.87288125e-02,
          5.29661030e-02, 1.90677959e-02, 3.17796618e-02, 4.44915257e-02,
          5.93220331e-02, 2.11864412e-02, 5.72033897e-02, 4.02542390e-02,
          2.96610165e-02, 8.47457629e-03, 3.38983051e-02, 3.60169485e-02,
          5.72033897e-02, 1.27118640e-02, 3.17796618e-02, 6.56779632e-02,
          4.02542390e-02, 5.93220331e-02, 4.87288125e-02, 1.69491526e-02,
          6.35593235e-02 ]
      - [ 2.70270277e-02, 4.27927934e-02, 2.02702712e-02, 4.72972989e-02,
          4.72972989e-02, 8.33333358e-02, 2.92792805e-02, 2.92792805e-02,
          4.05405425e-02, 4.95495498e-02, 7.43243247e-02, 3.60360369e-02,
          2.70270277e-02, 1.80180185e-02, 4.72972989e-02, 2.92792805e-02,
          1.57657657e-02, 3.60360369e-02, 3.60360369e-02, 3.60360369e-02,
          2.92792805e-02, 3.60360369e-02, 4.72972989e-02, 2.70270277e-02,
          8.78378376e-02 ]
      - [ 3.09973042e-02, 6.46900237e-02, 3.63881402e-02, 5.39083555e-02,
          2.15633418e-02, 4.04312648e-02, 4.44743931e-02, 3.90835553e-02,
          3.36927213e-02, 3.36927213e-02, 7.27762803e-02, 5.12129366e-02,
          1.61725059e-02, 2.02156324e-02, 5.52560650e-02, 4.04312648e-02,
          3.63881402e-02, 3.90835553e-02, 4.44743931e-02, 1.21293794e-02,
          2.96495948e-02, 4.04312648e-02, 3.77358496e-02, 2.42587589e-02,
          8.08625296e-02 ]
      - [ 3.62499990e-02, 4.25000004e-02, 4.25000004e-02, 2.99999993e-02,
          3.24999988e-02, 3.12500000e-02, 3.99999991e-02, 4.37499993e-02,
          3.24999988e-02, 4.87499982e-02, 4.62500006e-02, 5.12499996e-02,
          3.37499976e-02, 4.87499982e-02, 3.12500000e-02, 3.24999988e-02,
          3.62499990e-02, 4.25000004e-02, 3.37499976e-02, 5.74999973e-02,
          5.12499996e-02, 2.24999990e-02, 4.12499979e-02, 3.12500000e-02,
          5.99999987e-02 ]
      - [ 2.43902430e-02, 4.06504050e-02, 3.65853645e-02, 4.47154455e-02,
          2.84552835e-02, 6.09756075e-02, 8.13008100e-02, 3.25203240e-02,
          2.43902430e-02, 9.34959352e-02, 5.28455265e-02, 1.21951215e-02,
          2.43902430e-02, 4.47154455e-02, 4.87804860e-02, 5.69105670e-02,
          2.84552835e-02, 3.65853645e-02, 4.47154455e-02, 2.84552835e-02,
          1.62601620e-02, 1.21951215e-02, 4.06504050e-02, 2.03252025e-02,
          6.50406480e-02 ]
      - [ 4.63917516e-02, 4.63917516e-02, 4.63917516e-02, 3.09278332e-02,
          2.83505153e-02, 5.67010306e-02, 4.89690714e-02, 4.89690714e-02,
          2.57731955e-02, 4.12371121e-02, 4.63917516e-02, 2.06185561e-02,
          3.60824727e-02, 7.21649453e-02, 3.35051529e-02, 5.41237108e-02,
          3.35051529e-02, 3.86597924e-02, 4.89690714e-02, 2.57731955e-02,
          4.63917516e-02, 2.31958758e-02, 1.03092780e-02, 4.63917516e-02,
          4.38144319e-02 ]
      - [ 5.08474596e-02, 4.35835384e-02, 4.60048430e-02, 4.11622301e-02,
          3.63196135e-02, 5.81113845e-02, 3.87409218e-02, 6.05326891e-02,
          4.11622301e-02, 5.81113845e-02, 2.17917692e-02, 4.84261513e-02,
          1.45278461e-02, 2.17917692e-02, 5.32687679e-02, 4.84261513e-02,
          3.14770006e-02, 2.17917692e-02, 4.35835384e-02, 2.66343839e-02,
          3.14770006e-02, 3.14770006e-02, 2.90556923e-02, 3.87409218e-02,
          6.29540011e-02 ]
      - [ 6.25000000e-02, 2.08333340e-02, 3.78787890e-02, 1.89393945e-02,
          5.30303046e-02, 4.92424257e-02, 6.25000000e-02, 8.52272734e-02,
          4.35606092e-02, 4.35606092e-02, 2.46212129e-02, 3.03030312e-02,
          2.27272734e-02, 4.73484844e-02, 1.70454551e-02, 7.19697028e-02,
          3.03030312e-02, 5.49242422e-02, 5.30303046e-02, 3.78787890e-02,
          2.84090918e-02, 1.51515156e-02, 2.08333340e-02, 3.97727266e-02,
          2.84090918e-02 ]
      - [ 7.08661377e-02, 3.14960629e-02, 2.36220472e-02, 2.75590550e-02,
          4.33070883e-02, 3.54330689e-02, 5.90551198e-02, 2.36220472e-02,
          2.36220472e-02, 9.84251946e-02, 3.14960629e-02, 1.57480314e-02,
          3.14960629e-02, 7.48031512e-02, 4.33070883e-02, 2.75590550e-02,
          2.75590550e-02, 3.14960629e-02, 2.75590550e-02, 1.96850393e-02,
          5.90551198e-02, 1.96850393e-02, 1.96850393e-02, 4.33070883e-02,
          9.05511826e-02 ]
      - [ 9.77198631e-02, 1.95439737e-02, 1.62866451e-02, 2.93159597e-02,
          2.93159597e-02, 4.23452742e-02, 4.88599315e-02, 7.81758949e-02,
          3.25732902e-02, 5.21172620e-02, 1.95439737e-02, 2.28013024e-02,
          3.25732902e-02, 8.46905485e-02, 2.93159597e-02, 6.84039071e-02,
          1.62866451e-02, 1.62866451e-02, 6.18892498e-02, 1.95439737e-02,
          1.62866451e-02, 1.95439737e-02, 3.25732902e-02, 3.90879475e-02,
          7.49185607e-02 ]
      - [ 7.92682916e-02, 1.52439019e-02, 2.74390243e-02, 3.96341458e-02,
          3.04878037e-02, 7.01219514e-02, 7.92682916e-02, 5.18292673e-02,
          3.04878037e-02, 3.65853645e-02, 4.57317047e-02, 1.82926822e-02,
          3.35365832e-02, 4.87804860e-02, 6.09756075e-02, 4.87804860e-02,
          3.65853645e-02, 4.26829234e-02, 3.65853645e-02, 1.82926822e-02,
          3.04878037e-02, 6.09756075e-03, 2.13414617e-02, 6.09756075e-02,
          3.04878037e-02 ]
      - [ 6.67976439e-02, 1.37524568e-02, 2.75049135e-02, 2.16110032e-02,
          3.92927304e-02, 5.69744632e-02, 5.69744632e-02, 5.50098270e-02,
          3.92927304e-02, 5.50098270e-02, 3.14341858e-02, 1.96463652e-02,
          3.92927304e-02, 5.50098270e-02, 4.91159149e-02, 6.09037355e-02,
          3.14341858e-02, 5.69744632e-02, 5.30451871e-02, 4.12573703e-02,
          2.55402755e-02, 1.96463652e-02, 1.17878197e-02, 4.51866426e-02,
          2.75049135e-02 ]
      - [ 6.50000051e-02, 1.66666675e-02, 3.99999991e-02, 1.33333337e-02,
          3.16666663e-02, 3.33333351e-02, 4.33333330e-02, 6.00000024e-02,
          4.16666679e-02, 4.33333330e-02, 3.83333340e-02, 1.66666675e-02,
          6.33333325e-02, 5.66666685e-02, 3.50000001e-02, 4.16666679e-02,
          3.66666690e-02, 4.66666669e-02, 5.83333336e-02, 5.33333346e-02,
          2.83333343e-02, 1.83333345e-02, 2.66666673e-02, 5.83333336e-02,
          3.33333351e-02 ]
      - [ 7.74818435e-02, 3.14770006e-02, 1.93704609e-02, 1.21065378e-02,
          4.60048430e-02, 4.35835384e-02, 4.11622301e-02, 7.50605389e-02,
          6.53753057e-02, 7.02179223e-02, 3.87409218e-02, 1.45278461e-02,
          2.17917692e-02, 5.08474596e-02, 3.14770006e-02, 4.60048430e-02,
          2.42130756e-02, 5.56900762e-02, 5.56900762e-02, 4.60048430e-02,
          2.66343839e-02, 2.66343839e-02, 1.69491526e-02, 3.38983051e-02,
          2.90556923e-02 ]
      - [ 6.58682659e-02, 1.79640725e-02, 2.79441122e-02, 1.79640725e-02,
          4.19161692e-02, 4.59081829e-02, 5.38922139e-02, 9.58083868e-02,
          4.19161692e-02, 7.18562901e-02, 2.19560880e-02, 2.39520967e-02,
          3.79241519e-02, 2.79441122e-02, 2.19560880e-02, 6.38722554e-02,
          4.59081829e-02, 4.59081829e-02, 6.18762486e-02, 3.59281451e-02,
          3.39321345e-02, 2.79441122e-02, 1.39720561e-02, 2.99401190e-02,
          2.59481035e-02 ]
      - [ 2.33463030e-02, 3.89105044e-02, 4.86381315e-02, 2.14007776e-02,
          3.50194536e-02, 2.14007776e-02, 5.25291823e-02, 5.25291823e-02,
          5.25291823e-02, 4.47470807e-02, 5.44747077e-02, 2.91828793e-02,
          2.52918284e-02, 3.50194536e-02, 2.72373538e-02, 4.28015552e-02,
          4.08560298e-02, 3.89105044e-02, 4.66926061e-02, 4.28015552e-02,
          4.08560298e-02, 4.08560298e-02, 4.28015552e-02, 3.89105044e-02,
          6.22568093e-02 ]
      - [ 4.47761193e-02, 2.13219617e-02, 2.34541576e-02, 2.13219617e-02,
          4.26439233e-02, 4.26439233e-02, 4.26439233e-02, 4.05117273e-02,
          4.05117273e-02, 4.69083153e-02, 5.33049069e-02, 3.62473354e-02,
          3.19829434e-02, 2.98507474e-02, 6.18336909e-02, 4.26439233e-02,
          3.83795314e-02, 2.77185515e-02, 5.75692989e-02, 2.34541576e-02,
          2.98507474e-02, 5.97014949e-02, 3.41151394e-02, 3.19829434e-02,
          7.46268705e-02 ]
      - [ 5.14403284e-02, 5.14403284e-02, 3.90946493e-02, 4.11522612e-02,
          2.46913582e-02, 4.52674888e-02, 4.93827164e-02, 5.34979403e-02,
          4.73251007e-02, 3.90946493e-02, 4.93827164e-02, 2.46913582e-02,
          3.70370373e-02, 3.90946493e-02, 6.58436194e-02, 5.14403284e-02,
          2.05761306e-02, 3.70370373e-02, 5.76131679e-02, 2.88065840e-02,
          2.67489702e-02, 2.26337444e-02, 3.70370373e-02, 2.88065840e-02,
          3.08641959e-02 ]
      - [ 9.69696939e-02, 5.15151508e-02, 4.54545431e-02, 1.81818176e-02,
          3.33333313e-02, 5.45454547e-02, 4.24242392e-02, 5.45454547e-02,
          2.42424235e-02, 4.24242392e-02, 2.42424235e-02, 2.12121196e-02,
          2.42424235e-02, 8.78787860e-02, 2.12121196e-02, 4.24242392e-02,
          4.54545431e-02, 2.42424235e-02, 3.63636352e-02, 8.48484784e-02,
          2.12121196e-02, 1.21212117e-02, 9.09090880e-03, 3.33333313e-02,
          4.84848469e-02 ]
      - [ 3.75426598e-02, 2.73037534e-02, 2.73037534e-02, 4.43685986e-02,
          5.46075068e-02, 4.43685986e-02, 3.41296904e-02, 5.80204763e-02,
          4.43685986e-02, 5.80204763e-02, 3.41296904e-02, 3.41296918e-03,
          4.77815680e-02, 4.09556292e-02, 6.82593808e-02, 4.09556292e-02,
          2.73037534e-02, 3.07167228e-02, 6.14334457e-02, 5.46075068e-02,
          3.41296918e-03, 2.38907840e-02, 6.82593836e-03, 3.75426598e-02,
          8.87371972e-02 ]
      - [ 7.19794333e-02, 1.02827763e-02, 3.59897166e-02, 1.79948583e-02,
          4.11311053e-02, 7.96915144e-02, 4.62724939e-02, 5.39845750e-02,
          2.31362469e-02, 3.59897166e-02, 2.57069413e-02, 2.05655526e-02,
          3.85604128e-02, 5.91259636e-02, 3.85604128e-02, 3.59897166e-02,
          2.31362469e-02, 6.16966560e-02, 7.19794333e-02, 4.62724939e-02,
          1.28534706e-02, 3.85604128e-02, 1.79948583e-02, 4.88431863e-02,
          4.37017977e-02 ]
      - [ 5.00927642e-02, 2.41187382e-02, 4.08163257e-02, 2.04081628e-02,
          3.71057503e-02, 5.00927642e-02, 6.12244904e-02, 5.19480519e-02,
          3.71057503e-02, 3.89610380e-02, 1.85528751e-02, 2.78293137e-02,
          5.19480519e-02, 8.16326514e-02, 4.26716134e-02, 4.82374765e-02,
          4.26716134e-02, 3.15398872e-02, 5.75139150e-02, 4.08163257e-02,
          2.59740259e-02, 4.08163257e-02, 7.42115034e-03, 5.19480519e-02,
          1.85528751e-02 ]
      - [ 5.52147217e-02, 1.22699384e-02, 4.49897721e-02, 1.22699384e-02,
          5.31697348e-02, 6.33946806e-02, 6.95296526e-02, 4.08997945e-02,
          3.88548039e-02, 5.11247441e-02, 2.24948861e-02, 1.84049085e-02,
          5.52147217e-02, 5.11247441e-02, 3.68098170e-02, 7.15746433e-02,
          3.27198356e-02, 3.68098170e-02, 4.49897721e-02, 3.68098170e-02,
          3.27198356e-02, 1.63599178e-02, 1.02249486e-02, 4.70347628e-02,
          4.49897721e-02 ]
      - [ 4.08163257e-02, 6.63265288e-02, 1.53061226e-02, 3.57142836e-02,
          2.55102031e-02, 3.06122452e-02, 4.08163257e-02, 2.04081628e-02,
          4.59183678e-02, 3.57142836e-02, 9.69387740e-02, 5.61224483e-02,
          0., 4.08163257e-02, 3.06122452e-02, 2.55102031e-02,
          1.02040814e-02, 2.04081628e-02, 5.10204062e-02, 2.55102031e-02,
          3.06122452e-02, 3.06122452e-02, 6.63265288e-02, 1.53061226e-02,
          1.42857134e-01 ]
      - [ 4.68750000e-02, 1.04166670e-02, 3.38541679e-02, 7.81250000e-03,
          3.38541679e-02, 4.42708358e-02, 4.94791679e-02, 6.51041716e-02,
          3.38541679e-02, 4.94791679e-02, 4.94791679e-02, 3.38541679e-02,
          6.25000000e-02, 5.98958358e-02, 1.56250000e-02, 4.16666679e-02,
          2.60416679e-02, 3.90625000e-02, 7.03125000e-02, 2.34375000e-02,
          3.90625000e-02, 2.86458340e-02, 4.42708358e-02, 4.16666679e-02,
          4.94791679e-02 ]
      - [ 4.36507948e-02, 2.77777798e-02, 2.38095261e-02, 1.58730168e-02,
          3.17460336e-02, 1.62698418e-01, 2.38095261e-02, 2.38095261e-02,
          3.17460336e-02, 5.95238134e-02, 4.76190522e-02, 0.,
          2.77777798e-02, 6.74603209e-02, 1.34920642e-01, 4.76190522e-02,
          1.58730168e-02, 3.17460336e-02, 1.98412705e-02, 3.96825420e-03,
          2.77777798e-02, 3.96825420e-03, 1.58730168e-02, 4.36507948e-02,
          6.74603209e-02 ]
      - [ 3.60721461e-02, 4.80961949e-02, 2.80561130e-02, 3.80761512e-02,
          2.40480974e-02, 5.61122261e-02, 3.60721461e-02, 4.00801599e-02,
          3.80761512e-02, 8.01603198e-02, 4.40881774e-02, 1.20240487e-02,
          3.40681374e-02, 5.01001999e-02, 4.40881774e-02, 4.40881774e-02,
          5.41082174e-02, 2.80561130e-02, 3.80761512e-02, 4.80961949e-02,
          3.40681374e-02, 2.40480974e-02, 6.01202436e-03, 4.20841686e-02,
          7.21442923e-02 ]
      - [ 5.08166961e-02, 1.27041740e-02, 4.53720503e-02, 3.62976417e-02,
          2.35934667e-02, 5.44464625e-02, 5.80762252e-02, 3.81125212e-02,
          2.90381126e-02, 3.99274044e-02, 6.17059879e-02, 2.90381126e-02,
          5.44464625e-02, 6.71506375e-02, 2.72232313e-02, 4.17422876e-02,
          3.81125212e-02, 2.17785835e-02, 4.53720503e-02, 5.80762252e-02,
          3.99274044e-02, 3.44827585e-02, 2.72232313e-02, 2.35934667e-02,
          4.17422876e-02 ]
      - [ 6.08108118e-02, 2.70270277e-02, 3.37837860e-02, 6.75675720e-02,
          2.02702712e-02, 5.40540554e-02, 4.05405425e-02, 5.40540554e-02,
          2.70270277e-02, 2.02702712e-02, 6.75675720e-02, 3.37837860e-02,
          2.70270277e-02, 9.45945978e-02, 2.70270277e-02, 5.40540554e-02,
          6.75675692e-03, 2.02702712e-02, 2.02702712e-02, 6.75675692e-03,
          2.70270277e-02, 2.02702712e-02, 4.72972989e-02, 2.70270277e-02,
          1.14864871e-01 ]
      - [ 5.88235296e-02, 2.81329919e-02, 3.83631699e-02, 2.55754478e-02,
          3.83631699e-02, 7.92838857e-02, 4.60358039e-02, 6.39386177e-02,
          3.06905359e-02, 5.37084378e-02, 3.06905359e-02, 1.53452680e-02,
          3.58056277e-02, 2.55754478e-02, 5.62659837e-02, 4.85933498e-02,
          1.53452680e-02, 4.60358039e-02, 5.37084378e-02, 2.04603579e-02,
          1.79028139e-02, 4.09207158e-02, 1.53452680e-02, 7.16112554e-02,
          4.34782617e-02 ]
      - [ 3.65448482e-02, 3.65448482e-02, 4.31893691e-02, 1.99335553e-02,
          3.65448482e-02, 7.97342211e-02, 3.98671106e-02, 7.97342211e-02,
          3.98671106e-02, 6.64451793e-02, 4.31893691e-02, 3.98671106e-02,
          1.99335553e-02, 3.98671106e-02, 3.32225896e-02, 4.31893691e-02,
          1.99335553e-02, 4.65116277e-02, 5.98006621e-02, 2.65780725e-02,
          2.32558139e-02, 2.99003311e-02, 1.66112948e-02, 4.31893691e-02,
          3.65448482e-02 ]
      - [ 6.84596598e-02, 1.46699268e-02, 3.66748199e-02, 2.20048912e-02,
          3.66748199e-02, 3.66748199e-02, 8.06846023e-02, 3.42298299e-02,
          2.44498793e-02, 7.09046498e-02, 3.66748199e-02, 3.17848437e-02,
          5.37897348e-02, 8.55745748e-02, 2.93398537e-02, 6.84596598e-02,
          2.20048912e-02, 4.15647924e-02, 2.93398537e-02, 2.20048912e-02,
          2.68948674e-02, 1.95599031e-02, 2.68948674e-02, 3.66748199e-02,
          4.40097824e-02 ]
      - [ 4.77178432e-02, 3.73443998e-02, 5.80912903e-02, 3.11203338e-02,
          3.94190885e-02, 5.39419129e-02, 4.97925356e-02, 4.56431545e-02,
          4.56431545e-02, 3.73443998e-02, 2.69709565e-02, 1.65975112e-02,
          3.73443998e-02, 3.11203338e-02, 2.90456451e-02, 4.14937772e-02,
          4.56431545e-02, 3.52697112e-02, 6.22406676e-02, 4.97925356e-02,
          3.52697112e-02, 3.73443998e-02, 2.69709565e-02, 4.56431545e-02,
          3.31950225e-02 ]
      - [ 5.20325191e-02, 2.43902430e-02, 3.57723571e-02, 2.92682927e-02,
          4.87804860e-02, 4.22764234e-02, 4.87804860e-02, 5.36585338e-02,
          4.06504050e-02, 2.60162596e-02, 5.04065044e-02, 3.41463424e-02,
          4.06504050e-02, 3.41463424e-02, 2.76422761e-02, 4.55284528e-02,
          4.87804860e-02, 2.76422761e-02, 5.04065044e-02, 5.20325191e-02,
          3.73983718e-02, 3.73983718e-02, 3.90243903e-02, 3.25203240e-02,
          4.06504050e-02 ]
      - [ 4.45151031e-02, 2.86168531e-02, 6.51828274e-02, 3.17965038e-02,
          6.20031804e-02, 3.33863273e-02, 3.81558016e-02, 5.24642281e-02,
          5.24642281e-02, 5.24642281e-02, 2.54372023e-02, 7.15421289e-02,
          2.86168531e-02, 2.38473769e-02, 1.90779008e-02, 4.61049303e-02,
          5.24642281e-02, 3.49761546e-02, 4.29252796e-02, 2.22575516e-02,
          5.40540554e-02, 2.70270277e-02, 4.76947539e-02, 1.90779008e-02,
          2.38473769e-02 ]
      - [ 3.91304344e-02, 5.86956479e-02, 4.99999970e-02, 5.21739125e-02,
          3.04347817e-02, 4.56521735e-02, 7.17391297e-02, 4.34782580e-02,
          3.26086953e-02, 6.30434752e-02, 2.39130426e-02, 7.39130378e-02,
          3.47826071e-02, 2.82608680e-02, 1.30434781e-02, 5.86956479e-02,
          3.91304344e-02, 2.60869563e-02, 4.78260852e-02, 1.95652172e-02,
          2.82608680e-02, 3.91304344e-02, 2.39130426e-02, 3.26086953e-02,
          2.39130426e-02 ]
      - [ 3.78548913e-02, 1.41955838e-02, 4.57413271e-02, 1.73501577e-02,
          8.35962147e-02, 3.47003154e-02, 4.73186113e-02, 4.57413271e-02,
          6.30914867e-02, 3.62776034e-02, 1.41955838e-02, 1.41955838e-02,
          4.10094634e-02, 4.57413271e-02, 1.57728717e-02, 5.83596230e-02,
          6.78233430e-02, 3.15457433e-02, 3.94321792e-02, 7.57097825e-02,
          3.94321792e-02, 4.88958992e-02, 1.57728717e-02, 4.10094634e-02,
          2.52365936e-02 ]
      - [ 3.54609936e-02, 4.96453904e-02, 4.01891246e-02, 1.41843967e-02,
          4.72813249e-02, 5.20094559e-02, 6.38297871e-02, 6.85579181e-02,
          1.41843967e-02, 5.20094559e-02, 3.54609936e-02, 4.01891246e-02,
          4.01891246e-02, 2.36406624e-02, 4.01891246e-02, 6.38297871e-02,
          4.49172594e-02, 2.60047279e-02, 4.25531901e-02, 3.54609936e-02,
          3.78250591e-02, 3.30969281e-02, 2.83687934e-02, 4.25531901e-02,
          2.83687934e-02 ]
   decision_functions:
      -
         sv_count: 186
         rho: -1.7391709667490953e+00
         alpha: [ 2.5000000000000000e+00, 2.5000000000000000e+00,
             2.5000000000000000e+00, 1.7433938842059167e+00,
             2.5000000000000000e+00, 1.9319527546565907e+00,
             2.5000000000000000e+00, 2.1102512462611567e+00,
             2.5000000000000000e+00, 2.5000000000000000e+00,
             2.5000000000000000e+00, 2.5000000000000000e+00,
             2.5000000000000000e+00, 2.5000000000000000e+00,
             2.5000000000000000e+00, 2.5000000000000000e+00,
             2.5000000000000000e+00, 2.5000000000000000e+00,
             1.5368160597878384e+00, 2.5000000000000000e+00,
             2.5000000000000000e+00, 2.5000000000000000e+00,
             2.5000000000000000e+00, 2.5000000000000000e+00,
             2.5000000000000000e+00, 2.5000000000000000e+00,
             2.5000000000000000e+00, 2.5000000000000000e+00,
             2.5000000000000000e+00, 2.5000000000000000e+00,
             2.5000000000000000e+00, 2.5000000000000000e+00,
             2.5000000000000000e+00, 2.5000000000000000e+00,
             2.5000000000000000e+00, 2.5000000000000000e+00,
             2.5000000000000000e+00, 2.5000000000000000e+00,
             2.5000000000000000e+00, 2.5000000000000000e+00,
             2.5000000000000000e+00, 2.4021513861116430e+00,
             7.5660611579408332e-01, 2.5000000000000000e+00,
             2.5000000000000000e+00, 2.5000000000000000e+00,
             1.5732631184534207e+00, 2.5000000000000000e+00,
             9.6318394021216158e-01, 2.5000000000000000e+00,
             2.5000000000000000e+00, 2.5000000000000000e+00,
             2.5000000000000000e+00, 2.5000000000000000e+00,
             2.2437876788927689e+00, 2.5000000000000000e+00,
             2.5000000000000000e+00, 2.5000000000000000e+00,
             2.5000000000000000e+00, 2.5000000000000000e+00,
             3.8974875373884332e-01, 9.5581929771173058e-01,
             9.0361573526313355e-01, 2.4101808085441370e+00,
             1.4846531169348152e+00, 2.5000000000000000e+00,
             2.1644315100802758e+00, 7.6022289960420242e-01,
             2.5000000000000000e+00, 9.2673688154657929e-01,
             2.5000000000000000e+00, 2.5000000000000000e+00,
             2.5000000000000000e+00, 2.5000000000000000e+00,
             1.7415352668830408e-01, 2.5000000000000000e+00,
             8.9819191455863034e-02, 2.5000000000000000e+00,
             2.5000000000000000e+00, 2.5000000000000000e+00,
             2.5000000000000000e+00, 2.5000000000000000e+00,
             2.5000000000000000e+00, 1.5441807022882694e+00,
             2.5000000000000000e+00, 2.5000000000000000e+00,
             2.5000000000000000e+00, 2.5000000000000000e+00,
             2.5000000000000000e+00, 2.5000000000000000e+00,
             2.5000000000000000e+00, 8.2058794418927050e-02,
             2.5000000000000000e+00, 2.5000000000000000e+00,
             2.5000000000000000e+00, 2.5000000000000000e+00,
             2.5000000000000000e+00, 1.7397771003957976e+00,
             -2.5000000000000000e+00, -2.5000000000000000e+00,
             -2.5000000000000000e+00, -2.5000000000000000e+00,
             -2.5000000000000000e+00, -2.5000000000000000e+00,
             -2.5000000000000000e+00, -1.4846531169348152e+00,
             -2.5000000000000000e+00, -2.5000000000000000e+00,
             -2.5000000000000000e+00, -2.5000000000000000e+00,
             -2.5000000000000000e+00, -2.5000000000000000e+00,
             -2.5000000000000000e+00, -2.5000000000000000e+00,
             -2.5000000000000000e+00, -2.5000000000000000e+00,
             -2.5000000000000000e+00, -2.5000000000000000e+00,
             -2.5000000000000000e+00, -2.5000000000000000e+00,
             -2.5000000000000000e+00, -2.5000000000000000e+00,
             -2.5000000000000000e+00, -2.5000000000000000e+00,
             -2.5000000000000000e+00, -2.5000000000000000e+00,
             -2.5000000000000000e+00, -2.5000000000000000e+00,
             -2.5000000000000000e+00, -2.5000000000000000e+00,
             -2.4021513861116430e+00, -2.5000000000000000e+00,
             -2.5000000000000000e+00, -2.5000000000000000e+00,
             -2.5000000000000000e+00, -2.5000000000000000e+00,
             -2.5000000000000000e+00, -2.5000000000000000e+00,
             -2.5000000000000000e+00, -2.5000000000000000e+00,
             -2.5000000000000000e+00, -2.5000000000000000e+00,
             -2.5000000000000000e+00, -2.5000000000000000e+00,
             -2.5000000000000000e+00, -2.5000000000000000e+00,
             -2.5000000000000000e+00, -2.5000000000000000e+00,
             -2.5000000000000000e+00, -2.5000000000000000e+00,
             -2.5000000000000000e+00, -2.5000000000000000e+00,
             -2.5000000000000000e+00, -2.5000000000000000e+00,
             -2.5000000000000000e+00, -2.5000000000000000e+00,
             -2.5000000000000000e+00, -2.5000000000000000e+00,
             -2.5000000000000000e+00, -2.5000000000000000e+00,
             -2.5000000000000000e+00, -2.5000000000000000e+00,
             -2.5000000000000000e+00, -2.5000000000000000e+00,
             -2.5000000000000000e+00, -2.5000000000000000e+00,
             -2.5000000000000000e+00, -2.5000000000000000e+00,
             -2.5000000000000000e+00, -2.5000000000000000e+00,
             -2.5000000000000000e+00, -2.5000000000000000e+00,
             -2.5000000000000000e+00, -2.5000000000000000e+00,
             -2.5000000000000000e+00, -2.5000000000000000e+00,
             -2.5000000000000000e+00, -2.5000000000000000e+00,
             -2.5000000000000000e+00, -2.5000000000000000e+00,
             -2.5000000000000000e+00, -2.5000000000000000e+00,
             -2.5000000000000000e+00, -2.5000000000000000e+00,
             -2.5000000000000000e+00, -2.5000000000000000e+00 ]
         index: [ 0, 1, 2, 3, 4, 5, 6, 7, 8, 9, 10, 11, 12, 13, 14, 15,
             16, 17, 18, 19, 20, 21, 22, 23, 24, 25, 26, 27, 159, 160,
             161, 162, 163, 164, 165, 166, 167, 168, 169, 170, 171, 172,
             173, 174, 175, 176, 177, 178, 179, 180, 181, 182, 183, 184,
             185, 116, 117, 118, 119, 120, 121, 122, 123, 124, 125, 126,
             127, 128, 129, 130, 131, 132, 133, 134, 135, 136, 137, 138,
             139, 140, 141, 142, 143, 144, 145, 146, 147, 148, 149, 150,
             151, 152, 153, 154, 155, 156, 157, 158, 28, 29, 30, 31, 32,
             33, 34, 35, 36, 37, 38, 39, 40, 41, 42, 43, 44, 45, 46, 47,
             48, 49, 50, 51, 52, 53, 54, 55, 56, 57, 58, 59, 60, 61, 62,
             63, 64, 65, 66, 67, 68, 69, 70, 71, 72, 73, 74, 75, 76, 77,
             78, 79, 80, 81, 82, 83, 84, 85, 86, 87, 88, 89, 90, 91, 92,
             93, 94, 95, 96, 97, 98, 99, 100, 101, 102, 103, 104, 105,
             106, 107, 108, 109, 110, 111, 112, 113, 114, 115 ]
