%YAML:1.0
---
opencv_ml_svm:
   format: 3
   svmType: C_SVC
   kernel:
      type: RBF
      gamma: 5.0625000000000009e-01
   C: 6.2500000000000000e+01
   term_criteria: { iterations:100 }
   var_count: 25
   class_count: 2
   class_labels: !!opencv-matrix
      rows: 2
      cols: 1
      dt: i
      data: [ 0, 1 ]
   sv_total: 143
   support_vectors:
      - [ 2.72727273e-02, 1.81818176e-02, 4.54545431e-02, 5.90909086e-02,
          1.36363637e-02, 4.09090891e-02, 4.54545431e-02, 4.99999970e-02,
          1.36363637e-02, 5.90909086e-02, 3.63636352e-02, 4.54545431e-02,
          5.45454547e-02, 1.81818176e-02, 2.72727273e-02, 4.54545431e-02,
          5.45454547e-02, 3.18181813e-02, 4.54545431e-02, 4.54545431e-02,
          4.99999970e-02, 3.63636352e-02, 5.90909086e-02, 4.99999970e-02,
          2.72727273e-02 ]
      - [ 2.74509825e-02, 2.74509825e-02, 7.84313753e-02, 1.96078438e-02,
          4.70588282e-02, 1.56862754e-02, 3.52941193e-02, 8.23529437e-02,
          2.35294141e-02, 4.70588282e-02, 2.35294141e-02, 4.31372561e-02,
          1.56862754e-02, 7.84313772e-03, 1.17647070e-02, 7.05882385e-02,
          9.41176564e-02, 4.70588282e-02, 8.23529437e-02, 3.52941193e-02,
          3.92156877e-02, 5.49019650e-02, 2.35294141e-02, 2.35294141e-02,
          2.35294141e-02 ]
      - [ 4.24242392e-02, 4.84848469e-02, 6.66666627e-02, 4.84848469e-02,
          1.21212117e-02, 4.24242392e-02, 4.84848469e-02, 4.24242392e-02,
          3.03030293e-02, 9.09090862e-02, 4.84848469e-02, 4.24242392e-02,
          3.03030293e-02, 6.06060587e-02, 1.21212117e-02, 3.63636352e-02,
          3.63636352e-02, 1.81818176e-02, 3.63636352e-02, 3.03030293e-02,
          4.84848469e-02, 6.66666627e-02, 1.81818176e-02, 1.21212117e-02,
          3.03030293e-02 ]
      - [ 5.81395328e-02, 5.81395347e-03, 4.06976752e-02, 1.16279069e-02,
          3.48837227e-02, 1.16279069e-02, 7.55813941e-02, 5.23255803e-02,
          4.06976752e-02, 5.23255803e-02, 4.65116277e-02, 4.65116277e-02,
          5.81395347e-03, 2.90697664e-02, 0., 6.39534891e-02,
          4.06976752e-02, 2.32558139e-02, 6.97674453e-02, 5.81395328e-02,
          5.81395328e-02, 5.23255803e-02, 5.81395328e-02, 3.48837227e-02,
          2.90697664e-02 ]
      - [ 2.95566507e-02, 1.97044332e-02, 4.43349741e-02, 4.43349741e-02,
          2.95566507e-02, 3.94088663e-02, 3.94088663e-02, 6.40394092e-02,
          3.44827585e-02, 7.38916248e-02, 4.43349741e-02, 2.46305410e-02,
          1.47783253e-02, 2.46305410e-02, 2.46305410e-02, 5.91133013e-02,
          6.40394092e-02, 1.97044332e-02, 6.40394092e-02, 3.94088663e-02,
          5.41871898e-02, 6.89655170e-02, 9.85221658e-03, 2.95566507e-02,
          3.94088663e-02 ]
      - [ 4.65116277e-02, 5.98006621e-02, 2.65780725e-02, 5.31561449e-02,
          1.66112948e-02, 1.26245841e-01, 2.99003311e-02, 4.31893691e-02,
          3.32225896e-02, 4.31893691e-02, 2.32558139e-02, 6.64451811e-03,
          2.65780725e-02, 1.99335553e-02, 1.16279066e-01, 2.32558139e-02,
          4.65116277e-02, 5.64784035e-02, 3.32225896e-02, 2.65780725e-02,
          3.65448482e-02, 1.32890362e-02, 1.66112948e-02, 3.98671106e-02,
          3.65448482e-02 ]
      - [ 6.77200928e-02, 3.61173823e-02, 2.70880368e-02, 1.80586912e-02,
          3.16027105e-02, 1.12866819e-01, 1.80586912e-02, 5.64334095e-02,
          3.16027105e-02, 5.86907454e-02, 1.12866815e-02, 1.58013552e-02,
          5.64334095e-02, 5.19187376e-02, 4.28893901e-02, 2.93453727e-02,
          2.70880368e-02, 4.28893901e-02, 5.86907454e-02, 2.93453727e-02,
          3.16027105e-02, 6.77200919e-03, 2.48307008e-02, 4.51467261e-02,
          6.77200928e-02 ]
      - [ 1.18811876e-01, 1.98019799e-02, 2.97029689e-02, 6.43564314e-02,
          1.48514844e-02, 1.13861382e-01, 5.44554442e-02, 2.97029689e-02,
          4.95049497e-03, 3.46534662e-02, 9.90098994e-03, 0.,
          7.42574260e-02, 4.45544533e-02, 1.28712863e-01, 4.45544533e-02,
          2.47524753e-02, 3.96039598e-02, 3.96039598e-02, 1.98019799e-02,
          2.47524753e-02, 0., 4.95049497e-03, 4.95049506e-02,
          9.90098994e-03 ]
      - [ 4.16666679e-02, 2.08333340e-02, 6.25000000e-02, 4.86111119e-02,
          6.25000000e-02, 6.94444450e-03, 6.94444478e-02, 6.25000000e-02,
          3.47222239e-02, 2.08333340e-02, 3.47222239e-02, 2.77777780e-02,
          1.38888890e-02, 2.77777780e-02, 0., 6.94444478e-02,
          4.16666679e-02, 4.16666679e-02, 5.55555560e-02, 4.86111119e-02,
          4.86111119e-02, 4.16666679e-02, 3.47222239e-02, 3.47222239e-02,
          4.86111119e-02 ]
      - [ 7.85340294e-02, 5.23560215e-03, 3.14136147e-02, 4.71204184e-02,
          5.23560215e-03, 1.51832461e-01, 5.23560196e-02, 2.61780098e-02,
          2.61780098e-02, 3.14136147e-02, 5.23560215e-03, 5.23560215e-03,
          7.85340294e-02, 8.37696344e-02, 8.90052393e-02, 3.14136147e-02,
          2.09424086e-02, 4.18848172e-02, 6.28272295e-02, 1.57068074e-02,
          1.57068074e-02, 5.23560215e-03, 5.23560215e-03, 6.28272295e-02,
          2.09424086e-02 ]
      - [ 1.25714287e-01, 1.14285713e-02, 2.85714287e-02, 6.28571436e-02,
          1.71428565e-02, 1.59999996e-01, 3.99999991e-02, 2.85714287e-02,
          5.71428565e-03, 1.14285713e-02, 5.71428565e-03, 0.,
          7.42857158e-02, 7.99999982e-02, 1.25714287e-01, 2.85714287e-02,
          3.99999991e-02, 3.42857130e-02, 2.28571426e-02, 0.,
          1.14285713e-02, 1.14285713e-02, 5.71428565e-03, 5.14285713e-02,
          1.71428565e-02 ]
      - [ 6.85920566e-02, 2.88808662e-02, 6.13718405e-02, 1.44404331e-02,
          6.49819523e-02, 2.52707582e-02, 4.69314083e-02, 4.69314083e-02,
          2.52707582e-02, 5.41516244e-02, 3.61010842e-02, 1.80505421e-02,
          4.33213003e-02, 1.08303251e-02, 4.33213003e-02, 5.41516244e-02,
          5.41516244e-02, 5.05415164e-02, 5.41516244e-02, 2.88808662e-02,
          4.33213003e-02, 1.44404331e-02, 1.08303251e-02, 4.69314083e-02,
          5.41516244e-02 ]
      - [ 1.10526323e-01, 5.26315812e-03, 3.68421078e-02, 2.10526325e-02,
          2.63157897e-02, 8.94736871e-02, 3.15789506e-02, 4.21052650e-02,
          2.63157897e-02, 4.73684222e-02, 0., 1.05263162e-02,
          7.89473727e-02, 5.78947403e-02, 5.26315793e-02, 4.21052650e-02,
          2.10526325e-02, 6.31579012e-02, 5.78947403e-02, 2.63157897e-02,
          2.10526325e-02, 1.57894753e-02, 0., 6.31579012e-02,
          5.26315793e-02 ]
      - [ 4.61538471e-02, 1.02564106e-02, 5.64102568e-02, 1.02564106e-02,
          2.05128212e-02, 9.23076943e-02, 5.64102568e-02, 7.17948750e-02,
          3.07692327e-02, 5.12820520e-02, 2.56410260e-02, 3.07692327e-02,
          3.07692327e-02, 4.61538471e-02, 6.15384653e-02, 5.12820520e-02,
          4.10256423e-02, 2.05128212e-02, 4.10256423e-02, 3.07692327e-02,
          3.07692327e-02, 1.53846163e-02, 5.12820520e-02, 2.05128212e-02,
          5.64102568e-02 ]
      - [ 4.99999970e-02, 3.24999988e-02, 4.49999981e-02, 1.49999997e-02,
          2.49999985e-02, 6.25000000e-02, 4.99999970e-02, 3.99999991e-02,
          2.74999999e-02, 2.74999999e-02, 3.50000001e-02, 5.24999984e-02,
          3.99999991e-02, 5.74999973e-02, 5.49999997e-02, 4.25000004e-02,
          5.49999997e-02, 3.24999988e-02, 2.99999993e-02, 3.99999991e-02,
          2.74999999e-02, 1.75000001e-02, 2.49999985e-02, 6.25000000e-02,
          5.24999984e-02 ]
      - [ 7.09219873e-02, 2.12765951e-02, 2.83687934e-02, 2.83687934e-02,
          3.54609936e-02, 9.92907733e-02, 7.09219836e-03, 5.67375869e-02,
          4.25531901e-02, 7.09219836e-03, 0., 0., 1.20567374e-01,
          6.38297871e-02, 8.51063803e-02, 1.41843967e-02, 3.54609936e-02,
          8.51063803e-02, 8.51063803e-02, 7.09219836e-03, 1.41843967e-02,
          7.09219836e-03, 7.09219836e-03, 4.25531901e-02, 3.54609936e-02 ]
      - [ 1.17021270e-01, 5.31914877e-03, 3.19148935e-02, 3.72340418e-02,
          3.72340418e-02, 7.44680837e-02, 2.65957434e-02, 5.85106350e-02,
          3.72340418e-02, 3.19148935e-02, 0., 5.31914877e-03,
          1.22340418e-01, 5.31914867e-02, 6.38297871e-02, 1.59574468e-02,
          4.25531901e-02, 4.25531901e-02, 6.91489354e-02, 2.65957434e-02,
          1.06382975e-02, 1.06382975e-02, 5.31914877e-03, 3.72340418e-02,
          3.72340418e-02 ]
      - [ 6.17891178e-02, 2.42852755e-02, 4.42668311e-02, 1.96741465e-02,
          3.04334462e-02, 3.19704898e-02, 5.19520417e-02, 4.54964638e-02,
          3.32001224e-02, 4.18075621e-02, 3.93482931e-02, 3.22778970e-02,
          3.44297551e-02, 4.70335074e-02, 2.45926827e-02, 6.08668923e-02,
          4.18075621e-02, 4.18075621e-02, 5.28742671e-02, 4.48816456e-02,
          3.22778970e-02, 3.19704898e-02, 1.96741465e-02, 4.24223803e-02,
          6.88595101e-02 ]
      - [ 8.41698796e-02, 2.49034744e-02, 3.62934358e-02, 2.52895746e-02,
          3.35907340e-02, 4.13127393e-02, 4.03474905e-02, 5.03861010e-02,
          3.53281833e-02, 3.06949802e-02, 2.83783786e-02, 1.73745174e-02,
          6.19691126e-02, 8.05019289e-02, 3.76447886e-02, 4.30501923e-02,
          3.61003838e-02, 4.18918915e-02, 5.21235503e-02, 4.07335907e-02,
          2.87644789e-02, 2.27799229e-02, 3.45559828e-02, 4.36293446e-02,
          2.81853285e-02 ]
      - [ 2.75229346e-02, 9.17431153e-03, 3.66972461e-02, 3.66972461e-02,
          8.25688019e-02, 3.66972461e-02, 3.66972461e-02, 4.58715558e-02,
          4.58715558e-02, 7.33944923e-02, 2.75229346e-02, 7.33944923e-02,
          1.83486231e-02, 1.83486231e-02, 8.25688019e-02, 2.75229346e-02,
          7.33944923e-02, 9.17431153e-03, 4.58715558e-02, 5.50458692e-02,
          4.58715558e-02, 9.17431153e-03, 3.66972461e-02, 9.17431153e-03,
          3.66972461e-02 ]
      - [ 3.32103334e-02, 2.39852406e-02, 3.50553505e-02, 2.76752766e-02,
          3.32103334e-02, 5.71955740e-02, 4.05904055e-02, 5.16605154e-02,
          2.95202956e-02, 8.11808109e-02, 2.95202956e-02, 1.66051667e-02,
          5.35055362e-02, 3.50553505e-02, 4.79704812e-02, 4.42804433e-02,
          4.42804433e-02, 3.87453884e-02, 5.71955740e-02, 4.24354263e-02,
          3.13653126e-02, 2.21402217e-02, 9.22509283e-03, 4.24354263e-02,
          7.19557181e-02 ]
      - [ 5.45454547e-02, 2.24598944e-02, 3.10160443e-02, 2.13903747e-02,
          3.85026745e-02, 6.52406439e-02, 4.17112298e-02, 3.10160443e-02,
          3.95721942e-02, 3.85026745e-02, 4.59893048e-02, 3.20855603e-02,
          3.20855603e-02, 5.24064191e-02, 4.81283441e-02, 3.74331549e-02,
          4.06417102e-02, 5.77540100e-02, 2.78074872e-02, 3.10160443e-02,
          4.27807495e-02, 1.60427801e-02, 4.49197888e-02, 4.81283441e-02,
          5.88235296e-02 ]
      - [ 6.68286756e-02, 1.24544352e-02, 5.10328077e-02, 1.60996355e-02,
          4.07047421e-02, 2.24787369e-02, 5.71081415e-02, 5.86269759e-02,
          3.61482389e-02, 3.46294045e-02, 1.94410700e-02, 7.29040150e-03,
          4.98177409e-02, 7.92831108e-02, 1.54921031e-02, 5.74119091e-02,
          4.34386395e-02, 5.58930747e-02, 5.98420426e-02, 4.98177409e-02,
          2.67314706e-02, 4.73876074e-02, 4.86026751e-03, 6.22721761e-02,
          2.49088705e-02 ]
      - [ 2.45098043e-02, 3.92156877e-02, 4.41176482e-02, 5.14705889e-02,
          3.67647074e-02, 5.39215691e-02, 6.61764741e-02, 6.12745136e-02,
          2.94117667e-02, 6.37254938e-02, 2.69607846e-02, 5.88235334e-02,
          1.96078438e-02, 2.45098043e-02, 2.69607846e-02, 7.10784346e-02,
          3.18627469e-02, 2.94117667e-02, 5.88235334e-02, 4.90196086e-02,
          2.94117667e-02, 3.18627469e-02, 2.45098048e-03, 2.94117667e-02,
          3.92156877e-02 ]
      - [ 7.71276578e-02, 2.39361692e-02, 3.98936160e-02, 2.92553175e-02,
          7.44680837e-02, 4.25531901e-02, 7.44680837e-02, 3.45744677e-02,
          4.25531901e-02, 2.92553175e-02, 3.45744677e-02, 1.06382975e-02,
          4.25531901e-02, 4.78723384e-02, 5.05319126e-02, 3.98936160e-02,
          3.45744677e-02, 4.25531901e-02, 3.98936160e-02, 3.72340418e-02,
          3.45744677e-02, 1.86170209e-02, 1.32978717e-02, 4.78723384e-02,
          3.72340418e-02 ]
      - [ 7.39644989e-02, 2.95857992e-02, 2.36686394e-02, 7.10059181e-02,
          4.43786979e-02, 3.55029590e-02, 4.43786979e-02, 4.14201170e-02,
          4.73372787e-02, 5.62130176e-02, 1.47928996e-02, 2.36686394e-02,
          2.66272202e-02, 5.32544404e-02, 2.66272202e-02, 6.21301793e-02,
          3.55029590e-02, 2.95857992e-02, 6.21301793e-02, 1.47928996e-02,
          5.32544404e-02, 2.36686394e-02, 2.36686394e-02, 2.95857992e-02,
          5.32544404e-02 ]
      - [ 4.80000004e-02, 1.60000008e-02, 4.80000004e-02, 4.00000028e-02,
          6.40000030e-02, 8.80000070e-02, 6.40000030e-02, 1.20000005e-01,
          5.60000017e-02, 1.60000008e-02, 8.00000038e-03, 1.60000008e-02,
          5.60000017e-02, 1.60000008e-02, 2.40000002e-02, 5.60000017e-02,
          2.40000002e-02, 4.80000004e-02, 7.20000044e-02, 2.40000002e-02,
          2.40000002e-02, 3.20000015e-02, 8.00000038e-03, 3.20000015e-02,
          0. ]
      - [ 7.16105327e-02, 2.91536953e-02, 3.45315598e-02, 2.57571470e-02,
          3.33993770e-02, 4.41551097e-02, 6.28361180e-02, 4.98160198e-02,
          3.00028306e-02, 4.64194752e-02, 5.15142940e-02, 1.58505514e-02,
          3.90602909e-02, 3.11350133e-02, 4.21737917e-02, 6.19869828e-02,
          3.14180590e-02, 4.52872925e-02, 4.92499322e-02, 1.75488256e-02,
          2.43419204e-02, 4.18907441e-02, 1.55675067e-02, 5.06651588e-02,
          5.46277948e-02 ]
      - [ 1.89781021e-02, 4.52554710e-02, 4.67153266e-02, 1.19708024e-01,
          5.98540120e-02, 4.23357636e-02, 2.48175170e-02, 3.50364968e-02,
          4.81751822e-02, 3.21167856e-02, 2.04379559e-02, 4.81751822e-02,
          1.16788317e-02, 7.44525492e-02, 3.64963487e-02, 2.77372245e-02,
          4.37956192e-02, 1.16788317e-02, 2.91970782e-02, 3.79562043e-02,
          2.62773708e-02, 6.13138676e-02, 7.73722604e-02, 2.91970791e-03,
          1.75182484e-02 ]
      - [ 2.53807101e-02, 3.55329961e-02, 1.52284261e-02, 3.55329961e-02,
          5.58375642e-02, 5.07614203e-02, 5.58375642e-02, 2.53807101e-02,
          7.61421323e-02, 9.13705528e-02, 2.03045681e-02, 5.58375642e-02,
          5.07614203e-02, 2.53807101e-02, 8.12182724e-02, 1.52284261e-02,
          2.53807101e-02, 1.01522841e-02, 3.55329961e-02, 4.06091362e-02,
          3.55329961e-02, 4.06091362e-02, 3.55329961e-02, 3.04568522e-02,
          3.04568522e-02 ]
      - [ 5.82010560e-02, 5.29100522e-02, 1.05820103e-02, 1.05820103e-02,
          2.11640205e-02, 3.17460299e-02, 1.11111104e-01, 2.11640205e-02,
          2.11640205e-02, 5.29100513e-03, 1.16402112e-01, 2.11640205e-02,
          5.29100513e-03, 9.52380896e-02, 5.82010560e-02, 8.99470896e-02,
          1.58730149e-02, 6.87830672e-02, 2.64550261e-02, 0.,
          2.64550261e-02, 1.58730149e-02, 2.11640205e-02, 5.29100522e-02,
          4.23280410e-02 ]
      - [ 1.07266441e-01, 1.38408309e-02, 3.46020758e-02, 2.76816618e-02,
          3.11418697e-02, 5.88235296e-02, 3.11418697e-02, 4.15224917e-02,
          3.46020758e-02, 3.11418697e-02, 4.15224917e-02, 4.49827015e-02,
          6.22837394e-02, 9.68858153e-02, 6.57439455e-02, 2.76816618e-02,
          2.76816618e-02, 3.80622856e-02, 3.11418697e-02, 1.73010379e-02,
          1.73010379e-02, 1.38408309e-02, 2.42214538e-02, 3.80622856e-02,
          4.15224917e-02 ]
      - [ 3.86740342e-02, 8.28729291e-03, 4.97237593e-02, 1.65745858e-02,
          3.31491716e-02, 3.03867422e-02, 4.69613262e-02, 6.07734844e-02,
          4.41988967e-02, 3.86740342e-02, 8.28729291e-03, 3.03867422e-02,
          2.76243109e-02, 5.80110513e-02, 2.20994484e-02, 5.24861887e-02,
          5.52486219e-02, 2.20994484e-02, 5.24861887e-02, 1.18784532e-01,
          4.14364673e-02, 5.80110513e-02, 1.38121555e-02, 3.03867422e-02,
          4.14364673e-02 ]
      - [ 5.92334494e-02, 2.43902449e-02, 3.48432064e-02, 2.78745648e-02,
          3.83275263e-02, 6.27177730e-02, 4.52961661e-02, 6.96864128e-02,
          2.78745648e-02, 6.62020892e-02, 3.83275263e-02, 4.18118462e-02,
          1.74216032e-02, 2.78745648e-02, 4.18118462e-02, 6.27177730e-02,
          2.78745648e-02, 2.43902449e-02, 6.96864128e-02, 1.39372824e-02,
          2.43902449e-02, 3.83275263e-02, 1.04529615e-02, 2.78745648e-02,
          7.66550526e-02 ]
      - [ 4.95049506e-02, 9.90098994e-03, 1.98019799e-02, 4.95049506e-02,
          3.46534662e-02, 4.95049506e-02, 6.93069324e-02, 7.42574260e-02,
          3.96039598e-02, 8.41584131e-02, 2.47524753e-02, 4.45544533e-02,
          1.98019799e-02, 3.46534662e-02, 2.47524753e-02, 4.45544533e-02,
          4.45544533e-02, 4.95049497e-03, 8.91089067e-02, 2.47524753e-02,
          3.96039598e-02, 9.90098994e-03, 2.47524753e-02, 1.48514844e-02,
          7.42574260e-02 ]
      - [ 3.48837227e-02, 2.32558139e-02, 3.72093022e-02, 1.86046511e-02,
          5.81395328e-02, 5.11627905e-02, 5.58139533e-02, 4.18604650e-02,
          6.27906993e-02, 4.88372073e-02, 3.25581394e-02, 2.79069766e-02,
          3.48837227e-02, 2.79069766e-02, 5.58139533e-02, 5.34883738e-02,
          4.88372073e-02, 3.02325580e-02, 3.72093022e-02, 3.25581394e-02,
          3.25581394e-02, 5.34883738e-02, 2.79069766e-02, 3.48837227e-02,
          3.72093022e-02 ]
      - [ 7.64705911e-02, 1.96078438e-02, 2.15686280e-02, 1.56862754e-02,
          3.72549035e-02, 1.09803930e-01, 4.31372561e-02, 4.70588282e-02,
          3.13725509e-02, 3.13725509e-02, 5.09803966e-02, 3.92156886e-03,
          2.35294141e-02, 5.49019650e-02, 4.11764719e-02, 5.29411808e-02,
          3.72549035e-02, 4.90196124e-02, 5.09803966e-02, 2.15686280e-02,
          4.50980403e-02, 2.15686280e-02, 2.35294141e-02, 4.50980403e-02,
          4.50980403e-02 ]
      - [ 6.93779886e-02, 2.39234436e-02, 3.58851664e-02, 1.67464111e-02,
          3.58851664e-02, 8.13397095e-02, 4.30621989e-02, 3.58851664e-02,
          3.82775106e-02, 7.17703328e-02, 3.58851664e-02, 2.39234441e-03,
          5.74162677e-02, 3.11004780e-02, 3.82775106e-02, 5.50239198e-02,
          3.11004780e-02, 3.11004780e-02, 3.11004780e-02, 3.11004780e-02,
          2.87081338e-02, 2.15310995e-02, 2.63157878e-02, 4.30621989e-02,
          8.37320536e-02 ]
      - [ 1.28417030e-01, 2.35219318e-02, 3.81436720e-02, 2.22504754e-02,
          2.22504754e-02, 2.73362994e-02, 3.62364911e-02, 4.89510484e-02,
          1.84361096e-02, 2.92434823e-02, 2.03432925e-02, 2.35219318e-02,
          9.21805426e-02, 1.14431024e-01, 2.54291147e-02, 3.49650346e-02,
          3.30578499e-02, 4.25937697e-02, 5.21296859e-02, 3.43293063e-02,
          2.67005712e-02, 2.09790207e-02, 1.39860138e-02, 4.95867766e-02,
          2.09790207e-02 ]
      - [ 3.15052494e-02, 4.08401415e-02, 4.08401415e-02, 3.15052494e-02,
          5.13418913e-02, 3.50058340e-02, 5.48424758e-02, 2.80046687e-02,
          3.15052494e-02, 5.48424758e-02, 7.81796947e-02, 6.06767796e-02,
          1.63360555e-02, 1.51691949e-02, 1.51691949e-02, 5.25087528e-02,
          2.80046687e-02, 1.75029170e-02, 4.90081683e-02, 3.38389724e-02,
          2.80046687e-02, 3.03383898e-02, 6.76779449e-02, 2.21703611e-02,
          8.51808637e-02 ]
      - [ 3.00429184e-02, 3.14735360e-02, 5.43633774e-02, 3.57653797e-02,
          4.57796864e-02, 3.29041481e-02, 4.86409180e-02, 4.29184549e-02,
          3.14735360e-02, 2.86123045e-02, 3.29041481e-02, 3.00429184e-02,
          1.85979977e-02, 4.14878391e-02, 3.43347639e-02, 5.29327616e-02,
          5.72246090e-02, 5.15021458e-02, 4.14878391e-02, 5.72246090e-02,
          4.72103022e-02, 2.57510729e-02, 5.57939932e-02, 4.00572270e-02,
          3.14735360e-02 ]
      - [ 7.00808614e-02, 3.77358496e-02, 3.23450118e-02, 5.39083555e-02,
          2.15633418e-02, 4.04312648e-02, 3.77358496e-02, 5.12129366e-02,
          2.42587589e-02, 8.08625296e-02, 4.85175177e-02, 2.69541778e-02,
          3.77358496e-02, 3.23450118e-02, 3.23450118e-02, 5.39083555e-02,
          3.77358496e-02, 2.42587589e-02, 5.12129366e-02, 2.42587589e-02,
          3.23450118e-02, 2.15633418e-02, 4.04312648e-02, 4.04312648e-02,
          4.58221026e-02 ]
      - [ 2.65151523e-02, 5.30303046e-02, 4.92424257e-02, 1.89393945e-02,
          3.78787890e-02, 1.51515156e-02, 5.68181835e-02, 5.68181835e-02,
          3.78787890e-02, 9.09090936e-02, 4.92424257e-02, 2.27272734e-02,
          2.27272734e-02, 1.13636367e-02, 1.89393945e-02, 5.30303046e-02,
          3.78787890e-02, 2.65151523e-02, 4.54545468e-02, 4.54545468e-02,
          3.78787890e-02, 4.54545468e-02, 3.78787890e-02, 3.40909101e-02,
          6.81818202e-02 ]
      - [ 1.24436706e-01, 1.40311345e-02, 4.31175753e-02, 1.89471524e-02,
          2.76526008e-02, 5.30520268e-02, 3.47193778e-02, 4.14789021e-02,
          2.68332642e-02, 3.25686187e-02, 1.48504712e-02, 6.34985650e-03,
          9.94469449e-02, 8.52109790e-02, 3.99426445e-02, 3.46169583e-02,
          3.95329781e-02, 5.25399409e-02, 4.67021726e-02, 4.46538292e-02,
          2.09954940e-02, 1.74108967e-02, 6.14502234e-03, 5.61245382e-02,
          1.86399017e-02 ]
      - [ 3.43839526e-02, 2.00573057e-02, 4.68003824e-02, 1.62368678e-02,
          4.68003824e-02, 1.24164280e-02, 5.53963706e-02, 2.76981853e-02,
          5.63514791e-02, 2.00573057e-02, 3.82043943e-02, 3.05635147e-02,
          4.29799408e-02, 7.35434592e-02, 1.52817573e-02, 4.58452702e-02,
          5.25310412e-02, 4.87106033e-02, 2.96084043e-02, 7.25883469e-02,
          6.49474710e-02, 4.10697237e-02, 3.91595028e-02, 4.87106033e-02,
          2.00573057e-02 ]
      - [ 3.32668684e-02, 3.01185846e-02, 6.82303160e-02, 3.39140147e-02,
          3.74645814e-02, 3.88813093e-02, 1.93444565e-02, 2.27026269e-02,
          3.91436666e-02, 2.01665089e-02, 1.01969419e-02, 1.98866613e-02,
          7.51565397e-02, 9.11778063e-02, 4.13299724e-02, 1.92395132e-02,
          6.68310747e-02, 4.96729277e-02, 2.59908345e-02, 8.75747725e-02,
          7.96515867e-02, 9.06006154e-03, 1.46745015e-02, 5.29261529e-02,
          1.33976983e-02 ]
      - [ 9.32090506e-02, 1.73102524e-02, 4.52729687e-02, 1.33155789e-02,
          2.52995994e-02, 2.79627144e-02, 3.99467349e-02, 4.12782952e-02,
          1.99733675e-02, 4.66045253e-02, 1.06524630e-02, 2.13049259e-02,
          5.99201024e-02, 8.78828168e-02, 2.79627144e-02, 5.45938723e-02,
          5.85885458e-02, 5.72569892e-02, 4.52729687e-02, 7.45672435e-02,
          3.46205048e-02, 1.46471364e-02, 7.98934698e-03, 5.85885458e-02,
          1.59786940e-02 ]
      - [ 6.77894726e-02, 3.19999978e-02, 2.31578946e-02, 3.19999978e-02,
          2.52631567e-02, 1.06947370e-01, 4.50526290e-02, 2.10526306e-02,
          2.31578946e-02, 3.03157885e-02, 2.77894735e-02, 1.22105265e-02,
          5.13684191e-02, 7.70526305e-02, 1.10315785e-01, 4.25263159e-02,
          2.52631567e-02, 6.39999956e-02, 2.98947357e-02, 1.01052634e-02,
          3.07368413e-02, 1.13684209e-02, 8.42105225e-03, 5.81052639e-02,
          3.41052637e-02 ]
      - [ 2.59216595e-02, 5.58755770e-02, 4.20506895e-02, 3.57142873e-02,
          2.36175116e-02, 1.66474655e-01, 2.01612897e-02, 3.80184315e-02,
          2.01612897e-02, 5.58755770e-02, 3.57142873e-02, 1.03686638e-02,
          4.95391712e-02, 5.81797250e-02, 6.73963130e-02, 2.36175116e-02,
          2.53456216e-02, 3.22580636e-02, 3.85944694e-02, 3.28341015e-02,
          2.07373276e-02, 1.20967738e-02, 2.47695856e-02, 2.36175116e-02,
          6.10599071e-02 ]
      - [ 8.01687688e-02, 3.37552726e-02, 3.79746817e-02, 4.21940908e-03,
          5.90717271e-02, 2.10970454e-02, 4.21940908e-02, 4.21940908e-02,
          2.95358635e-02, 6.32911325e-02, 4.64134999e-02, 4.21940908e-02,
          3.37552726e-02, 3.37552726e-02, 2.10970454e-02, 5.06329089e-02,
          3.79746817e-02, 3.79746817e-02, 5.90717271e-02, 3.37552726e-02,
          2.95358635e-02, 3.37552726e-02, 2.10970454e-02, 1.68776363e-02,
          8.86075944e-02 ]
      - [ 6.92041516e-02, 2.71873437e-02, 4.89372201e-02, 2.32328214e-02,
          2.27385052e-02, 5.23974262e-02, 4.54770103e-02, 3.80622819e-02,
          2.71873437e-02, 5.83292097e-02, 3.36134434e-02, 2.27385052e-02,
          5.09144813e-02, 6.12951033e-02, 5.83292097e-02, 4.05338593e-02,
          4.34997492e-02, 4.39940654e-02, 4.94315363e-02, 3.85565981e-02,
          2.71873437e-02, 1.53237758e-02, 1.08749373e-02, 5.53633198e-02,
          3.55907045e-02 ]
      - [ 7.86516890e-02, 3.98365706e-02, 3.57507691e-02, 2.24719103e-02,
          9.19305440e-03, 1.76710933e-01, 2.55362634e-02, 2.96220649e-02,
          1.43003073e-02, 3.98365706e-02, 8.17160401e-03, 5.10725267e-02,
          4.29009199e-02, 4.18794714e-02, 1.06230855e-01, 2.45148130e-02,
          3.67722176e-02, 3.16649638e-02, 3.06435153e-02, 3.57507691e-02,
          2.96220649e-02, 7.15015363e-03, 3.98365706e-02, 3.16649638e-02,
          1.02145048e-02 ]
      - [ 3.35096978e-02, 2.82186940e-02, 3.17460299e-02, 2.64550261e-02,
          2.46913582e-02, 7.05467314e-02, 3.88007052e-02, 5.64373881e-02,
          2.64550261e-02, 3.17460299e-02, 4.40917090e-02, 3.70370373e-02,
          4.76190448e-02, 4.76190448e-02, 8.11287463e-02, 5.46737202e-02,
          3.70370373e-02, 4.40917090e-02, 3.70370373e-02, 2.11640205e-02,
          2.64550261e-02, 2.46913582e-02, 3.88007052e-02, 4.23280410e-02,
          4.76190448e-02 ]
      - [ 2.39923224e-02, 1.91938579e-02, 2.78310925e-02, 3.93474065e-02,
          2.87907869e-02, 2.73512483e-01, 1.24760075e-02, 2.87907869e-02,
          2.01535504e-02, 2.49520149e-02, 1.53550860e-02, 1.24760075e-02,
          4.12667952e-02, 3.83877158e-02, 1.90019190e-01, 1.43953934e-02,
          2.49520149e-02, 2.59117074e-02, 2.97504794e-02, 1.15163140e-02,
          1.91938579e-02, 4.79846448e-03, 2.11132430e-02, 3.07101719e-02,
          2.11132430e-02 ]
      - [ 2.96610165e-02, 3.81355919e-02, 4.23728814e-03, 8.47457629e-03,
          2.54237279e-02, 2.96610165e-02, 3.38983051e-02, 3.38983051e-02,
          2.96610165e-02, 7.62711838e-02, 1.10169493e-01, 4.23728824e-02,
          8.47457629e-03, 2.96610165e-02, 4.66101691e-02, 3.38983051e-02,
          1.69491526e-02, 3.38983051e-02, 3.38983051e-02, 0.,
          1.69491526e-02, 7.62711838e-02, 2.11864412e-02, 2.11864412e-02,
          1.99152544e-01 ]
      - [ 2.58064512e-02, 3.22580636e-02, 4.51612882e-02, 2.58064512e-02,
          3.22580636e-02, 1.93548389e-02, 5.16129024e-02, 5.16129024e-02,
          5.16129024e-02, 9.03225765e-02, 1.09677419e-01, 1.29032256e-02,
          0., 5.16129024e-02, 1.93548389e-02, 7.09677413e-02,
          3.22580636e-02, 1.93548389e-02, 4.51612882e-02, 6.45161280e-03,
          3.22580636e-02, 5.80645166e-02, 5.16129024e-02, 1.29032256e-02,
          5.16129024e-02 ]
      - [ 6.13333322e-02, 5.06666675e-02, 3.19999978e-02, 2.66666673e-02,
          2.66666673e-02, 2.40000002e-02, 6.66666627e-02, 7.99999982e-02,
          3.73333320e-02, 5.59999980e-02, 3.19999978e-02, 5.59999980e-02,
          2.13333331e-02, 1.59999989e-02, 3.73333320e-02, 4.26666662e-02,
          3.99999991e-02, 1.33333337e-02, 5.06666675e-02, 2.66666673e-02,
          1.06666666e-02, 5.86666651e-02, 3.73333320e-02, 2.40000002e-02,
          7.19999969e-02 ]
      - [ 6.46387860e-02, 2.66159698e-02, 3.42205316e-02, 2.28136890e-02,
          3.80228125e-02, 4.18250933e-02, 5.70342205e-02, 7.22433478e-02,
          4.56273779e-02, 7.22433478e-02, 4.94296588e-02, 4.94296588e-02,
          3.80228134e-03, 1.52091254e-02, 1.90114062e-02, 7.22433478e-02,
          3.04182507e-02, 1.52091254e-02, 4.18250933e-02, 1.14068445e-02,
          3.04182507e-02, 5.70342205e-02, 4.18250933e-02, 1.52091254e-02,
          7.22433478e-02 ]
      - [ 2.93040294e-02, 5.12820520e-02, 2.93040294e-02, 2.93040294e-02,
          2.93040294e-02, 4.76190485e-02, 2.19780225e-02, 3.29670347e-02,
          2.93040294e-02, 8.79120901e-02, 1.09890111e-01, 4.02930416e-02,
          3.66300368e-03, 2.19780225e-02, 3.66300382e-02, 3.29670347e-02,
          3.66300382e-02, 2.19780225e-02, 1.83150191e-02, 2.19780225e-02,
          1.83150191e-02, 5.86080588e-02, 2.19780225e-02, 2.56410260e-02,
          1.42857149e-01 ]
      - [ 9.90098994e-03, 3.96039598e-02, 3.96039598e-02, 1.98019799e-02,
          0., 2.97029689e-02, 8.91089067e-02, 5.94059378e-02,
          9.90098994e-03, 9.90098994e-03, 6.93069324e-02, 4.95049506e-02,
          0., 0., 4.95049506e-02, 5.94059378e-02, 3.96039598e-02,
          2.97029689e-02, 3.96039598e-02, 0., 1.98019799e-02,
          6.93069324e-02, 6.93069324e-02, 3.96039598e-02, 1.58415839e-01 ]
      - [ 4.11985032e-02, 2.99625471e-02, 2.62172297e-02, 7.49063678e-03,
          3.37078646e-02, 3.18352059e-02, 3.93258445e-02, 5.61797768e-02,
          3.74531820e-02, 6.55430704e-02, 6.17977530e-02, 6.92883879e-02,
          2.99625471e-02, 5.61797768e-02, 1.49812736e-02, 3.55805233e-02,
          3.93258445e-02, 3.55805233e-02, 5.24344593e-02, 2.99625471e-02,
          1.68539323e-02, 2.05992516e-02, 5.24344593e-02, 3.18352059e-02,
          8.42696652e-02 ]
      - [ 4.43349741e-02, 2.46305410e-02, 9.85221658e-03, 1.97044332e-02,
          1.47783253e-02, 9.85221639e-02, 3.94088663e-02, 5.41871898e-02,
          1.97044332e-02, 1.97044332e-02, 6.89655170e-02, 1.47783253e-02,
          2.46305410e-02, 2.46305410e-02, 8.37438405e-02, 4.43349741e-02,
          4.92610829e-03, 4.92610820e-02, 7.38916248e-02, 1.97044332e-02,
          4.92610829e-03, 2.95566507e-02, 9.85221658e-03, 5.91133013e-02,
          1.42857134e-01 ]
      - [ 6.80272095e-03, 9.52380896e-02, 3.40136066e-02, 2.04081628e-02,
          2.72108838e-02, 4.08163257e-02, 5.44217676e-02, 2.72108838e-02,
          4.08163257e-02, 4.08163257e-02, 1.56462580e-01, 4.08163257e-02,
          2.04081628e-02, 0., 1.36054419e-02, 4.08163257e-02,
          4.76190448e-02, 6.80272095e-03, 2.04081628e-02, 2.04081628e-02,
          2.72108838e-02, 5.44217676e-02, 2.72108838e-02, 2.04081628e-02,
          1.15646258e-01 ]
      - [ 3.12500000e-02, 1.04166670e-02, 6.25000000e-02, 0., 0.,
          5.20833358e-02, 5.20833358e-02, 5.20833358e-02, 0.,
          1.04166670e-02, 1.97916672e-01, 2.08333340e-02, 0.,
          3.12500000e-02, 1.04166670e-02, 4.16666679e-02, 0.,
          2.08333340e-02, 3.12500000e-02, 0., 2.08333340e-02,
          6.25000000e-02, 2.08333340e-02, 2.08333340e-02, 2.50000000e-01 ]
      - [ 5.15970513e-02, 4.42260429e-02, 3.68550345e-02, 3.43980342e-02,
          2.94840299e-02, 3.43980342e-02, 4.17690426e-02, 4.66830470e-02,
          1.96560193e-02, 6.14250600e-02, 6.87960684e-02, 3.19410302e-02,
          2.94840299e-02, 5.15970513e-02, 2.21130215e-02, 4.17690426e-02,
          1.71990171e-02, 3.68550345e-02, 6.63390681e-02, 1.47420149e-02,
          3.68550345e-02, 2.21130215e-02, 1.71990171e-02, 3.93120386e-02,
          1.03194103e-01 ]
      - [ 4.54545468e-02, 6.49350649e-03, 3.24675329e-02, 1.29870130e-02,
          2.59740259e-02, 6.49350649e-03, 5.84415570e-02, 5.19480519e-02,
          3.89610380e-02, 7.14285746e-02, 1.03896104e-01, 1.29870130e-02,
          6.49350649e-03, 1.29870130e-02, 0., 6.49350658e-02,
          3.24675329e-02, 1.94805190e-02, 5.19480519e-02, 3.89610380e-02,
          2.59740259e-02, 1.10389613e-01, 1.94805190e-02, 2.59740259e-02,
          1.23376623e-01 ]
      - [ 1.98675506e-02, 2.98013240e-02, 3.97351012e-02, 1.32450331e-02,
          1.32450331e-02, 4.30463590e-02, 5.62913902e-02, 3.31125818e-02,
          2.31788084e-02, 3.97351012e-02, 6.95364252e-02, 4.30463590e-02,
          1.98675506e-02, 1.98675506e-02, 3.97351012e-02, 6.95364252e-02,
          4.63576168e-02, 2.98013240e-02, 2.31788084e-02, 2.64900662e-02,
          1.98675506e-02, 2.98013240e-02, 1.35761589e-01, 3.31125818e-02,
          8.27814564e-02 ]
      - [ 6.30914867e-02, 2.20820196e-02, 2.20820196e-02, 1.26182968e-02,
          3.78548913e-02, 4.41640392e-02, 5.04731871e-02, 4.73186113e-02,
          4.73186113e-02, 6.62460551e-02, 1.07255526e-01, 3.78548913e-02,
          2.83911675e-02, 1.89274456e-02, 2.20820196e-02, 4.73186113e-02,
          1.89274456e-02, 2.20820196e-02, 3.78548913e-02, 2.20820196e-02,
          1.57728717e-02, 3.78548913e-02, 3.15457433e-02, 3.78548913e-02,
          1.00946374e-01 ]
      - [ 5.35714291e-02, 2.38095243e-02, 5.35714291e-02, 1.78571437e-02,
          2.97619049e-02, 4.76190485e-02, 9.52380970e-02, 5.35714291e-02,
          3.57142873e-02, 2.97619049e-02, 7.73809552e-02, 2.38095243e-02,
          2.38095243e-02, 4.16666679e-02, 2.38095243e-02, 8.33333358e-02,
          3.57142873e-02, 2.38095243e-02, 2.97619049e-02, 0.,
          4.16666679e-02, 2.97619049e-02, 5.35714291e-02, 2.97619049e-02,
          4.16666679e-02 ]
      - [ 3.31753567e-02, 3.79146934e-02, 2.84360200e-02, 1.42180100e-02,
          2.84360200e-02, 1.89573467e-02, 8.53080601e-02, 9.47867334e-02,
          1.42180100e-02, 5.68720400e-02, 8.05687234e-02, 3.31753567e-02,
          1.42180100e-02, 9.47867334e-03, 4.73933667e-03, 5.68720400e-02,
          5.21327034e-02, 3.31753567e-02, 3.79146934e-02, 6.16113767e-02,
          2.36966833e-02, 3.31753567e-02, 2.36966833e-02, 2.84360200e-02,
          9.47867334e-02 ]
      - [ 1.88679248e-02, 4.95283008e-02, 1.17924530e-02, 2.83018872e-02,
          1.88679248e-02, 1.01415098e-01, 4.00943384e-02, 5.18867932e-02,
          7.07547180e-03, 3.53773609e-02, 1.08490571e-01, 5.18867932e-02,
          1.65094342e-02, 7.07547180e-03, 9.90566015e-02, 3.77358496e-02,
          1.65094342e-02, 3.06603778e-02, 5.66037744e-02, 9.43396240e-03,
          3.06603778e-02, 1.65094342e-02, 3.06603778e-02, 2.59433966e-02,
          9.90566015e-02 ]
      - [ 2.50000022e-02, 5.00000045e-02, 1.66666675e-02, 4.16666679e-02,
          2.50000022e-02, 6.66666701e-02, 1.66666675e-02, 6.66666701e-02,
          2.50000022e-02, 5.00000045e-02, 1.91666678e-01, 2.50000022e-02,
          8.33333377e-03, 8.33333377e-03, 5.00000045e-02, 1.66666675e-02,
          2.50000022e-02, 2.50000022e-02, 5.83333373e-02, 8.33333377e-03,
          0., 1.66666675e-02, 5.83333373e-02, 2.50000022e-02,
          1.00000009e-01 ]
      - [ 3.84615399e-02, 2.94117667e-02, 1.80995483e-02, 2.26244349e-02,
          5.88235334e-02, 6.10859767e-02, 3.16742100e-02, 5.42986467e-02,
          4.29864265e-02, 7.01357499e-02, 8.82352963e-02, 1.80995483e-02,
          3.84615399e-02, 2.94117667e-02, 4.07239832e-02, 3.16742100e-02,
          2.03619916e-02, 1.58371050e-02, 4.75113131e-02, 2.48868782e-02,
          1.58371050e-02, 3.39366533e-02, 2.71493234e-02, 3.16742100e-02,
          1.08597293e-01 ]
      - [ 4.21348326e-02, 2.52808984e-02, 2.52808984e-02, 1.26404492e-02,
          3.93258445e-02, 3.23033705e-02, 4.35393266e-02, 5.33707887e-02,
          4.63483147e-02, 5.75842708e-02, 7.58427009e-02, 4.49438207e-02,
          2.52808984e-02, 3.23033705e-02, 3.37078646e-02, 4.49438207e-02,
          2.38764044e-02, 3.51123586e-02, 6.03932589e-02, 2.24719103e-02,
          4.21348326e-02, 2.80898884e-02, 3.37078646e-02, 3.93258445e-02,
          8.00561830e-02 ]
      - [ 3.07692327e-02, 3.07692327e-02, 2.05128212e-02, 4.35897447e-02,
          2.56410260e-02, 3.07692327e-02, 7.69230798e-02, 6.15384653e-02,
          1.28205130e-02, 5.89743592e-02, 9.23076943e-02, 2.05128212e-02,
          3.84615399e-02, 2.82051284e-02, 1.53846163e-02, 6.41025677e-02,
          2.30769236e-02, 2.30769236e-02, 5.89743592e-02, 7.69230817e-03,
          2.56410260e-02, 6.66666701e-02, 2.82051284e-02, 3.07692327e-02,
          8.46153870e-02 ]
      - [ 5.55555560e-02, 1.04166670e-02, 4.16666679e-02, 3.81944440e-02,
          4.86111119e-02, 3.81944440e-02, 3.81944440e-02, 5.90277798e-02,
          3.12500000e-02, 5.90277798e-02, 4.51388881e-02, 5.20833321e-02,
          4.51388881e-02, 4.16666679e-02, 2.08333340e-02, 1.04166670e-02,
          4.16666679e-02, 3.81944440e-02, 4.16666679e-02, 4.16666679e-02,
          2.77777780e-02, 1.38888890e-02, 6.59722239e-02, 2.77777780e-02,
          6.59722239e-02 ]
      - [ 5.29411770e-02, 2.35294122e-02, 2.05882359e-02, 4.41176482e-02,
          1.47058824e-02, 7.05882385e-02, 5.29411770e-02, 6.76470622e-02,
          3.52941193e-02, 5.58823533e-02, 3.82352956e-02, 5.29411770e-02,
          1.76470596e-02, 3.52941193e-02, 4.70588244e-02, 6.47058859e-02,
          3.23529430e-02, 2.64705885e-02, 3.23529430e-02, 2.94117648e-02,
          4.11764719e-02, 2.64705885e-02, 1.17647061e-02, 3.82352956e-02,
          6.76470622e-02 ]
      - [ 8.19277093e-02, 3.61445807e-02, 2.65060253e-02, 1.92771088e-02,
          4.81927730e-02, 4.81927730e-02, 3.37349400e-02, 5.54216877e-02,
          3.85542177e-02, 5.78313246e-02, 4.09638546e-02, 1.20481933e-02,
          3.61445807e-02, 5.30120507e-02, 3.37349400e-02, 3.13253030e-02,
          5.30120507e-02, 4.57831323e-02, 4.33734953e-02, 2.89156623e-02,
          3.85542177e-02, 3.85542177e-02, 2.40963865e-02, 4.81927730e-02,
          2.65060253e-02 ]
      - [ 5.08474596e-02, 4.35835384e-02, 4.60048430e-02, 4.11622301e-02,
          3.63196135e-02, 5.81113845e-02, 3.87409218e-02, 6.05326891e-02,
          4.11622301e-02, 5.81113845e-02, 2.17917692e-02, 4.84261513e-02,
          1.45278461e-02, 2.17917692e-02, 5.32687679e-02, 4.84261513e-02,
          3.14770006e-02, 2.17917692e-02, 4.35835384e-02, 2.66343839e-02,
          3.14770006e-02, 3.14770006e-02, 2.90556923e-02, 3.87409218e-02,
          6.29540011e-02 ]
      - [ 5.48780486e-02, 3.96341458e-02, 4.87804860e-02, 1.52439019e-02,
          2.13414617e-02, 4.87804860e-02, 2.13414617e-02, 2.13414617e-02,
          3.35365832e-02, 4.26829234e-02, 1.82926822e-02, 4.26829234e-02,
          4.26829234e-02, 4.87804860e-02, 6.70731664e-02, 4.57317047e-02,
          6.40243888e-02, 7.31707290e-02, 4.26829234e-02, 3.04878037e-02,
          2.74390243e-02, 3.04878037e-02, 9.14634112e-03, 7.92682916e-02,
          3.04878037e-02 ]
      - [ 4.28134575e-02, 4.28134575e-02, 4.28134575e-02, 3.36391442e-02,
          2.75229365e-02, 1.22324161e-01, 3.97553518e-02, 4.89296652e-02,
          1.83486249e-02, 5.19877709e-02, 1.00917436e-01, 1.83486249e-02,
          2.75229365e-02, 1.83486249e-02, 5.19877709e-02, 5.19877709e-02,
          4.28134575e-02, 3.36391442e-02, 2.75229365e-02, 1.52905202e-02,
          9.17431246e-03, 2.75229365e-02, 1.83486249e-02, 1.83486249e-02,
          6.72782883e-02 ]
      - [ 7.49999955e-02, 2.99999993e-02, 2.99999993e-02, 9.99999978e-03,
          2.74999999e-02, 5.99999987e-02, 5.24999984e-02, 3.50000001e-02,
          2.49999985e-02, 3.24999988e-02, 3.99999991e-02, 2.49999985e-02,
          5.24999984e-02, 9.25000012e-02, 4.49999981e-02, 4.49999981e-02,
          3.99999991e-02, 5.24999984e-02, 4.99999970e-02, 2.24999990e-02,
          3.24999988e-02, 9.99999978e-03, 9.99999978e-03, 4.74999994e-02,
          5.74999973e-02 ]
      - [ 1.35869563e-01, 1.63043477e-02, 4.07608710e-02, 8.15217383e-03,
          1.35869570e-02, 5.97826093e-02, 5.16304374e-02, 2.17391308e-02,
          2.71739140e-02, 3.26086953e-02, 5.43478280e-02, 5.43478271e-03,
          5.70652187e-02, 9.51086953e-02, 6.52173907e-02, 3.53260860e-02,
          2.71739140e-02, 3.80434804e-02, 2.71739140e-02, 2.44565215e-02,
          2.71739140e-02, 1.35869570e-02, 2.71739135e-03, 4.89130430e-02,
          7.06521720e-02 ]
      - [ 7.08661377e-02, 3.14960629e-02, 2.36220472e-02, 2.75590550e-02,
          4.33070883e-02, 3.54330689e-02, 5.90551198e-02, 2.36220472e-02,
          2.36220472e-02, 9.84251946e-02, 3.14960629e-02, 1.57480314e-02,
          3.14960629e-02, 7.48031512e-02, 4.33070883e-02, 2.75590550e-02,
          2.75590550e-02, 3.14960629e-02, 2.75590550e-02, 1.96850393e-02,
          5.90551198e-02, 1.96850393e-02, 1.96850393e-02, 4.33070883e-02,
          9.05511826e-02 ]
      - [ 7.92682916e-02, 1.52439019e-02, 2.74390243e-02, 3.96341458e-02,
          3.04878037e-02, 7.01219514e-02, 7.92682916e-02, 5.18292673e-02,
          3.04878037e-02, 3.65853645e-02, 4.57317047e-02, 1.82926822e-02,
          3.35365832e-02, 4.87804860e-02, 6.09756075e-02, 4.87804860e-02,
          3.65853645e-02, 4.26829234e-02, 3.65853645e-02, 1.82926822e-02,
          3.04878037e-02, 6.09756075e-03, 2.13414617e-02, 6.09756075e-02,
          3.04878037e-02 ]
      - [ 5.55555522e-02, 5.82010560e-02, 3.96825373e-02, 3.70370373e-02,
          2.38095224e-02, 9.52380896e-02, 3.96825373e-02, 4.76190448e-02,
          1.85185187e-02, 5.29100522e-02, 1.85185187e-02, 1.85185187e-02,
          4.49735448e-02, 6.34920597e-02, 4.76190448e-02, 4.23280410e-02,
          4.49735448e-02, 5.02645485e-02, 5.02645485e-02, 1.32275131e-02,
          2.11640205e-02, 1.58730149e-02, 2.38095224e-02, 4.49735448e-02,
          3.17460299e-02 ]
      - [ 6.34328350e-02, 1.86567158e-02, 2.23880596e-02, 1.49253728e-02,
          1.49253728e-02, 1.45522386e-01, 5.59701473e-02, 2.98507456e-02,
          3.35820876e-02, 4.85074632e-02, 1.86567158e-02, 2.61194017e-02,
          5.59701473e-02, 5.22388034e-02, 8.58208910e-02, 4.47761193e-02,
          4.10447754e-02, 4.10447754e-02, 3.35820876e-02, 1.11940298e-02,
          2.98507456e-02, 1.49253728e-02, 1.86567158e-02, 2.98507456e-02,
          4.85074632e-02 ]
      - [ 6.50000051e-02, 1.66666675e-02, 3.99999991e-02, 1.33333337e-02,
          3.16666663e-02, 3.33333351e-02, 4.33333330e-02, 6.00000024e-02,
          4.16666679e-02, 4.33333330e-02, 3.83333340e-02, 1.66666675e-02,
          6.33333325e-02, 5.66666685e-02, 3.50000001e-02, 4.16666679e-02,
          3.66666690e-02, 4.66666669e-02, 5.83333336e-02, 5.33333346e-02,
          2.83333343e-02, 1.83333345e-02, 2.66666673e-02, 5.83333336e-02,
          3.33333351e-02 ]
      - [ 4.28790227e-02, 1.37825422e-02, 4.59418073e-02, 1.83767229e-02,
          3.36906612e-02, 4.74732034e-02, 5.35987765e-02, 4.28790227e-02,
          3.82848419e-02, 4.28790227e-02, 3.21592651e-02, 2.90964786e-02,
          4.90045957e-02, 4.74732034e-02, 3.21592651e-02, 4.90045957e-02,
          6.43185303e-02, 4.44104150e-02, 4.59418073e-02, 4.90045957e-02,
          3.67534459e-02, 3.67534459e-02, 2.29709037e-02, 5.05359881e-02,
          3.06278728e-02 ]
      - [ 2.33463030e-02, 3.89105044e-02, 4.86381315e-02, 2.14007776e-02,
          3.50194536e-02, 2.14007776e-02, 5.25291823e-02, 5.25291823e-02,
          5.25291823e-02, 4.47470807e-02, 5.44747077e-02, 2.91828793e-02,
          2.52918284e-02, 3.50194536e-02, 2.72373538e-02, 4.28015552e-02,
          4.08560298e-02, 3.89105044e-02, 4.66926061e-02, 4.28015552e-02,
          4.08560298e-02, 4.08560298e-02, 4.28015552e-02, 3.89105044e-02,
          6.22568093e-02 ]
      - [ 3.48525494e-02, 2.14477219e-02, 3.21715847e-02, 2.94906180e-02,
          3.48525494e-02, 4.02144790e-02, 5.63002713e-02, 5.63002713e-02,
          4.55764085e-02, 5.63002713e-02, 3.48525494e-02, 1.07238609e-02,
          3.75335142e-02, 3.21715847e-02, 4.28954437e-02, 5.09383380e-02,
          4.55764085e-02, 3.21715847e-02, 3.21715847e-02, 4.28954437e-02,
          2.94906180e-02, 2.94906180e-02, 3.75335142e-02, 3.21715847e-02,
          1.01876676e-01 ]
      - [ 3.59477140e-02, 3.59477140e-02, 1.96078438e-02, 2.28758175e-02,
          2.61437912e-02, 4.24836613e-02, 4.24836613e-02, 5.22875823e-02,
          3.26797403e-02, 7.18954280e-02, 6.86274543e-02, 9.80392192e-03,
          1.63398702e-02, 2.28758175e-02, 3.92156877e-02, 6.86274543e-02,
          4.57516350e-02, 3.26797403e-02, 5.55555560e-02, 9.80392192e-03,
          1.30718956e-02, 3.59477140e-02, 2.94117648e-02, 2.61437912e-02,
          1.43790856e-01 ]
      - [ 4.47761193e-02, 2.13219617e-02, 2.34541576e-02, 2.13219617e-02,
          4.26439233e-02, 4.26439233e-02, 4.26439233e-02, 4.05117273e-02,
          4.05117273e-02, 4.69083153e-02, 5.33049069e-02, 3.62473354e-02,
          3.19829434e-02, 2.98507474e-02, 6.18336909e-02, 4.26439233e-02,
          3.83795314e-02, 2.77185515e-02, 5.75692989e-02, 2.34541576e-02,
          2.98507474e-02, 5.97014949e-02, 3.41151394e-02, 3.19829434e-02,
          7.46268705e-02 ]
      - [ 5.14403284e-02, 5.14403284e-02, 3.90946493e-02, 4.11522612e-02,
          2.46913582e-02, 4.52674888e-02, 4.93827164e-02, 5.34979403e-02,
          4.73251007e-02, 3.90946493e-02, 4.93827164e-02, 2.46913582e-02,
          3.70370373e-02, 3.90946493e-02, 6.58436194e-02, 5.14403284e-02,
          2.05761306e-02, 3.70370373e-02, 5.76131679e-02, 2.88065840e-02,
          2.67489702e-02, 2.26337444e-02, 3.70370373e-02, 2.88065840e-02,
          3.08641959e-02 ]
      - [ 6.80851042e-02, 1.70212761e-02, 3.19148935e-02, 3.82978693e-02,
          2.76595727e-02, 6.59574419e-02, 4.04255316e-02, 3.40425521e-02,
          3.19148935e-02, 4.46808487e-02, 8.29787180e-02, 1.70212761e-02,
          3.82978693e-02, 3.61702107e-02, 5.10638282e-02, 5.10638282e-02,
          4.25531901e-02, 3.82978693e-02, 4.46808487e-02, 2.34042555e-02,
          3.40425521e-02, 2.76595727e-02, 2.97872331e-02, 4.04255316e-02,
          4.25531901e-02 ]
      - [ 4.84739691e-02, 4.48833033e-02, 4.30879742e-02, 2.69299820e-02,
          2.69299820e-02, 5.38599640e-02, 2.51346510e-02, 3.05206478e-02,
          3.77019756e-02, 3.59066427e-02, 2.87253149e-02, 4.30879742e-02,
          5.38599640e-02, 4.30879742e-02, 3.77019756e-02, 4.30879742e-02,
          5.56552969e-02, 6.28366247e-02, 2.69299820e-02, 2.51346510e-02,
          3.94973084e-02, 2.15439871e-02, 5.20646349e-02, 6.28366247e-02,
          3.05206478e-02 ]
      - [ 5.63002713e-02, 2.94906180e-02, 4.28954437e-02, 1.07238609e-02,
          2.94906180e-02, 5.89812361e-02, 4.02144790e-02, 7.50670284e-02,
          3.21715847e-02, 4.02144790e-02, 1.34048257e-02, 1.34048257e-02,
          4.55764085e-02, 6.70241341e-02, 4.02144790e-02, 1.87667571e-02,
          5.36193028e-02, 6.70241341e-02, 6.16622008e-02, 6.16622008e-02,
          1.07238609e-02, 1.87667571e-02, 8.04289617e-03, 5.89812361e-02,
          4.55764085e-02 ]
      - [ 7.88177326e-02, 9.85221658e-03, 3.94088663e-02, 1.23152705e-02,
          2.70935949e-02, 2.70935949e-02, 5.66502437e-02, 6.40394092e-02,
          4.18719202e-02, 2.21674871e-02, 4.43349741e-02, 1.72413792e-02,
          4.92610820e-02, 7.88177326e-02, 4.18719202e-02, 5.66502437e-02,
          4.67980281e-02, 3.20197046e-02, 3.94088663e-02, 3.44827585e-02,
          2.70935949e-02, 4.43349741e-02, 1.23152705e-02, 4.43349741e-02,
          5.17241359e-02 ]
      - [ 9.69696939e-02, 5.15151508e-02, 4.54545431e-02, 1.81818176e-02,
          3.33333313e-02, 5.45454547e-02, 4.24242392e-02, 5.45454547e-02,
          2.42424235e-02, 4.24242392e-02, 2.42424235e-02, 2.12121196e-02,
          2.42424235e-02, 8.78787860e-02, 2.12121196e-02, 4.24242392e-02,
          4.54545431e-02, 2.42424235e-02, 3.63636352e-02, 8.48484784e-02,
          2.12121196e-02, 1.21212117e-02, 9.09090880e-03, 3.33333313e-02,
          4.84848469e-02 ]
      - [ 3.75426598e-02, 2.73037534e-02, 2.73037534e-02, 4.43685986e-02,
          5.46075068e-02, 4.43685986e-02, 3.41296904e-02, 5.80204763e-02,
          4.43685986e-02, 5.80204763e-02, 3.41296904e-02, 3.41296918e-03,
          4.77815680e-02, 4.09556292e-02, 6.82593808e-02, 4.09556292e-02,
          2.73037534e-02, 3.07167228e-02, 6.14334457e-02, 5.46075068e-02,
          3.41296918e-03, 2.38907840e-02, 6.82593836e-03, 3.75426598e-02,
          8.87371972e-02 ]
      - [ 7.19794333e-02, 1.02827763e-02, 3.59897166e-02, 1.79948583e-02,
          4.11311053e-02, 7.96915144e-02, 4.62724939e-02, 5.39845750e-02,
          2.31362469e-02, 3.59897166e-02, 2.57069413e-02, 2.05655526e-02,
          3.85604128e-02, 5.91259636e-02, 3.85604128e-02, 3.59897166e-02,
          2.31362469e-02, 6.16966560e-02, 7.19794333e-02, 4.62724939e-02,
          1.28534706e-02, 3.85604128e-02, 1.79948583e-02, 4.88431863e-02,
          4.37017977e-02 ]
      - [ 5.00927642e-02, 2.41187382e-02, 4.08163257e-02, 2.04081628e-02,
          3.71057503e-02, 5.00927642e-02, 6.12244904e-02, 5.19480519e-02,
          3.71057503e-02, 3.89610380e-02, 1.85528751e-02, 2.78293137e-02,
          5.19480519e-02, 8.16326514e-02, 4.26716134e-02, 4.82374765e-02,
          4.26716134e-02, 3.15398872e-02, 5.75139150e-02, 4.08163257e-02,
          2.59740259e-02, 4.08163257e-02, 7.42115034e-03, 5.19480519e-02,
          1.85528751e-02 ]
      - [ 3.71093750e-02, 2.34375000e-02, 3.32031250e-02, 2.14843750e-02,
          4.68750000e-02, 4.88281250e-02, 5.66406250e-02, 2.92968750e-02,
          3.12500000e-02, 3.90625000e-02, 3.90625000e-02, 2.73437500e-02,
          4.29687500e-02, 3.51562500e-02, 2.92968750e-02, 6.83593750e-02,
          4.88281250e-02, 3.90625000e-02, 3.32031250e-02, 4.10156250e-02,
          5.46875000e-02, 3.90625000e-02, 2.34375000e-02, 5.07812500e-02,
          6.05468750e-02 ]
      - [ 4.85175177e-02, 1.07816709e-02, 4.31266837e-02, 2.15633418e-02,
          2.15633418e-02, 7.81671107e-02, 4.58221026e-02, 4.31266837e-02,
          4.31266837e-02, 5.66037707e-02, 5.66037707e-02, 5.92991896e-02,
          2.96495948e-02, 1.88679248e-02, 3.23450118e-02, 4.58221026e-02,
          3.23450118e-02, 2.15633418e-02, 4.85175177e-02, 2.15633418e-02,
          2.96495948e-02, 3.50404307e-02, 3.50404307e-02, 4.04312648e-02,
          8.08625296e-02 ]
      - [ 6.26450107e-02, 1.85614843e-02, 4.64037098e-02, 2.55220402e-02,
          3.48027833e-02, 1.16009274e-02, 5.10440804e-02, 5.33642657e-02,
          1.39211137e-02, 3.94431539e-02, 4.17633392e-02, 3.48027833e-02,
          4.64037098e-02, 6.96055666e-02, 1.62412990e-02, 6.49651960e-02,
          4.87238951e-02, 3.01624127e-02, 4.64037098e-02, 3.01624127e-02,
          3.48027833e-02, 3.01624127e-02, 3.94431539e-02, 4.40835245e-02,
          6.49651960e-02 ]
      - [ 7.23404214e-02, 1.91489346e-02, 2.97872331e-02, 1.06382975e-02,
          4.25531901e-02, 5.10638282e-02, 5.10638282e-02, 5.95744662e-02,
          4.04255316e-02, 3.82978693e-02, 4.89361696e-02, 1.27659570e-02,
          3.40425521e-02, 4.25531901e-02, 1.48936165e-02, 5.74468076e-02,
          4.25531901e-02, 4.25531901e-02, 5.74468076e-02, 3.82978693e-02,
          2.12765951e-02, 3.82978693e-02, 3.19148935e-02, 3.19148935e-02,
          7.02127665e-02 ]
      - [ 5.57184741e-02, 2.05278583e-02, 3.22580636e-02, 4.98533733e-02,
          2.05278583e-02, 2.05278583e-02, 5.27859256e-02, 5.27859256e-02,
          1.46627566e-02, 2.93255132e-02, 1.08504400e-01, 5.86510263e-02,
          3.81231681e-02, 4.10557166e-02, 3.51906158e-02, 4.69208211e-02,
          3.22580636e-02, 3.51906158e-02, 5.27859256e-02, 1.17302053e-02,
          2.05278583e-02, 2.05278583e-02, 4.10557166e-02, 1.75953079e-02,
          9.09090936e-02 ]
      - [ 3.01886797e-02, 4.15094346e-02, 4.15094346e-02, 3.01886797e-02,
          2.64150947e-02, 2.64150947e-02, 5.28301895e-02, 3.39622647e-02,
          2.64150947e-02, 4.90566045e-02, 6.41509444e-02, 6.03773594e-02,
          3.01886797e-02, 7.54716992e-03, 3.39622647e-02, 4.15094346e-02,
          4.90566045e-02, 2.64150947e-02, 5.66037744e-02, 2.64150947e-02,
          4.90566045e-02, 3.39622647e-02, 5.66037744e-02, 2.64150947e-02,
          7.92452842e-02 ]
      - [ 5.91715984e-02, 2.36686394e-02, 4.14201170e-02, 2.95857992e-02,
          3.55029590e-02, 7.69230798e-02, 5.91715984e-02, 3.55029590e-02,
          2.36686394e-02, 4.14201170e-02, 8.87573957e-02, 7.10059181e-02,
          2.36686394e-02, 1.18343197e-02, 4.73372787e-02, 5.32544404e-02,
          4.14201170e-02, 1.77514795e-02, 1.77514795e-02, 0.,
          1.18343197e-02, 3.55029590e-02, 2.95857992e-02, 1.77514795e-02,
          1.06508881e-01 ]
      - [ 2.15053763e-02, 4.30107526e-02, 1.61290318e-02, 1.07526882e-02,
          3.22580636e-02, 2.68817209e-02, 6.45161271e-02, 4.83870953e-02,
          2.15053763e-02, 5.91397844e-02, 1.61290318e-01, 1.61290318e-02,
          5.37634408e-03, 5.37634408e-03, 5.37634417e-02, 5.37634417e-02,
          2.68817209e-02, 1.07526882e-02, 5.37634417e-02, 1.61290318e-02,
          2.15053763e-02, 4.30107526e-02, 1.61290318e-02, 1.07526882e-02,
          1.61290318e-01 ]
      - [ 1.51515156e-02, 3.78787890e-02, 6.06060624e-02, 3.03030312e-02,
          1.51515156e-02, 3.78787890e-02, 6.06060624e-02, 6.81818202e-02,
          0., 4.54545468e-02, 3.03030312e-02, 4.54545468e-02,
          2.27272734e-02, 1.51515156e-02, 3.78787890e-02, 9.09090936e-02,
          5.30303046e-02, 2.27272734e-02, 7.57575780e-02, 3.03030312e-02,
          3.78787890e-02, 5.30303046e-02, 7.57575780e-03, 0.,
          1.06060609e-01 ]
      - [ 1.63043477e-02, 4.34782617e-02, 1.63043477e-02, 3.80434804e-02,
          3.80434804e-02, 6.52173907e-02, 5.97826093e-02, 5.43478280e-02,
          1.63043477e-02, 1.03260875e-01, 1.30434781e-01, 4.89130430e-02,
          0., 1.63043477e-02, 1.63043477e-02, 3.26086953e-02,
          1.08695654e-02, 2.17391308e-02, 4.89130430e-02, 2.17391308e-02,
          1.63043477e-02, 5.43478280e-02, 3.80434804e-02, 1.63043477e-02,
          7.60869607e-02 ]
      - [ 4.08163257e-02, 6.63265288e-02, 1.53061226e-02, 3.57142836e-02,
          2.55102031e-02, 3.06122452e-02, 4.08163257e-02, 2.04081628e-02,
          4.59183678e-02, 3.57142836e-02, 9.69387740e-02, 5.61224483e-02,
          0., 4.08163257e-02, 3.06122452e-02, 2.55102031e-02,
          1.02040814e-02, 2.04081628e-02, 5.10204062e-02, 2.55102031e-02,
          3.06122452e-02, 3.06122452e-02, 6.63265288e-02, 1.53061226e-02,
          1.42857134e-01 ]
      - [ 4.68750000e-02, 1.04166670e-02, 3.38541679e-02, 7.81250000e-03,
          3.38541679e-02, 4.42708358e-02, 4.94791679e-02, 6.51041716e-02,
          3.38541679e-02, 4.94791679e-02, 4.94791679e-02, 3.38541679e-02,
          6.25000000e-02, 5.98958358e-02, 1.56250000e-02, 4.16666679e-02,
          2.60416679e-02, 3.90625000e-02, 7.03125000e-02, 2.34375000e-02,
          3.90625000e-02, 2.86458340e-02, 4.42708358e-02, 4.16666679e-02,
          4.94791679e-02 ]
      - [ 5.90277798e-02, 4.16666679e-02, 1.38888890e-02, 2.77777780e-02,
          3.12500000e-02, 1.31944448e-01, 1.73611119e-02, 2.08333340e-02,
          4.86111119e-02, 6.59722239e-02, 5.20833321e-02, 0.,
          3.12500000e-02, 7.98611119e-02, 7.63888881e-02, 3.47222239e-02,
          2.08333340e-02, 3.47222239e-02, 3.12500000e-02, 1.04166670e-02,
          2.08333340e-02, 6.94444450e-03, 2.08333340e-02, 4.16666679e-02,
          7.98611119e-02 ]
      - [ 4.36507948e-02, 2.77777798e-02, 2.38095261e-02, 1.58730168e-02,
          3.17460336e-02, 1.62698418e-01, 2.38095261e-02, 2.38095261e-02,
          3.17460336e-02, 5.95238134e-02, 4.76190522e-02, 0.,
          2.77777798e-02, 6.74603209e-02, 1.34920642e-01, 4.76190522e-02,
          1.58730168e-02, 3.17460336e-02, 1.98412705e-02, 3.96825420e-03,
          2.77777798e-02, 3.96825420e-03, 1.58730168e-02, 4.36507948e-02,
          6.74603209e-02 ]
      - [ 3.60721461e-02, 4.80961949e-02, 2.80561130e-02, 3.80761512e-02,
          2.40480974e-02, 5.61122261e-02, 3.60721461e-02, 4.00801599e-02,
          3.80761512e-02, 8.01603198e-02, 4.40881774e-02, 1.20240487e-02,
          3.40681374e-02, 5.01001999e-02, 4.40881774e-02, 4.40881774e-02,
          5.41082174e-02, 2.80561130e-02, 3.80761512e-02, 4.80961949e-02,
          3.40681374e-02, 2.40480974e-02, 6.01202436e-03, 4.20841686e-02,
          7.21442923e-02 ]
      - [ 5.64263314e-02, 1.72413792e-02, 4.70219441e-02, 1.56739801e-02,
          3.44827585e-02, 3.29153612e-02, 5.17241359e-02, 4.70219441e-02,
          5.48589341e-02, 4.54545431e-02, 2.35109720e-02, 1.72413792e-02,
          5.32915331e-02, 5.79937287e-02, 2.82131657e-02, 5.17241359e-02,
          3.76175530e-02, 4.38871458e-02, 3.91849503e-02, 5.48589341e-02,
          6.58307225e-02, 2.19435729e-02, 1.72413792e-02, 5.79937287e-02,
          2.66457666e-02 ]
      - [ 1.16279066e-01, 1.55038759e-02, 5.27131781e-02, 1.70542635e-02,
          3.87596898e-02, 2.17054263e-02, 5.42635657e-02, 4.96124029e-02,
          3.10077518e-02, 4.80620153e-02, 1.86046511e-02, 2.17054263e-02,
          6.82170540e-02, 6.66666627e-02, 1.08527131e-02, 5.11627905e-02,
          4.34108526e-02, 4.65116277e-02, 4.65116277e-02, 3.72093022e-02,
          2.48062015e-02, 3.10077518e-02, 1.24031007e-02, 5.11627905e-02,
          2.48062015e-02 ]
      - [ 5.08166961e-02, 1.27041740e-02, 4.53720503e-02, 3.62976417e-02,
          2.35934667e-02, 5.44464625e-02, 5.80762252e-02, 3.81125212e-02,
          2.90381126e-02, 3.99274044e-02, 6.17059879e-02, 2.90381126e-02,
          5.44464625e-02, 6.71506375e-02, 2.72232313e-02, 4.17422876e-02,
          3.81125212e-02, 2.17785835e-02, 4.53720503e-02, 5.80762252e-02,
          3.99274044e-02, 3.44827585e-02, 2.72232313e-02, 2.35934667e-02,
          4.17422876e-02 ]
      - [ 6.70391098e-02, 1.86219737e-02, 4.09683436e-02, 2.04841718e-02,
          3.35195549e-02, 3.53817493e-02, 6.33147135e-02, 6.33147135e-02,
          1.86219737e-02, 3.72439474e-02, 4.84171323e-02, 2.42085662e-02,
          4.46927398e-02, 6.51769117e-02, 2.97951587e-02, 4.65549342e-02,
          3.91061455e-02, 3.53817493e-02, 7.07634985e-02, 3.53817493e-02,
          2.23463699e-02, 5.77281192e-02, 1.48975793e-02, 4.09683436e-02,
          2.60707643e-02 ]
      - [ 6.08108118e-02, 2.70270277e-02, 3.37837860e-02, 6.75675720e-02,
          2.02702712e-02, 5.40540554e-02, 4.05405425e-02, 5.40540554e-02,
          2.70270277e-02, 2.02702712e-02, 6.75675720e-02, 3.37837860e-02,
          2.70270277e-02, 9.45945978e-02, 2.70270277e-02, 5.40540554e-02,
          6.75675692e-03, 2.02702712e-02, 2.02702712e-02, 6.75675692e-03,
          2.70270277e-02, 2.02702712e-02, 4.72972989e-02, 2.70270277e-02,
          1.14864871e-01 ]
      - [ 5.88235296e-02, 2.81329919e-02, 3.83631699e-02, 2.55754478e-02,
          3.83631699e-02, 7.92838857e-02, 4.60358039e-02, 6.39386177e-02,
          3.06905359e-02, 5.37084378e-02, 3.06905359e-02, 1.53452680e-02,
          3.58056277e-02, 2.55754478e-02, 5.62659837e-02, 4.85933498e-02,
          1.53452680e-02, 4.60358039e-02, 5.37084378e-02, 2.04603579e-02,
          1.79028139e-02, 4.09207158e-02, 1.53452680e-02, 7.16112554e-02,
          4.34782617e-02 ]
      - [ 3.78006883e-02, 2.74914093e-02, 2.74914093e-02, 3.09278350e-02,
          2.40549836e-02, 1.03092782e-01, 3.43642607e-02, 4.81099673e-02,
          2.40549836e-02, 6.87285215e-02, 2.74914093e-02, 2.74914093e-02,
          6.52920976e-02, 3.43642607e-02, 5.84192462e-02, 4.81099673e-02,
          1.71821304e-02, 5.15463911e-02, 4.81099673e-02, 6.87285233e-03,
          3.09278350e-02, 4.12371159e-02, 2.06185579e-02, 4.46735397e-02,
          5.15463911e-02 ]
      - [ 4.11764719e-02, 3.52941193e-02, 4.41176482e-02, 3.52941193e-02,
          2.64705885e-02, 1.05882354e-01, 6.17647059e-02, 5.88235296e-02,
          2.35294122e-02, 4.70588244e-02, 2.64705885e-02, 8.82352982e-03,
          4.11764719e-02, 3.52941193e-02, 5.00000007e-02, 5.00000007e-02,
          2.94117648e-02, 4.11764719e-02, 4.70588244e-02, 2.64705885e-02,
          2.05882359e-02, 3.82352956e-02, 1.76470596e-02, 2.94117648e-02,
          5.88235296e-02 ]
      - [ 7.43801594e-02, 3.71900797e-02, 2.06611566e-02, 2.47933865e-02,
          3.30578499e-02, 8.26446265e-02, 4.13223132e-02, 2.47933865e-02,
          4.13223132e-02, 5.37190065e-02, 4.13223132e-02, 1.23966932e-02,
          2.89256182e-02, 7.85123929e-02, 1.19834706e-01, 3.30578499e-02,
          3.30578499e-02, 2.47933865e-02, 2.47933865e-02, 4.13223123e-03,
          1.65289249e-02, 8.26446246e-03, 2.47933865e-02, 3.71900797e-02,
          7.85123929e-02 ]
      - [ 4.86891381e-02, 2.62172297e-02, 4.86891381e-02, 2.62172297e-02,
          2.99625471e-02, 9.36329588e-02, 4.49438207e-02, 4.11985032e-02,
          3.37078646e-02, 7.49063641e-02, 7.11610466e-02, 1.12359552e-02,
          2.99625471e-02, 2.62172297e-02, 6.74157292e-02, 4.49438207e-02,
          2.24719103e-02, 4.11985032e-02, 4.86891381e-02, 1.12359552e-02,
          7.49063678e-03, 1.49812736e-02, 2.99625471e-02, 2.99625471e-02,
          7.49063641e-02 ]
      - [ 8.16326514e-02, 3.40136066e-02, 3.85487527e-02, 3.17460336e-02,
          2.49433108e-02, 2.94784587e-02, 4.53514755e-02, 5.89569174e-02,
          2.26757377e-02, 4.53514755e-02, 8.84353742e-02, 2.72108838e-02,
          2.72108838e-02, 6.12244904e-02, 2.26757373e-03, 6.57596365e-02,
          2.94784587e-02, 3.62811796e-02, 5.66893443e-02, 1.36054419e-02,
          1.13378689e-02, 3.17460336e-02, 3.40136066e-02, 3.62811796e-02,
          6.57596365e-02 ]
      - [ 6.48148134e-02, 2.16049384e-02, 1.85185187e-02, 4.32098769e-02,
          2.46913582e-02, 4.32098769e-02, 7.09876567e-02, 6.17283955e-02,
          1.85185187e-02, 5.55555560e-02, 5.24691343e-02, 2.46913582e-02,
          2.46913582e-02, 1.54320989e-02, 5.86419776e-02, 9.56790149e-02,
          2.77777780e-02, 4.01234552e-02, 4.32098769e-02, 9.25925933e-03,
          2.77777780e-02, 4.32098769e-02, 2.16049384e-02, 2.46913582e-02,
          6.79012388e-02 ]
      - [ 5.39568365e-02, 4.31654677e-02, 2.51798574e-02, 1.07913669e-02,
          7.19424477e-03, 3.95683460e-02, 6.11510798e-02, 3.95683460e-02,
          2.51798574e-02, 1.04316548e-01, 4.67625894e-02, 1.43884895e-02,
          2.87769791e-02, 3.59712243e-02, 8.27338174e-02, 7.91366920e-02,
          1.43884895e-02, 2.87769791e-02, 6.47482052e-02, 1.07913669e-02,
          2.51798574e-02, 4.67625894e-02, 2.87769791e-02, 3.59712243e-02,
          4.67625894e-02 ]
      - [ 4.44839858e-02, 3.91459055e-02, 6.22775778e-02, 2.31316723e-02,
          4.80427034e-02, 3.38078290e-02, 5.51601425e-02, 5.69395013e-02,
          3.02491095e-02, 4.27046269e-02, 5.87188601e-02, 4.80427034e-02,
          2.84697507e-02, 1.60142351e-02, 1.42348753e-02, 6.22775778e-02,
          3.55871879e-02, 3.20284702e-02, 4.98220623e-02, 2.49110311e-02,
          3.91459055e-02, 2.49110311e-02, 4.62633446e-02, 2.66903918e-02,
          5.69395013e-02 ]
      - [ 7.09046498e-02, 2.44498793e-02, 3.91198061e-02, 1.71149150e-02,
          2.68948674e-02, 1.95599031e-02, 7.82396123e-02, 4.64547686e-02,
          4.15647924e-02, 6.60146698e-02, 8.06846023e-02, 1.46699268e-02,
          2.68948674e-02, 2.93398537e-02, 9.77995154e-03, 6.60146698e-02,
          2.93398537e-02, 3.66748199e-02, 4.40097824e-02, 2.20048912e-02,
          2.68948674e-02, 5.62347211e-02, 4.15647924e-02, 2.68948674e-02,
          5.86797073e-02 ]
      - [ 4.77178432e-02, 3.73443998e-02, 5.80912903e-02, 3.11203338e-02,
          3.94190885e-02, 5.39419129e-02, 4.97925356e-02, 4.56431545e-02,
          4.56431545e-02, 3.73443998e-02, 2.69709565e-02, 1.65975112e-02,
          3.73443998e-02, 3.11203338e-02, 2.90456451e-02, 4.14937772e-02,
          4.56431545e-02, 3.52697112e-02, 6.22406676e-02, 4.97925356e-02,
          3.52697112e-02, 3.73443998e-02, 2.69709565e-02, 4.56431545e-02,
          3.31950225e-02 ]
      - [ 5.37427999e-02, 2.49520149e-02, 4.41458710e-02, 4.03071009e-02,
          4.03071009e-02, 2.49520149e-02, 4.60652560e-02, 6.90978840e-02,
          3.45489420e-02, 6.71785027e-02, 3.26295570e-02, 2.68714000e-02,
          3.26295570e-02, 5.37427999e-02, 2.68714000e-02, 2.68714000e-02,
          4.79846448e-02, 4.60652560e-02, 3.64683308e-02, 3.26295570e-02,
          4.99040298e-02, 3.83877158e-02, 3.07101719e-02, 4.22264859e-02,
          3.07101719e-02 ]
      - [ 6.50406480e-02, 2.03252025e-02, 4.87804860e-02, 4.06504050e-02,
          4.47154455e-02, 9.75609720e-02, 4.47154455e-02, 4.87804860e-02,
          2.43902430e-02, 4.06504050e-02, 6.09756075e-02, 2.43902430e-02,
          1.21951215e-02, 4.47154455e-02, 4.47154455e-02, 2.84552835e-02,
          1.62601620e-02, 2.03252025e-02, 5.28455265e-02, 2.43902430e-02,
          2.84552835e-02, 3.65853645e-02, 4.87804860e-02, 2.43902430e-02,
          5.69105670e-02 ]
      - [ 2.57879663e-02, 1.71919782e-02, 4.87106033e-02, 2.29226369e-02,
          1.43266479e-02, 2.86532957e-02, 4.58452739e-02, 4.29799445e-02,
          2.29226369e-02, 2.86532957e-02, 9.45558771e-02, 4.29799445e-02,
          3.43839563e-02, 2.86532957e-02, 3.43839563e-02, 6.01719208e-02,
          5.15759327e-02, 3.15186270e-02, 4.01146151e-02, 2.57879663e-02,
          1.71919782e-02, 3.43839563e-02, 4.87106033e-02, 4.29799445e-02,
          1.14613183e-01 ]
      - [ 5.20325191e-02, 2.43902430e-02, 3.57723571e-02, 2.92682927e-02,
          4.87804860e-02, 4.22764234e-02, 4.87804860e-02, 5.36585338e-02,
          4.06504050e-02, 2.60162596e-02, 5.04065044e-02, 3.41463424e-02,
          4.06504050e-02, 3.41463424e-02, 2.76422761e-02, 4.55284528e-02,
          4.87804860e-02, 2.76422761e-02, 5.04065044e-02, 5.20325191e-02,
          3.73983718e-02, 3.73983718e-02, 3.90243903e-02, 3.25203240e-02,
          4.06504050e-02 ]
      - [ 4.45151031e-02, 2.86168531e-02, 6.51828274e-02, 3.17965038e-02,
          6.20031804e-02, 3.33863273e-02, 3.81558016e-02, 5.24642281e-02,
          5.24642281e-02, 5.24642281e-02, 2.54372023e-02, 7.15421289e-02,
          2.86168531e-02, 2.38473769e-02, 1.90779008e-02, 4.61049303e-02,
          5.24642281e-02, 3.49761546e-02, 4.29252796e-02, 2.22575516e-02,
          5.40540554e-02, 2.70270277e-02, 4.76947539e-02, 1.90779008e-02,
          2.38473769e-02 ]
      - [ 3.91304344e-02, 5.86956479e-02, 4.99999970e-02, 5.21739125e-02,
          3.04347817e-02, 4.56521735e-02, 7.17391297e-02, 4.34782580e-02,
          3.26086953e-02, 6.30434752e-02, 2.39130426e-02, 7.39130378e-02,
          3.47826071e-02, 2.82608680e-02, 1.30434781e-02, 5.86956479e-02,
          3.91304344e-02, 2.60869563e-02, 4.78260852e-02, 1.95652172e-02,
          2.82608680e-02, 3.91304344e-02, 2.39130426e-02, 3.26086953e-02,
          2.39130426e-02 ]
      - [ 3.78548913e-02, 1.41955838e-02, 4.57413271e-02, 1.73501577e-02,
          8.35962147e-02, 3.47003154e-02, 4.73186113e-02, 4.57413271e-02,
          6.30914867e-02, 3.62776034e-02, 1.41955838e-02, 1.41955838e-02,
          4.10094634e-02, 4.57413271e-02, 1.57728717e-02, 5.83596230e-02,
          6.78233430e-02, 3.15457433e-02, 3.94321792e-02, 7.57097825e-02,
          3.94321792e-02, 4.88958992e-02, 1.57728717e-02, 4.10094634e-02,
          2.52365936e-02 ]
      - [ 5.69948182e-02, 2.59067360e-02, 4.83592413e-02, 1.89982727e-02,
          3.45423147e-02, 2.24525034e-02, 5.69948182e-02, 4.31778915e-02,
          3.97236608e-02, 3.79965454e-02, 1.55440411e-02, 1.72711574e-02,
          3.79965454e-02, 5.87219335e-02, 2.76338514e-02, 4.66321260e-02,
          5.87219335e-02, 3.79965454e-02, 6.04490489e-02, 6.56303987e-02,
          5.18134721e-02, 5.52677028e-02, 1.89982727e-02, 3.28151993e-02,
          2.93609668e-02 ]
      - [ 6.29496425e-02, 1.97841730e-02, 3.59712243e-02, 7.19424477e-03,
          5.39568365e-02, 5.21582738e-02, 4.31654677e-02, 5.57553954e-02,
          4.67625894e-02, 5.39568365e-02, 1.43884895e-02, 1.61870513e-02,
          1.97841730e-02, 5.39568365e-02, 1.43884895e-02, 5.75539581e-02,
          3.77697833e-02, 3.77697833e-02, 6.83453232e-02, 8.45323727e-02,
          3.05755399e-02, 6.29496425e-02, 2.15827338e-02, 3.41726616e-02,
          1.43884895e-02 ]
      - [ 3.54609936e-02, 4.96453904e-02, 4.01891246e-02, 1.41843967e-02,
          4.72813249e-02, 5.20094559e-02, 6.38297871e-02, 6.85579181e-02,
          1.41843967e-02, 5.20094559e-02, 3.54609936e-02, 4.01891246e-02,
          4.01891246e-02, 2.36406624e-02, 4.01891246e-02, 6.38297871e-02,
          4.49172594e-02, 2.60047279e-02, 4.25531901e-02, 3.54609936e-02,
          3.78250591e-02, 3.30969281e-02, 2.83687934e-02, 4.25531901e-02,
          2.83687934e-02 ]
   decision_functions:
      -
         sv_count: 143
         rho: -1.1451463118564869e+01
         alpha: [ 6.2500000000000000e+01, 6.2500000000000000e+01,
             6.2500000000000000e+01, 6.2500000000000000e+01,
             6.2500000000000000e+01, 6.2500000000000000e+01,
             6.2500000000000000e+01, 2.3127930983874368e+01,
             2.7011948209609621e+01, 6.2500000000000000e+01,
             6.2500000000000000e+01, 6.2500000000000000e+01,
             6.2500000000000000e+01, 6.2500000000000000e+01,
             6.2500000000000000e+01, 6.2500000000000000e+01,
             6.2500000000000000e+01, 6.2500000000000000e+01,
             6.2500000000000000e+01, 2.2760876587292728e+01,
             6.2500000000000000e+01, 6.2500000000000000e+01,
             6.2500000000000000e+01, 6.2500000000000000e+01,
             6.2500000000000000e+01, 6.2500000000000000e+01,
             1.7315307369237015e+01, 6.2500000000000000e+01,
             6.2500000000000000e+01, 6.2500000000000000e+01,
             6.2500000000000000e+01, 6.2500000000000000e+01,
             6.2500000000000000e+01, 6.2500000000000000e+01,
             6.2500000000000000e+01, 6.2500000000000000e+01,
             6.2500000000000000e+01, 6.2500000000000000e+01,
             6.2500000000000000e+01, 3.9739123412707272e+01,
             6.2500000000000000e+01, 6.2500000000000000e+01,
             6.2500000000000000e+01, 6.2500000000000000e+01,
             6.2500000000000000e+01, 6.2500000000000000e+01,
             6.2500000000000000e+01, 6.2500000000000000e+01,
             6.2500000000000000e+01, 6.2500000000000000e+01,
             6.2500000000000000e+01, 4.3092889710671258e+00,
             6.2500000000000000e+01, 1.3792793909130353e+01,
             5.5958204266063710e+01, 6.2500000000000000e+01,
             3.3927673240363184e+01, 6.2500000000000000e+01,
             6.2500000000000000e+01, 6.2445673444880917e+01,
             6.2500000000000000e+01, 4.1306190740359582e+01,
             5.8245037584051957e+01, 4.5184692630762981e+01,
             6.2500000000000000e+01, 6.2500000000000000e+01,
             6.2500000000000000e+01, 6.2500000000000000e+01,
             6.2500000000000000e+01, 6.2500000000000000e+01,
             1.9761136157026080e+01, 6.1089268146260046e+01,
             1.9306988309316893e+01, 6.2500000000000000e+01,
             6.2500000000000000e+01, -6.2500000000000000e+01,
             -6.2500000000000000e+01, -6.2500000000000000e+01,
             -6.2500000000000000e+01, -6.2500000000000000e+01,
             -6.2500000000000000e+01, -6.2500000000000000e+01,
             -6.2500000000000000e+01, -6.2500000000000000e+01,
             -6.2500000000000000e+01, -6.2500000000000000e+01,
             -6.2500000000000000e+01, -6.2500000000000000e+01,
             -6.2500000000000000e+01, -6.2500000000000000e+01,
             -6.2500000000000000e+01, -6.2500000000000000e+01,
             -6.2500000000000000e+01, -6.2500000000000000e+01,
             -6.2500000000000000e+01, -6.2500000000000000e+01,
             -6.2500000000000000e+01, -4.6692865815743801e+01,
             -6.2500000000000000e+01, -6.2500000000000000e+01,
             -6.2500000000000000e+01, -6.2500000000000000e+01,
             -6.2500000000000000e+01, -6.2500000000000000e+01,
             -6.2500000000000000e+01, -6.2500000000000000e+01,
             -6.2500000000000000e+01, -6.2500000000000000e+01,
             -6.2500000000000000e+01, -6.2500000000000000e+01,
             -6.2500000000000000e+01, -6.2500000000000000e+01,
             -6.2500000000000000e+01, -6.2500000000000000e+01,
             -6.2500000000000000e+01, -6.2500000000000000e+01,
             -6.2500000000000000e+01, -6.2500000000000000e+01,
             -6.2500000000000000e+01, -6.2500000000000000e+01,
             -6.2500000000000000e+01, -6.2500000000000000e+01,
             -6.1089268146260046e+01, -6.2500000000000000e+01,
             -6.2500000000000000e+01, -6.2500000000000000e+01,
             -6.2500000000000000e+01, -6.2500000000000000e+01,
             -6.2500000000000000e+01, -6.2500000000000000e+01,
             -6.2500000000000000e+01, -6.2500000000000000e+01,
             -6.2500000000000000e+01, -6.2500000000000000e+01,
             -6.2500000000000000e+01, -6.2500000000000000e+01,
             -6.2500000000000000e+01, -6.2500000000000000e+01,
             -6.2500000000000000e+01, -6.2500000000000000e+01,
             -6.2500000000000000e+01, -6.2500000000000000e+01,
             -6.2500000000000000e+01 ]
         index: [ 0, 1, 2, 3, 4, 5, 6, 7, 8, 9, 10, 11, 12, 13, 14, 15,
             16, 17, 18, 19, 20, 21, 22, 23, 24, 25, 26, 27, 28, 29, 30,
             31, 32, 33, 34, 35, 36, 37, 38, 39, 40, 41, 42, 43, 44, 45,
             46, 47, 48, 49, 50, 51, 52, 53, 54, 55, 56, 57, 58, 59, 60,
             61, 62, 63, 64, 65, 66, 67, 68, 69, 70, 71, 72, 73, 74, 75,
             76, 77, 78, 79, 80, 81, 82, 83, 84, 85, 86, 87, 88, 89, 90,
             91, 92, 93, 94, 95, 96, 97, 98, 99, 100, 101, 102, 103, 104,
             105, 106, 107, 108, 109, 110, 111, 112, 113, 114, 115, 116,
             117, 118, 119, 120, 121, 122, 123, 124, 125, 126, 127, 128,
             129, 130, 131, 132, 133, 134, 135, 136, 137, 138, 139, 140,
             141, 142 ]
