%YAML:1.0
---
opencv_ml_svm:
   format: 3
   svmType: C_SVC
   kernel:
      type: RBF
      gamma: 5.0625000000000009e-01
   C: 6.2500000000000000e+01
   term_criteria: { iterations:100 }
   var_count: 25
   class_count: 2
   class_labels: !!opencv-matrix
      rows: 2
      cols: 1
      dt: i
      data: [ 0, 1 ]
   sv_total: 132
   support_vectors:
      - [ 2.08333340e-02, 3.64583358e-02, 6.77083358e-02, 4.16666679e-02,
          2.08333340e-02, 3.12500000e-02, 4.68750000e-02, 5.20833358e-02,
          2.60416679e-02, 3.64583358e-02, 3.64583358e-02, 4.68750000e-02,
          4.68750000e-02, 5.20833349e-03, 4.68750000e-02, 3.12500000e-02,
          5.20833358e-02, 3.64583358e-02, 5.72916679e-02, 5.72916679e-02,
          7.81250000e-02, 3.64583358e-02, 2.08333340e-02, 2.60416679e-02,
          4.16666679e-02 ]
      - [ 2.74509825e-02, 2.74509825e-02, 7.84313753e-02, 1.96078438e-02,
          4.70588282e-02, 1.56862754e-02, 3.52941193e-02, 8.23529437e-02,
          2.35294141e-02, 4.70588282e-02, 2.35294141e-02, 4.31372561e-02,
          1.56862754e-02, 7.84313772e-03, 1.17647070e-02, 7.05882385e-02,
          9.41176564e-02, 4.70588282e-02, 8.23529437e-02, 3.52941193e-02,
          3.92156877e-02, 5.49019650e-02, 2.35294141e-02, 2.35294141e-02,
          2.35294141e-02 ]
      - [ 3.27102803e-02, 2.80373823e-02, 5.14018685e-02, 2.80373823e-02,
          1.86915882e-02, 1.40186911e-02, 6.54205605e-02, 6.07476607e-02,
          1.86915882e-02, 5.14018685e-02, 5.60747646e-02, 1.86915882e-02,
          5.60747646e-02, 9.34579410e-03, 1.86915882e-02, 5.14018685e-02,
          4.20560725e-02, 2.33644843e-02, 8.41121450e-02, 7.47663528e-02,
          3.73831764e-02, 4.67289686e-02, 2.33644843e-02, 3.73831764e-02,
          5.14018685e-02 ]
      - [ 6.36942685e-03, 1.91082805e-02, 8.28025490e-02, 2.54777074e-02,
          1.91082805e-02, 0., 4.45859879e-02, 6.36942685e-02,
          5.09554148e-02, 3.18471342e-02, 2.54777074e-02, 1.01910830e-01,
          1.91082805e-02, 6.36942685e-03, 0., 3.82165611e-02,
          4.45859879e-02, 3.82165611e-02, 7.00636953e-02, 3.18471342e-02,
          7.00636953e-02, 5.09554148e-02, 1.08280256e-01, 1.91082805e-02,
          3.18471342e-02 ]
      - [ 2.48756222e-02, 2.98507456e-02, 6.46766126e-02, 5.47263660e-02,
          3.48258689e-02, 2.48756222e-02, 4.97512445e-02, 6.96517378e-02,
          2.48756222e-02, 4.97512445e-02, 1.49253728e-02, 3.48258689e-02,
          2.48756222e-02, 9.95024852e-03, 5.47263660e-02, 5.47263660e-02,
          6.46766126e-02, 1.99004970e-02, 4.47761193e-02, 3.98009941e-02,
          4.97512445e-02, 5.47263660e-02, 5.47263660e-02, 2.98507456e-02,
          1.99004970e-02 ]
      - [ 4.90797535e-02, 4.29447852e-02, 4.90797535e-02, 6.74846619e-02,
          6.13496918e-03, 3.68098170e-02, 3.68098170e-02, 3.06748450e-02,
          1.84049085e-02, 4.90797535e-02, 9.81595069e-02, 1.22699384e-02,
          3.06748450e-02, 3.68098170e-02, 4.29447852e-02, 4.90797535e-02,
          4.90797535e-02, 6.13496900e-02, 1.84049085e-02, 1.22699384e-02,
          4.90797535e-02, 3.68098170e-02, 4.90797535e-02, 2.45398767e-02,
          4.29447852e-02 ]
      - [ 6.36942685e-03, 4.45859879e-02, 4.45859879e-02, 3.82165611e-02,
          2.54777074e-02, 5.73248416e-02, 3.18471342e-02, 7.00636953e-02,
          4.45859879e-02, 6.36942685e-02, 7.00636953e-02, 3.18471342e-02,
          1.91082805e-02, 0., 2.54777074e-02, 2.54777074e-02,
          2.54777074e-02, 1.91082805e-02, 2.54777074e-02, 8.91719759e-02,
          7.64331222e-02, 8.28025490e-02, 2.54777074e-02, 1.27388537e-02,
          4.45859879e-02 ]
      - [ 3.33333351e-02, 2.22222228e-02, 6.66666701e-02, 3.33333351e-02,
          1.66666675e-02, 2.77777780e-02, 4.44444455e-02, 5.00000007e-02,
          3.33333351e-02, 2.77777780e-02, 5.55555569e-03, 3.33333351e-02,
          2.77777780e-02, 3.88888903e-02, 5.55555569e-03, 5.00000007e-02,
          6.11111112e-02, 1.11111114e-02, 3.88888903e-02, 5.00000007e-02,
          1.11111112e-01, 4.44444455e-02, 1.11111112e-01, 3.33333351e-02,
          2.22222228e-02 ]
      - [ 1.76470596e-02, 3.52941193e-02, 5.88235296e-02, 2.35294122e-02,
          4.11764719e-02, 4.70588244e-02, 7.05882385e-02, 5.29411770e-02,
          3.52941193e-02, 4.70588244e-02, 3.52941193e-02, 7.05882385e-02,
          3.52941193e-02, 5.88235306e-03, 2.35294122e-02, 4.11764719e-02,
          5.88235296e-02, 1.76470596e-02, 4.70588244e-02, 1.76470596e-02,
          4.70588244e-02, 4.11764719e-02, 6.47058859e-02, 4.11764719e-02,
          2.35294122e-02 ]
      - [ 2.50000004e-02, 2.50000004e-02, 6.25000000e-02, 1.87500007e-02,
          3.12500000e-02, 1.25000002e-02, 3.75000015e-02, 5.00000007e-02,
          2.50000004e-02, 4.37499993e-02, 5.00000007e-02, 9.37500000e-02,
          3.12500000e-02, 6.87500015e-02, 1.25000002e-02, 2.50000004e-02,
          5.00000007e-02, 1.87500007e-02, 3.12500000e-02, 6.25000000e-02,
          1.06250003e-01, 3.12500000e-02, 5.00000007e-02, 1.87500007e-02,
          1.87500007e-02 ]
      - [ 4.23280410e-02, 3.17460299e-02, 6.34920597e-02, 3.17460299e-02,
          2.64550261e-02, 3.17460299e-02, 6.34920597e-02, 5.82010560e-02,
          5.29100513e-03, 2.64550261e-02, 4.76190448e-02, 3.17460299e-02,
          2.64550261e-02, 4.23280410e-02, 1.05820103e-02, 4.23280410e-02,
          4.76190448e-02, 3.70370373e-02, 4.23280410e-02, 3.17460299e-02,
          1.00529097e-01, 3.17460299e-02, 4.76190448e-02, 5.29100522e-02,
          2.64550261e-02 ]
      - [ 2.76243109e-02, 3.31491716e-02, 5.52486219e-02, 3.86740342e-02,
          3.31491716e-02, 5.52486209e-03, 3.31491716e-02, 6.62983432e-02,
          2.76243109e-02, 3.86740342e-02, 1.65745858e-02, 7.73480684e-02,
          3.86740342e-02, 3.31491716e-02, 1.10497242e-02, 3.86740342e-02,
          5.52486219e-02, 3.31491716e-02, 3.86740342e-02, 4.41988967e-02,
          6.07734844e-02, 5.52486219e-02, 8.28729346e-02, 2.76243109e-02,
          2.76243109e-02 ]
      - [ 2.11640205e-02, 1.58730149e-02, 5.82010560e-02, 3.70370373e-02,
          1.05820103e-02, 2.64550261e-02, 4.76190448e-02, 6.34920597e-02,
          2.11640205e-02, 5.82010560e-02, 4.76190448e-02, 4.23280410e-02,
          1.58730149e-02, 1.05820103e-02, 1.58730149e-02, 6.87830672e-02,
          6.34920597e-02, 3.70370373e-02, 5.82010560e-02, 4.23280410e-02,
          6.87830672e-02, 4.23280410e-02, 7.93650746e-02, 3.17460299e-02,
          1.58730149e-02 ]
      - [ 4.29447852e-02, 3.68098170e-02, 3.68098170e-02, 1.22699384e-02,
          6.13496900e-02, 1.84049085e-02, 4.90797535e-02, 9.20245349e-02,
          1.84049085e-02, 2.45398767e-02, 4.90797535e-02, 1.22699384e-02,
          3.06748450e-02, 4.29447852e-02, 6.13496918e-03, 4.29447852e-02,
          5.52147217e-02, 3.68098170e-02, 6.74846619e-02, 2.45398767e-02,
          3.68098170e-02, 1.84049085e-02, 3.06748450e-02, 4.29447852e-02,
          1.10429443e-01 ]
      - [ 5.84795326e-03, 3.50877196e-02, 6.43274859e-02, 3.50877196e-02,
          2.92397663e-02, 1.75438598e-02, 5.84795326e-02, 6.43274859e-02,
          4.09356728e-02, 3.50877196e-02, 6.43274859e-02, 2.33918130e-02,
          1.75438598e-02, 4.09356728e-02, 2.33918130e-02, 4.67836261e-02,
          4.67836261e-02, 4.09356728e-02, 5.84795326e-02, 4.67836261e-02,
          4.09356728e-02, 8.18713456e-02, 2.33918130e-02, 2.33918130e-02,
          3.50877196e-02 ]
      - [ 2.80898884e-02, 1.96629222e-02, 6.17977530e-02, 3.93258445e-02,
          3.93258445e-02, 1.96629222e-02, 3.08988765e-02, 5.61797768e-02,
          4.77528088e-02, 2.80898884e-02, 4.21348326e-02, 4.21348326e-02,
          3.08988765e-02, 3.08988765e-02, 2.24719103e-02, 4.21348326e-02,
          6.17977530e-02, 2.52808984e-02, 7.58427009e-02, 5.33707887e-02,
          3.37078646e-02, 4.77528088e-02, 2.24719103e-02, 3.08988765e-02,
          6.74157292e-02 ]
      - [ 5.97014911e-02, 6.34328350e-02, 5.22388034e-02, 1.49253728e-02,
          3.35820876e-02, 5.97014911e-02, 4.47761193e-02, 4.10447754e-02,
          3.73134315e-02, 3.73134315e-02, 1.86567158e-02, 2.98507456e-02,
          4.85074632e-02, 1.11940298e-02, 4.10447754e-02, 4.10447754e-02,
          3.73134315e-02, 5.22388034e-02, 4.10447754e-02, 3.73134315e-02,
          5.97014911e-02, 1.11940298e-02, 1.86567158e-02, 5.59701473e-02,
          5.22388034e-02 ]
      - [ 2.73631830e-02, 2.48756222e-02, 3.73134315e-02, 2.73631830e-02,
          2.48756222e-02, 6.96517378e-02, 2.73631830e-02, 4.47761193e-02,
          3.98009941e-02, 3.23383063e-02, 3.98009941e-02, 2.98507456e-02,
          4.72636819e-02, 4.47761193e-02, 3.48258689e-02, 4.97512445e-02,
          3.98009941e-02, 4.72636819e-02, 6.46766126e-02, 4.22885567e-02,
          9.95024852e-03, 3.23383063e-02, 2.98507456e-02, 3.98009941e-02,
          9.20398012e-02 ]
      - [ 5.90551198e-02, 3.54330689e-02, 5.11811003e-02, 1.96850393e-02,
          3.14960629e-02, 1.06299214e-01, 2.75590550e-02, 3.54330689e-02,
          3.93700786e-02, 2.36220472e-02, 2.75590550e-02, 1.18110236e-02,
          5.90551198e-02, 2.36220472e-02, 4.33070883e-02, 2.75590550e-02,
          4.33070883e-02, 5.51181100e-02, 6.69291317e-02, 3.14960629e-02,
          6.29921257e-02, 7.87401572e-03, 1.57480314e-02, 4.72440943e-02,
          4.72440943e-02 ]
      - [ 2.96610165e-02, 4.23728824e-02, 3.60169485e-02, 6.56779632e-02,
          4.87288125e-02, 9.53389853e-02, 2.33050846e-02, 2.54237279e-02,
          3.38983051e-02, 4.02542390e-02, 2.54237279e-02, 3.60169485e-02,
          3.81355919e-02, 3.17796618e-02, 1.05932206e-01, 1.90677959e-02,
          4.02542390e-02, 3.81355919e-02, 8.47457629e-03, 2.11864412e-02,
          5.72033897e-02, 1.69491526e-02, 4.66101691e-02, 2.33050846e-02,
          5.08474559e-02 ]
      - [ 4.24242392e-02, 4.84848469e-02, 6.66666627e-02, 4.84848469e-02,
          1.21212117e-02, 4.24242392e-02, 4.84848469e-02, 4.24242392e-02,
          3.03030293e-02, 9.09090862e-02, 4.84848469e-02, 4.24242392e-02,
          3.03030293e-02, 6.06060587e-02, 1.21212117e-02, 3.63636352e-02,
          3.63636352e-02, 1.81818176e-02, 3.63636352e-02, 3.03030293e-02,
          4.84848469e-02, 6.66666627e-02, 1.81818176e-02, 1.21212117e-02,
          3.03030293e-02 ]
      - [ 1.90476198e-02, 5.23809530e-02, 7.14285746e-02, 6.66666701e-02,
          1.90476198e-02, 6.19047657e-02, 3.80952395e-02, 2.85714306e-02,
          4.28571440e-02, 6.66666701e-02, 3.80952395e-02, 6.19047657e-02,
          4.76190485e-02, 3.80952395e-02, 1.42857153e-02, 2.85714306e-02,
          6.19047657e-02, 2.85714306e-02, 1.90476198e-02, 3.33333351e-02,
          5.71428612e-02, 3.33333351e-02, 4.28571440e-02, 1.42857153e-02,
          1.42857153e-02 ]
      - [ 5.81395328e-02, 5.81395347e-03, 4.06976752e-02, 1.16279069e-02,
          3.48837227e-02, 1.16279069e-02, 7.55813941e-02, 5.23255803e-02,
          4.06976752e-02, 5.23255803e-02, 4.65116277e-02, 4.65116277e-02,
          5.81395347e-03, 2.90697664e-02, 0., 6.39534891e-02,
          4.06976752e-02, 2.32558139e-02, 6.97674453e-02, 5.81395328e-02,
          5.81395328e-02, 5.23255803e-02, 5.81395328e-02, 3.48837227e-02,
          2.90697664e-02 ]
      - [ 3.84615399e-02, 1.09890113e-02, 4.94505502e-02, 2.19780225e-02,
          3.84615399e-02, 0., 4.94505502e-02, 5.49450554e-02,
          2.74725277e-02, 2.74725277e-02, 8.79120901e-02, 3.84615399e-02,
          4.39560451e-02, 3.84615399e-02, 5.49450563e-03, 2.19780225e-02,
          4.39560451e-02, 4.94505502e-02, 5.49450554e-02, 3.29670347e-02,
          4.94505502e-02, 3.29670347e-02, 7.14285746e-02, 4.94505502e-02,
          6.04395606e-02 ]
      - [ 2.65957434e-02, 2.12765951e-02, 5.85106350e-02, 4.78723384e-02,
          3.72340418e-02, 2.12765951e-02, 1.59574468e-02, 7.44680837e-02,
          3.19148935e-02, 6.38297871e-02, 6.38297871e-02, 3.72340418e-02,
          3.19148935e-02, 2.65957434e-02, 4.25531901e-02, 2.65957434e-02,
          4.25531901e-02, 2.12765951e-02, 5.31914867e-02, 5.31914867e-02,
          5.85106350e-02, 3.19148935e-02, 2.65957434e-02, 3.19148935e-02,
          5.31914867e-02 ]
      - [ 2.95566507e-02, 1.97044332e-02, 4.43349741e-02, 4.43349741e-02,
          2.95566507e-02, 3.94088663e-02, 3.94088663e-02, 6.40394092e-02,
          3.44827585e-02, 7.38916248e-02, 4.43349741e-02, 2.46305410e-02,
          1.47783253e-02, 2.46305410e-02, 2.46305410e-02, 5.91133013e-02,
          6.40394092e-02, 1.97044332e-02, 6.40394092e-02, 3.94088663e-02,
          5.41871898e-02, 6.89655170e-02, 9.85221658e-03, 2.95566507e-02,
          3.94088663e-02 ]
      - [ 2.40963846e-02, 3.01204808e-02, 1.80722885e-02, 2.40963846e-02,
          3.61445770e-02, 3.01204808e-02, 1.80722885e-02, 6.62650615e-02,
          3.01204808e-02, 6.02409616e-02, 8.43373463e-02, 3.61445770e-02,
          1.20481923e-02, 1.20481923e-02, 3.61445770e-02, 6.62650615e-02,
          6.02409616e-02, 1.80722885e-02, 6.02409616e-02, 4.21686731e-02,
          2.40963846e-02, 7.22891539e-02, 5.42168655e-02, 3.01204808e-02,
          5.42168655e-02 ]
      - [ 4.23280410e-02, 4.23280410e-02, 2.64550261e-02, 4.76190448e-02,
          3.17460299e-02, 3.70370373e-02, 4.76190448e-02, 1.00529097e-01,
          3.17460299e-02, 2.11640205e-02, 1.58730149e-02, 1.05820103e-02,
          7.40740746e-02, 5.29100522e-02, 5.29100522e-02, 3.17460299e-02,
          6.34920597e-02, 4.23280410e-02, 3.70370373e-02, 2.11640205e-02,
          3.70370373e-02, 4.76190448e-02, 3.70370373e-02, 3.17460299e-02,
          1.58730149e-02 ]
      - [ 1.20481923e-02, 3.61445770e-02, 4.21686731e-02, 4.21686731e-02,
          1.20481923e-02, 9.03614461e-02, 4.81927693e-02, 4.81927693e-02,
          3.01204808e-02, 9.63855386e-02, 3.01204808e-02, 1.80722885e-02,
          6.02409616e-02, 3.01204808e-02, 6.62650615e-02, 1.80722885e-02,
          2.40963846e-02, 3.01204808e-02, 7.83132464e-02, 1.20481923e-02,
          8.43373463e-02, 3.61445770e-02, 3.61445770e-02, 6.02409616e-03,
          1.20481923e-02 ]
      - [ 5.98802418e-03, 5.98802418e-03, 2.39520967e-02, 2.39520967e-02,
          1.19760484e-02, 5.38922176e-02, 3.59281451e-02, 4.79041934e-02,
          1.19760484e-02, 7.18562901e-02, 9.58083868e-02, 4.19161692e-02,
          5.98802418e-02, 2.99401209e-02, 5.38922176e-02, 6.58682659e-02,
          4.19161692e-02, 1.79640725e-02, 7.18562901e-02, 3.59281451e-02,
          3.59281451e-02, 2.39520967e-02, 3.59281451e-02, 5.98802418e-02,
          3.59281451e-02 ]
      - [ 4.65116277e-02, 5.98006621e-02, 2.65780725e-02, 5.31561449e-02,
          1.66112948e-02, 1.26245841e-01, 2.99003311e-02, 4.31893691e-02,
          3.32225896e-02, 4.31893691e-02, 2.32558139e-02, 6.64451811e-03,
          2.65780725e-02, 1.99335553e-02, 1.16279066e-01, 2.32558139e-02,
          4.65116277e-02, 5.64784035e-02, 3.32225896e-02, 2.65780725e-02,
          3.65448482e-02, 1.32890362e-02, 1.66112948e-02, 3.98671106e-02,
          3.65448482e-02 ]
      - [ 4.34782617e-02, 4.85933498e-02, 3.58056277e-02, 3.83631699e-02,
          2.04603579e-02, 5.62659837e-02, 3.32480818e-02, 3.58056277e-02,
          3.06905359e-02, 4.34782617e-02, 6.90537095e-02, 7.67263398e-03,
          5.11508957e-02, 3.58056277e-02, 8.18414316e-02, 4.34782617e-02,
          2.30179019e-02, 3.06905359e-02, 6.90537095e-02, 3.83631699e-02,
          2.55754478e-02, 1.53452680e-02, 1.27877239e-02, 5.11508957e-02,
          5.88235296e-02 ]
      - [ 2.50000004e-02, 3.12500000e-02, 5.62500022e-02, 6.87500015e-02,
          1.25000002e-02, 3.75000015e-02, 3.75000015e-02, 5.62500022e-02,
          2.50000004e-02, 8.74999985e-02, 8.12500045e-02, 3.75000015e-02,
          1.25000002e-02, 1.87500007e-02, 2.50000004e-02, 3.75000015e-02,
          2.50000004e-02, 3.12500000e-02, 6.25000000e-02, 2.50000004e-02,
          8.12500045e-02, 2.50000004e-02, 3.75000015e-02, 2.50000004e-02,
          3.75000015e-02 ]
      - [ 6.77200928e-02, 3.61173823e-02, 2.70880368e-02, 1.80586912e-02,
          3.16027105e-02, 1.12866819e-01, 1.80586912e-02, 5.64334095e-02,
          3.16027105e-02, 5.86907454e-02, 1.12866815e-02, 1.58013552e-02,
          5.64334095e-02, 5.19187376e-02, 4.28893901e-02, 2.93453727e-02,
          2.70880368e-02, 4.28893901e-02, 5.86907454e-02, 2.93453727e-02,
          3.16027105e-02, 6.77200919e-03, 2.48307008e-02, 4.51467261e-02,
          6.77200928e-02 ]
      - [ 1.18811876e-01, 1.98019799e-02, 2.97029689e-02, 6.43564314e-02,
          1.48514844e-02, 1.13861382e-01, 5.44554442e-02, 2.97029689e-02,
          4.95049497e-03, 3.46534662e-02, 9.90098994e-03, 0.,
          7.42574260e-02, 4.45544533e-02, 1.28712863e-01, 4.45544533e-02,
          2.47524753e-02, 3.96039598e-02, 3.96039598e-02, 1.98019799e-02,
          2.47524753e-02, 0., 4.95049497e-03, 4.95049506e-02,
          9.90098994e-03 ]
      - [ 1.81818176e-02, 4.24242392e-02, 5.45454547e-02, 1.81818176e-02,
          3.63636352e-02, 1.21212117e-02, 3.63636352e-02, 4.84848469e-02,
          1.81818176e-02, 5.45454547e-02, 4.24242392e-02, 4.24242392e-02,
          3.03030293e-02, 1.81818176e-02, 6.06060587e-03, 5.45454547e-02,
          5.45454547e-02, 4.24242392e-02, 5.45454547e-02, 4.84848469e-02,
          5.45454547e-02, 4.24242392e-02, 7.87878782e-02, 6.06060587e-02,
          3.03030293e-02 ]
      - [ 7.21153840e-02, 3.84615399e-02, 4.32692319e-02, 6.73076957e-02,
          1.44230779e-02, 1.00961544e-01, 4.32692319e-02, 2.88461559e-02,
          9.61538497e-03, 2.40384620e-02, 4.80769249e-03, 4.80769249e-03,
          4.80769239e-02, 8.17307755e-02, 1.63461551e-01, 3.84615399e-02,
          4.32692319e-02, 2.88461559e-02, 2.88461559e-02, 4.80769249e-03,
          2.88461559e-02, 0., 0., 7.21153840e-02, 9.61538497e-03 ]
      - [ 4.16666679e-02, 2.08333340e-02, 6.25000000e-02, 4.86111119e-02,
          6.25000000e-02, 6.94444450e-03, 6.94444478e-02, 6.25000000e-02,
          3.47222239e-02, 2.08333340e-02, 3.47222239e-02, 2.77777780e-02,
          1.38888890e-02, 2.77777780e-02, 0., 6.94444478e-02,
          4.16666679e-02, 4.16666679e-02, 5.55555560e-02, 4.86111119e-02,
          4.86111119e-02, 4.16666679e-02, 3.47222239e-02, 3.47222239e-02,
          4.86111119e-02 ]
      - [ 7.85340294e-02, 5.23560215e-03, 3.14136147e-02, 4.71204184e-02,
          5.23560215e-03, 1.51832461e-01, 5.23560196e-02, 2.61780098e-02,
          2.61780098e-02, 3.14136147e-02, 5.23560215e-03, 5.23560215e-03,
          7.85340294e-02, 8.37696344e-02, 8.90052393e-02, 3.14136147e-02,
          2.09424086e-02, 4.18848172e-02, 6.28272295e-02, 1.57068074e-02,
          1.57068074e-02, 5.23560215e-03, 5.23560215e-03, 6.28272295e-02,
          2.09424086e-02 ]
      - [ 3.26797403e-02, 1.96078438e-02, 7.84313753e-02, 5.22875823e-02,
          5.22875823e-02, 1.30718956e-02, 5.88235296e-02, 2.61437912e-02,
          2.61437912e-02, 2.61437912e-02, 3.92156877e-02, 5.22875823e-02,
          4.57516350e-02, 3.26797403e-02, 6.53594779e-03, 5.88235296e-02,
          5.22875823e-02, 1.30718956e-02, 4.57516350e-02, 6.53594807e-02,
          3.92156877e-02, 4.57516350e-02, 4.57516350e-02, 3.26797403e-02,
          3.92156877e-02 ]
      - [ 3.94736826e-02, 2.63157897e-02, 7.89473653e-02, 3.94736826e-02,
          5.26315793e-02, 6.57894742e-03, 2.63157897e-02, 5.26315793e-02,
          2.63157897e-02, 2.63157897e-02, 1.97368413e-02, 3.94736826e-02,
          3.28947380e-02, 6.57894742e-03, 1.97368413e-02, 5.92105277e-02,
          6.57894760e-02, 3.28947380e-02, 4.60526310e-02, 3.94736826e-02,
          6.57894760e-02, 5.92105277e-02, 5.92105277e-02, 3.28947380e-02,
          4.60526310e-02 ]
      - [ 1.96078438e-02, 1.96078438e-02, 5.88235296e-02, 3.26797403e-02,
          7.84313753e-02, 6.53594779e-03, 1.30718956e-02, 3.92156877e-02,
          4.57516350e-02, 5.22875823e-02, 2.61437912e-02, 5.22875823e-02,
          3.92156877e-02, 1.30718956e-02, 1.96078438e-02, 4.57516350e-02,
          6.53594807e-02, 1.30718956e-02, 5.22875823e-02, 6.53594807e-02,
          4.57516350e-02, 5.22875823e-02, 6.53594807e-02, 2.61437912e-02,
          5.22875823e-02 ]
      - [ 7.38916248e-02, 1.47783253e-02, 3.44827585e-02, 2.95566507e-02,
          1.47783253e-02, 9.35960561e-02, 2.46305410e-02, 4.92610820e-02,
          4.92610829e-03, 4.43349741e-02, 1.47783253e-02, 4.92610829e-03,
          1.13300487e-01, 5.91133013e-02, 1.42857134e-01, 3.44827585e-02,
          2.46305410e-02, 4.43349741e-02, 6.40394092e-02, 1.97044332e-02,
          0., 0., 4.92610829e-03, 5.41871898e-02, 3.44827585e-02 ]
      - [ 1.25714287e-01, 1.14285713e-02, 2.85714287e-02, 6.28571436e-02,
          1.71428565e-02, 1.59999996e-01, 3.99999991e-02, 2.85714287e-02,
          5.71428565e-03, 1.14285713e-02, 5.71428565e-03, 0.,
          7.42857158e-02, 7.99999982e-02, 1.25714287e-01, 2.85714287e-02,
          3.99999991e-02, 3.42857130e-02, 2.28571426e-02, 0.,
          1.14285713e-02, 1.14285713e-02, 5.71428565e-03, 5.14285713e-02,
          1.71428565e-02 ]
      - [ 6.85920566e-02, 2.88808662e-02, 6.13718405e-02, 1.44404331e-02,
          6.49819523e-02, 2.52707582e-02, 4.69314083e-02, 4.69314083e-02,
          2.52707582e-02, 5.41516244e-02, 3.61010842e-02, 1.80505421e-02,
          4.33213003e-02, 1.08303251e-02, 4.33213003e-02, 5.41516244e-02,
          5.41516244e-02, 5.05415164e-02, 5.41516244e-02, 2.88808662e-02,
          4.33213003e-02, 1.44404331e-02, 1.08303251e-02, 4.69314083e-02,
          5.41516244e-02 ]
      - [ 6.98924735e-02, 3.76344100e-02, 3.22580636e-02, 2.68817209e-02,
          2.15053763e-02, 3.76344100e-02, 4.30107526e-02, 4.83870953e-02,
          2.15053763e-02, 5.37634417e-02, 5.37634417e-02, 4.30107526e-02,
          4.83870953e-02, 1.07526882e-02, 4.83870953e-02, 3.22580636e-02,
          3.76344100e-02, 5.37634417e-02, 5.37634417e-02, 3.76344100e-02,
          2.15053763e-02, 3.76344100e-02, 2.15053763e-02, 6.45161271e-02,
          4.30107526e-02 ]
      - [ 7.97872320e-02, 2.12765951e-02, 5.05319126e-02, 2.39361692e-02,
          2.39361692e-02, 6.64893612e-02, 2.65957434e-02, 5.85106350e-02,
          2.92553175e-02, 1.86170209e-02, 3.72340418e-02, 3.19148935e-02,
          5.58510609e-02, 3.45744677e-02, 5.05319126e-02, 2.39361692e-02,
          3.72340418e-02, 3.45744677e-02, 5.85106350e-02, 5.05319126e-02,
          3.45744677e-02, 2.39361692e-02, 3.45744677e-02, 2.92553175e-02,
          6.38297871e-02 ]
      - [ 4.60048430e-02, 4.60048430e-02, 3.14770006e-02, 3.87409218e-02,
          4.60048430e-02, 5.32687679e-02, 2.42130756e-02, 3.87409218e-02,
          3.38983051e-02, 4.11622301e-02, 4.11622301e-02, 2.17917692e-02,
          3.87409218e-02, 2.90556923e-02, 3.87409218e-02, 1.45278461e-02,
          3.87409218e-02, 5.32687679e-02, 4.11622301e-02, 5.08474596e-02,
          5.32687679e-02, 2.90556923e-02, 4.60048430e-02, 5.56900762e-02,
          4.84261513e-02 ]
      - [ 1.10526323e-01, 5.26315812e-03, 3.68421078e-02, 2.10526325e-02,
          2.63157897e-02, 8.94736871e-02, 3.15789506e-02, 4.21052650e-02,
          2.63157897e-02, 4.73684222e-02, 0., 1.05263162e-02,
          7.89473727e-02, 5.78947403e-02, 5.26315793e-02, 4.21052650e-02,
          2.10526325e-02, 6.31579012e-02, 5.78947403e-02, 2.63157897e-02,
          2.10526325e-02, 1.57894753e-02, 0., 6.31579012e-02,
          5.26315793e-02 ]
      - [ 4.65116277e-02, 1.39534883e-02, 6.97674453e-02, 4.65116277e-03,
          1.86046511e-02, 8.83720964e-02, 3.25581394e-02, 3.72093022e-02,
          6.51162788e-02, 3.72093022e-02, 3.72093022e-02, 4.18604650e-02,
          3.72093022e-02, 2.79069766e-02, 7.44186044e-02, 2.32558139e-02,
          3.72093022e-02, 2.79069766e-02, 3.25581394e-02, 5.58139533e-02,
          3.25581394e-02, 9.30232555e-03, 5.58139533e-02, 5.11627905e-02,
          4.18604650e-02 ]
      - [ 4.61538471e-02, 1.02564106e-02, 5.64102568e-02, 1.02564106e-02,
          2.05128212e-02, 9.23076943e-02, 5.64102568e-02, 7.17948750e-02,
          3.07692327e-02, 5.12820520e-02, 2.56410260e-02, 3.07692327e-02,
          3.07692327e-02, 4.61538471e-02, 6.15384653e-02, 5.12820520e-02,
          4.10256423e-02, 2.05128212e-02, 4.10256423e-02, 3.07692327e-02,
          3.07692327e-02, 1.53846163e-02, 5.12820520e-02, 2.05128212e-02,
          5.64102568e-02 ]
      - [ 0., 5.96026480e-02, 4.63576168e-02, 2.64900662e-02,
          2.64900662e-02, 3.31125818e-02, 4.63576168e-02, 6.62251636e-02,
          3.31125818e-02, 3.31125818e-02, 6.62251636e-02, 2.64900662e-02,
          1.98675506e-02, 0., 6.62251655e-03, 3.31125818e-02,
          4.63576168e-02, 3.97351012e-02, 5.96026480e-02, 1.98675506e-02,
          3.97351012e-02, 7.94702023e-02, 7.28476793e-02, 3.31125818e-02,
          8.60927179e-02 ]
      - [ 6.43642098e-02, 9.41915251e-03, 5.80847748e-02, 2.66875997e-02,
          1.56985875e-02, 7.69230798e-02, 3.61067504e-02, 3.45368907e-02,
          4.39560451e-02, 3.13971750e-02, 5.65149151e-02, 2.04081647e-02,
          4.70957607e-02, 5.65149151e-02, 7.22135007e-02, 3.13971750e-02,
          3.92464697e-02, 4.39560451e-02, 3.29670347e-02, 4.55259047e-02,
          3.29670347e-02, 1.41287288e-02, 1.72684453e-02, 4.55259047e-02,
          4.70957607e-02 ]
      - [ 3.62318829e-02, 4.58937176e-02, 2.41545886e-02, 3.62318829e-02,
          3.86473425e-02, 2.65700482e-02, 5.31400964e-02, 4.34782617e-02,
          3.14009674e-02, 3.62318829e-02, 6.03864715e-02, 5.31400964e-02,
          4.83091772e-02, 3.14009674e-02, 2.17391308e-02, 6.03864715e-02,
          4.58937176e-02, 4.10628021e-02, 4.34782617e-02, 2.65700482e-02,
          4.83091772e-02, 3.14009674e-02, 3.14009674e-02, 3.86473425e-02,
          4.58937176e-02 ]
      - [ 3.50109413e-02, 2.84463894e-02, 5.90809621e-02, 2.40700226e-02,
          2.18818374e-02, 3.50109413e-02, 5.03282286e-02, 4.59518619e-02,
          2.40700226e-02, 4.37636748e-02, 3.28227580e-02, 2.62582060e-02,
          3.93873081e-02, 4.81400453e-02, 3.06345746e-02, 5.03282286e-02,
          4.59518619e-02, 4.15754914e-02, 5.68927787e-02, 4.15754914e-02,
          4.59518619e-02, 3.06345746e-02, 3.50109413e-02, 5.47045954e-02,
          5.25164120e-02 ]
      - [ 2.49999985e-02, 1.36363637e-02, 5.68181798e-02, 4.09090891e-02,
          5.90909086e-02, 6.13636337e-02, 4.99999970e-02, 5.90909086e-02,
          4.09090891e-02, 7.27272704e-02, 2.04545446e-02, 3.63636352e-02,
          4.31818180e-02, 3.18181813e-02, 4.31818180e-02, 2.72727273e-02,
          4.54545431e-02, 3.40909064e-02, 4.31818180e-02, 2.27272715e-02,
          4.54545431e-02, 3.40909064e-02, 1.36363637e-02, 3.40909064e-02,
          4.54545431e-02 ]
      - [ 2.57611237e-02, 2.57611237e-02, 3.98126431e-02, 3.74707244e-02,
          4.44964841e-02, 6.55737668e-02, 4.91803251e-02, 5.15222475e-02,
          4.21545655e-02, 3.74707244e-02, 4.21545655e-02, 3.04449629e-02,
          3.27868834e-02, 3.51288058e-02, 3.27868834e-02, 2.81030424e-02,
          4.44964841e-02, 2.57611237e-02, 6.55737668e-02, 5.85480072e-02,
          3.74707244e-02, 3.51288058e-02, 3.04449629e-02, 3.74707244e-02,
          4.44964841e-02 ]
      - [ 4.99999970e-02, 3.24999988e-02, 4.49999981e-02, 1.49999997e-02,
          2.49999985e-02, 6.25000000e-02, 4.99999970e-02, 3.99999991e-02,
          2.74999999e-02, 2.74999999e-02, 3.50000001e-02, 5.24999984e-02,
          3.99999991e-02, 5.74999973e-02, 5.49999997e-02, 4.25000004e-02,
          5.49999997e-02, 3.24999988e-02, 2.99999993e-02, 3.99999991e-02,
          2.74999999e-02, 1.75000001e-02, 2.49999985e-02, 6.25000000e-02,
          5.24999984e-02 ]
      - [ 3.99999991e-02, 2.93333326e-02, 3.99999991e-02, 2.66666673e-02,
          3.73333320e-02, 4.26666662e-02, 3.19999978e-02, 5.86666651e-02,
          5.06666675e-02, 4.80000004e-02, 3.46666649e-02, 2.40000002e-02,
          4.53333333e-02, 7.99999945e-03, 2.66666673e-02, 2.13333331e-02,
          3.99999991e-02, 3.73333320e-02, 4.26666662e-02, 5.59999980e-02,
          5.86666651e-02, 2.40000002e-02, 3.99999991e-02, 3.99999991e-02,
          9.60000008e-02 ]
      - [ 7.09219873e-02, 2.12765951e-02, 2.83687934e-02, 2.83687934e-02,
          3.54609936e-02, 9.92907733e-02, 7.09219836e-03, 5.67375869e-02,
          4.25531901e-02, 7.09219836e-03, 0., 0., 1.20567374e-01,
          6.38297871e-02, 8.51063803e-02, 1.41843967e-02, 3.54609936e-02,
          8.51063803e-02, 8.51063803e-02, 7.09219836e-03, 1.41843967e-02,
          7.09219836e-03, 7.09219836e-03, 4.25531901e-02, 3.54609936e-02 ]
      - [ 1.17021270e-01, 5.31914877e-03, 3.19148935e-02, 3.72340418e-02,
          3.72340418e-02, 7.44680837e-02, 2.65957434e-02, 5.85106350e-02,
          3.72340418e-02, 3.19148935e-02, 0., 5.31914877e-03,
          1.22340418e-01, 5.31914867e-02, 6.38297871e-02, 1.59574468e-02,
          4.25531901e-02, 4.25531901e-02, 6.91489354e-02, 2.65957434e-02,
          1.06382975e-02, 1.06382975e-02, 5.31914877e-03, 3.72340418e-02,
          3.72340418e-02 ]
      - [ 1.02941178e-01, 2.57352944e-02, 4.77941185e-02, 3.67647074e-02,
          1.83823537e-02, 4.77941185e-02, 2.57352944e-02, 5.51470593e-02,
          2.57352944e-02, 1.47058824e-02, 5.51470593e-02, 1.83823537e-02,
          4.77941185e-02, 4.77941185e-02, 3.30882370e-02, 3.30882370e-02,
          5.88235296e-02, 4.77941185e-02, 2.94117648e-02, 2.20588241e-02,
          3.30882370e-02, 2.94117648e-02, 2.20588241e-02, 4.41176482e-02,
          7.72058815e-02 ]
      - [ 9.63855386e-02, 8.03212821e-03, 4.01606411e-02, 5.22088334e-02,
          3.61445770e-02, 9.63855386e-02, 3.21285129e-02, 6.02409616e-02,
          3.21285129e-02, 3.61445770e-02, 4.01606411e-03, 1.60642564e-02,
          7.22891539e-02, 2.81124488e-02, 6.82730898e-02, 1.20481923e-02,
          3.61445770e-02, 4.41767052e-02, 6.42570257e-02, 3.21285129e-02,
          2.40963846e-02, 0., 0., 6.82730898e-02, 4.01606411e-02 ]
      - [ 6.40394092e-02, 3.44827585e-02, 2.46305410e-02, 5.91133013e-02,
          2.46305410e-02, 1.13300487e-01, 4.92610829e-03, 5.91133013e-02,
          1.97044332e-02, 1.97044332e-02, 0., 1.97044332e-02,
          1.13300487e-01, 4.43349741e-02, 1.03448272e-01, 9.85221658e-03,
          5.91133013e-02, 4.43349741e-02, 5.91133013e-02, 2.95566507e-02,
          1.97044332e-02, 9.85221658e-03, 1.47783253e-02, 3.44827585e-02,
          1.47783253e-02 ]
      - [ 4.03225794e-02, 2.21774187e-02, 5.24193533e-02, 2.82258056e-02,
          3.83064523e-02, 5.84677383e-02, 3.42741907e-02, 4.83870953e-02,
          4.23387066e-02, 4.63709682e-02, 2.21774187e-02, 2.01612897e-02,
          4.83870953e-02, 4.63709682e-02, 2.41935477e-02, 4.23387066e-02,
          6.85483813e-02, 4.23387066e-02, 5.44354841e-02, 4.43548374e-02,
          4.83870953e-02, 2.62096766e-02, 2.62096766e-02, 3.42741907e-02,
          4.03225794e-02 ]
      - [ 3.00120041e-02, 3.84153649e-02, 6.42256886e-02, 3.36134434e-02,
          3.84153649e-02, 3.12124845e-02, 3.30132060e-02, 3.54141630e-02,
          3.84153649e-02, 5.82232885e-02, 5.64225689e-02, 4.68187258e-02,
          3.30132060e-02, 2.94117630e-02, 2.46098433e-02, 3.84153649e-02,
          4.86194454e-02, 3.30132060e-02, 3.42136845e-02, 5.76230474e-02,
          5.88235259e-02, 1.98079217e-02, 4.38175239e-02, 3.48139256e-02,
          3.96158434e-02 ]
      - [ 3.32103334e-02, 2.39852406e-02, 3.50553505e-02, 2.76752766e-02,
          3.32103334e-02, 5.71955740e-02, 4.05904055e-02, 5.16605154e-02,
          2.95202956e-02, 8.11808109e-02, 2.95202956e-02, 1.66051667e-02,
          5.35055362e-02, 3.50553505e-02, 4.79704812e-02, 4.42804433e-02,
          4.42804433e-02, 3.87453884e-02, 5.71955740e-02, 4.24354263e-02,
          3.13653126e-02, 2.21402217e-02, 9.22509283e-03, 4.24354263e-02,
          7.19557181e-02 ]
      - [ 4.42890450e-02, 6.75990656e-02, 2.56410260e-02, 1.70163170e-01,
          3.96270417e-02, 6.75990656e-02, 4.42890450e-02, 4.66200486e-02,
          3.72960381e-02, 1.86480191e-02, 1.86480191e-02, 3.03030312e-02,
          1.63170174e-02, 1.39860138e-02, 3.72960381e-02, 3.26340348e-02,
          2.33100243e-02, 4.19580415e-02, 4.42890450e-02, 9.32400953e-03,
          2.09790207e-02, 3.72960381e-02, 1.63170174e-02, 3.49650346e-02,
          6.06060624e-02 ]
      - [ 6.92041544e-03, 8.30449834e-02, 2.76816618e-02, 4.15224917e-02,
          4.84429076e-02, 4.15224917e-02, 4.15224917e-02, 1.17647059e-01,
          3.46020758e-02, 3.46020758e-02, 7.61245713e-02, 1.03806229e-02,
          6.92041544e-03, 3.46020772e-03, 2.76816618e-02, 3.46020758e-02,
          1.03806229e-02, 1.73010379e-02, 9.34256092e-02, 1.73010379e-02,
          3.80622856e-02, 8.65051895e-02, 2.07612459e-02, 1.03806229e-02,
          6.92041516e-02 ]
      - [ 7.39644989e-02, 2.95857992e-02, 2.36686394e-02, 7.10059181e-02,
          4.43786979e-02, 3.55029590e-02, 4.43786979e-02, 4.14201170e-02,
          4.73372787e-02, 5.62130176e-02, 1.47928996e-02, 2.36686394e-02,
          2.66272202e-02, 5.32544404e-02, 2.66272202e-02, 6.21301793e-02,
          3.55029590e-02, 2.95857992e-02, 6.21301793e-02, 1.47928996e-02,
          5.32544404e-02, 2.36686394e-02, 2.36686394e-02, 2.95857992e-02,
          5.32544404e-02 ]
      - [ 3.18513587e-02, 4.84406091e-02, 6.70205727e-02, 4.11413424e-02,
          2.85335109e-02, 4.64498997e-02, 2.32249498e-02, 5.17584607e-02,
          3.25149298e-02, 2.52156612e-02, 3.78234908e-02, 3.51692103e-02,
          5.83941601e-02, 4.18049097e-02, 6.63570017e-02, 2.18978096e-02,
          6.37027174e-02, 2.38885209e-02, 4.64498997e-02, 4.31320518e-02,
          4.97677512e-02, 2.91970801e-02, 1.79163907e-02, 2.85335109e-02,
          3.98142003e-02 ]
      - [ 4.80000004e-02, 1.60000008e-02, 4.80000004e-02, 4.00000028e-02,
          6.40000030e-02, 8.80000070e-02, 6.40000030e-02, 1.20000005e-01,
          5.60000017e-02, 1.60000008e-02, 8.00000038e-03, 1.60000008e-02,
          5.60000017e-02, 1.60000008e-02, 2.40000002e-02, 5.60000017e-02,
          2.40000002e-02, 4.80000004e-02, 7.20000044e-02, 2.40000002e-02,
          2.40000002e-02, 3.20000015e-02, 8.00000038e-03, 3.20000015e-02,
          0. ]
      - [ 3.67985256e-02, 3.12787481e-02, 3.67985256e-02, 7.17571303e-02,
          4.78380844e-02, 3.67985256e-02, 4.32382710e-02, 2.94388216e-02,
          4.13983427e-02, 2.11591534e-02, 5.51977903e-02, 5.05979732e-02,
          2.66789328e-02, 5.97976074e-02, 2.48390064e-02, 3.77184898e-02,
          3.31186727e-02, 3.95584181e-02, 2.94388216e-02, 4.50781956e-02,
          5.61177544e-02, 2.39190422e-02, 3.86384539e-02, 3.40386368e-02,
          4.87580486e-02 ]
      - [ 6.09981529e-02, 1.29390024e-02, 5.73012941e-02, 2.40295753e-02,
          2.21811458e-02, 9.98151600e-02, 2.77264323e-02, 3.88170071e-02,
          2.03327183e-02, 2.58780047e-02, 1.47874309e-02, 1.10905729e-02,
          5.91497235e-02, 8.31792951e-02, 9.79667306e-02, 2.21811458e-02,
          4.99075800e-02, 6.28465787e-02, 4.25138623e-02, 3.51201482e-02,
          2.40295753e-02, 7.39371544e-03, 0., 4.99075800e-02,
          4.99075800e-02 ]
      - [ 2.67489702e-02, 2.88065840e-02, 5.14403284e-02, 3.29218097e-02,
          5.14403284e-02, 2.26337444e-02, 4.52674888e-02, 5.34979403e-02,
          6.17283918e-02, 4.73251007e-02, 2.88065840e-02, 3.08641959e-02,
          2.88065840e-02, 4.11522621e-03, 5.34979403e-02, 4.52674888e-02,
          3.90946493e-02, 3.49794216e-02, 6.79012313e-02, 3.08641959e-02,
          5.34979403e-02, 5.76131679e-02, 4.93827164e-02, 2.46913582e-02,
          2.88065840e-02 ]
      - [ 2.53807101e-02, 3.55329961e-02, 1.52284261e-02, 3.55329961e-02,
          5.58375642e-02, 5.07614203e-02, 5.58375642e-02, 2.53807101e-02,
          7.61421323e-02, 9.13705528e-02, 2.03045681e-02, 5.58375642e-02,
          5.07614203e-02, 2.53807101e-02, 8.12182724e-02, 1.52284261e-02,
          2.53807101e-02, 1.01522841e-02, 3.55329961e-02, 4.06091362e-02,
          3.55329961e-02, 4.06091362e-02, 3.55329961e-02, 3.04568522e-02,
          3.04568522e-02 ]
      - [ 3.12500000e-02, 1.78571437e-02, 3.12500000e-02, 3.57142873e-02,
          3.57142873e-02, 7.58928582e-02, 4.01785746e-02, 7.14285746e-02,
          2.23214291e-02, 2.67857164e-02, 4.91071455e-02, 2.67857164e-02,
          4.46428582e-02, 1.33928582e-02, 6.25000000e-02, 6.25000000e-02,
          2.67857164e-02, 4.01785746e-02, 9.37500075e-02, 8.92857183e-03,
          3.12500000e-02, 5.80357164e-02, 4.46428591e-03, 2.23214291e-02,
          6.69642910e-02 ]
      - [ 4.59363945e-02, 1.41342757e-02, 4.24028262e-02, 2.82685515e-02,
          3.53356898e-02, 6.71378076e-02, 7.06713796e-02, 6.00706711e-02,
          3.53356898e-02, 4.59363945e-02, 3.88692580e-02, 3.53356898e-02,
          5.30035347e-02, 2.82685515e-02, 2.82685515e-02, 4.59363945e-02,
          3.18021215e-02, 3.53356898e-02, 4.94699664e-02, 1.76678449e-02,
          5.30035347e-02, 4.24028262e-02, 2.12014131e-02, 2.82685515e-02,
          4.59363945e-02 ]
      - [ 3.86740342e-02, 8.28729291e-03, 4.97237593e-02, 1.65745858e-02,
          3.31491716e-02, 3.03867422e-02, 4.69613262e-02, 6.07734844e-02,
          4.41988967e-02, 3.86740342e-02, 8.28729291e-03, 3.03867422e-02,
          2.76243109e-02, 5.80110513e-02, 2.20994484e-02, 5.24861887e-02,
          5.52486219e-02, 2.20994484e-02, 5.24861887e-02, 1.18784532e-01,
          4.14364673e-02, 5.80110513e-02, 1.38121555e-02, 3.03867422e-02,
          4.14364673e-02 ]
      - [ 2.39520967e-02, 4.79041934e-02, 5.08982055e-02, 5.68862297e-02,
          4.79041934e-02, 4.49101813e-02, 3.29341330e-02, 8.68263543e-02,
          4.49101813e-02, 3.89221571e-02, 2.99401209e-02, 3.89221571e-02,
          1.19760484e-02, 5.98802418e-03, 4.19161692e-02, 1.79640725e-02,
          4.49101813e-02, 8.98203626e-03, 5.08982055e-02, 4.49101813e-02,
          6.28742576e-02, 2.69461088e-02, 8.08383226e-02, 2.09580846e-02,
          3.59281451e-02 ]
      - [ 5.32994904e-02, 4.56852764e-02, 3.80710661e-02, 3.29949223e-02,
          3.55329961e-02, 5.07614203e-02, 4.06091362e-02, 5.07614203e-02,
          2.28426382e-02, 6.59898445e-02, 6.85279146e-02, 2.03045681e-02,
          4.06091362e-02, 3.80710661e-02, 1.26903551e-02, 3.55329961e-02,
          7.61421323e-02, 2.79187821e-02, 4.56852764e-02, 5.07614203e-02,
          4.56852764e-02, 2.53807101e-02, 2.28426382e-02, 2.53807101e-02,
          2.79187821e-02 ]
      - [ 3.00429184e-02, 1.28755365e-02, 2.14592274e-02, 4.29184549e-02,
          1.71673819e-02, 4.72102985e-02, 3.00429184e-02, 9.87124443e-02,
          2.14592274e-02, 5.57939932e-02, 4.29184549e-02, 2.14592274e-02,
          3.86266112e-02, 2.57510729e-02, 6.86695278e-02, 3.43347639e-02,
          1.28755365e-02, 4.29184549e-02, 7.72532225e-02, 5.15021458e-02,
          1.28755365e-02, 3.86266112e-02, 5.57939932e-02, 4.72102985e-02,
          5.15021458e-02 ]
      - [ 4.95049506e-02, 9.90098994e-03, 1.98019799e-02, 4.95049506e-02,
          3.46534662e-02, 4.95049506e-02, 6.93069324e-02, 7.42574260e-02,
          3.96039598e-02, 8.41584131e-02, 2.47524753e-02, 4.45544533e-02,
          1.98019799e-02, 3.46534662e-02, 2.47524753e-02, 4.45544533e-02,
          4.45544533e-02, 4.95049497e-03, 8.91089067e-02, 2.47524753e-02,
          3.96039598e-02, 9.90098994e-03, 2.47524753e-02, 1.48514844e-02,
          7.42574260e-02 ]
      - [ 5.66406250e-02, 4.88281250e-02, 3.12500000e-02, 4.29687500e-02,
          1.95312500e-02, 7.61718750e-02, 4.10156250e-02, 7.03125000e-02,
          2.92968750e-02, 5.46875000e-02, 1.56250000e-02, 2.14843750e-02,
          5.85937500e-02, 3.32031250e-02, 2.73437500e-02, 2.92968750e-02,
          4.10156250e-02, 4.10156250e-02, 6.25000000e-02, 5.46875000e-02,
          4.10156250e-02, 1.95312500e-02, 1.56250000e-02, 4.29687500e-02,
          2.53906250e-02 ]
      - [ 1.28417030e-01, 2.35219318e-02, 3.81436720e-02, 2.22504754e-02,
          2.22504754e-02, 2.73362994e-02, 3.62364911e-02, 4.89510484e-02,
          1.84361096e-02, 2.92434823e-02, 2.03432925e-02, 2.35219318e-02,
          9.21805426e-02, 1.14431024e-01, 2.54291147e-02, 3.49650346e-02,
          3.30578499e-02, 4.25937697e-02, 5.21296859e-02, 3.43293063e-02,
          2.67005712e-02, 2.09790207e-02, 1.39860138e-02, 4.95867766e-02,
          2.09790207e-02 ]
      - [ 3.34190242e-02, 3.85604128e-02, 7.71208256e-02, 6.94087371e-02,
          4.62724939e-02, 3.08483280e-02, 3.85604128e-02, 4.88431863e-02,
          4.11311053e-02, 2.05655526e-02, 2.31362469e-02, 1.79948583e-02,
          3.59897166e-02, 2.57069413e-02, 1.02827763e-02, 3.85604128e-02,
          5.91259636e-02, 5.65552711e-02, 5.91259636e-02, 5.14138825e-02,
          6.42673522e-02, 1.79948583e-02, 2.31362469e-02, 4.37017977e-02,
          2.82776356e-02 ]
      - [ 4.91803288e-02, 5.90163916e-02, 3.60655747e-02, 1.96721312e-02,
          4.91803288e-02, 1.63934417e-02, 3.93442623e-02, 6.88524619e-02,
          3.60655747e-02, 4.59016412e-02, 3.27868834e-02, 1.63934417e-02,
          4.59016412e-02, 2.29508206e-02, 2.29508206e-02, 5.24590164e-02,
          4.91803288e-02, 5.24590164e-02, 6.55737668e-02, 3.93442623e-02,
          3.93442623e-02, 3.93442623e-02, 1.63934417e-02, 4.91803288e-02,
          3.60655747e-02 ]
      - [ 3.98936160e-02, 3.72340418e-02, 4.52127643e-02, 2.92553175e-02,
          3.98936160e-02, 5.58510609e-02, 4.52127643e-02, 7.18085095e-02,
          5.05319126e-02, 3.72340418e-02, 4.52127643e-02, 2.12765951e-02,
          5.85106350e-02, 3.72340418e-02, 1.59574468e-02, 4.25531901e-02,
          3.45744677e-02, 3.72340418e-02, 7.97872320e-02, 1.59574468e-02,
          3.19148935e-02, 5.05319126e-02, 1.32978717e-02, 3.45744677e-02,
          2.92553175e-02 ]
      - [ 2.65151523e-02, 5.30303046e-02, 4.92424257e-02, 1.89393945e-02,
          3.78787890e-02, 1.51515156e-02, 5.68181835e-02, 5.68181835e-02,
          3.78787890e-02, 9.09090936e-02, 4.92424257e-02, 2.27272734e-02,
          2.27272734e-02, 1.13636367e-02, 1.89393945e-02, 5.30303046e-02,
          3.78787890e-02, 2.65151523e-02, 4.54545468e-02, 4.54545468e-02,
          3.78787890e-02, 4.54545468e-02, 3.78787890e-02, 3.40909101e-02,
          6.81818202e-02 ]
      - [ 3.55987065e-02, 2.91262139e-02, 8.09061527e-02, 2.58899685e-02,
          1.61812305e-02, 4.53074463e-02, 2.91262139e-02, 3.23624611e-02,
          1.61812305e-02, 3.23624611e-02, 2.58899685e-02, 5.50161824e-02,
          3.23624611e-02, 2.91262139e-02, 3.23624611e-02, 2.58899685e-02,
          5.17799370e-02, 6.14886768e-02, 4.85436916e-02, 4.85436916e-02,
          5.50161824e-02, 3.23624611e-02, 7.76699036e-02, 5.17799370e-02,
          2.91262139e-02 ]
      - [ 5.87371513e-02, 2.49632895e-02, 5.21292202e-02, 1.98237877e-02,
          3.30396481e-02, 8.29662234e-02, 3.08370031e-02, 4.03817892e-02,
          3.08370031e-02, 3.23054343e-02, 2.27606464e-02, 2.56975032e-02,
          5.80029376e-02, 5.28634340e-02, 6.60792962e-02, 4.18502204e-02,
          4.25844342e-02, 4.18502204e-02, 4.55212928e-02, 2.27606464e-02,
          4.55212928e-02, 2.79001463e-02, 2.20264308e-02, 5.21292202e-02,
          2.64317170e-02 ]
      - [ 1.24436706e-01, 1.40311345e-02, 4.31175753e-02, 1.89471524e-02,
          2.76526008e-02, 5.30520268e-02, 3.47193778e-02, 4.14789021e-02,
          2.68332642e-02, 3.25686187e-02, 1.48504712e-02, 6.34985650e-03,
          9.94469449e-02, 8.52109790e-02, 3.99426445e-02, 3.46169583e-02,
          3.95329781e-02, 5.25399409e-02, 4.67021726e-02, 4.46538292e-02,
          2.09954940e-02, 1.74108967e-02, 6.14502234e-03, 5.61245382e-02,
          1.86399017e-02 ]
      - [ 7.41605312e-02, 1.59813259e-02, 6.12318181e-02, 2.02908963e-02,
          2.60369908e-02, 4.38139699e-02, 3.01669966e-02, 4.66870181e-02,
          2.69348174e-02, 2.72939485e-02, 2.96282992e-02, 1.72382835e-02,
          7.45196640e-02, 7.14670494e-02, 3.08852587e-02, 2.87304725e-02,
          6.05135560e-02, 4.04022262e-02, 5.09965904e-02, 6.89531341e-02,
          3.03465612e-02, 2.38822047e-02, 3.07056922e-02, 4.09409218e-02,
          2.81917769e-02 ]
      - [ 6.10416494e-02, 3.78064401e-02, 6.79334477e-02, 4.34183329e-02,
          3.92832533e-02, 3.32775451e-02, 3.25883627e-02, 3.55419926e-02,
          4.00708877e-02, 1.86078567e-02, 7.48252450e-03, 2.05769427e-02,
          6.91149011e-02, 7.21669793e-02, 3.18007283e-02, 3.01270075e-02,
          6.21246435e-02, 5.26730344e-02, 3.80033478e-02, 6.63581789e-02,
          5.63158430e-02, 1.59495920e-02, 8.27015843e-03, 5.09008579e-02,
          8.56552180e-03 ]
      - [ 2.40963846e-02, 1.20481923e-02, 8.43373463e-02, 1.20481923e-02,
          0., 4.81927693e-02, 1.20481923e-02, 0., 0., 0., 1.20481923e-02,
          2.16867462e-01, 4.81927693e-02, 4.81927693e-02, 1.08433731e-01,
          3.61445770e-02, 8.43373463e-02, 3.61445770e-02, 0.,
          8.43373463e-02, 6.02409616e-02, 0., 1.20481923e-02,
          6.02409616e-02, 0. ]
      - [ 5.69105670e-02, 1.62601620e-02, 3.65853645e-02, 2.03252025e-02,
          2.03252025e-02, 3.65853645e-02, 3.25203240e-02, 5.69105670e-02,
          4.06504050e-02, 4.87804860e-02, 1.62601620e-02, 1.62601620e-02,
          7.31707290e-02, 5.28455265e-02, 4.06504050e-02, 2.43902430e-02,
          8.53658468e-02, 4.87804860e-02, 7.72357732e-02, 5.28455265e-02,
          3.65853645e-02, 2.84552835e-02, 4.06504050e-03, 5.28455265e-02,
          2.43902430e-02 ]
      - [ 3.32668684e-02, 3.01185846e-02, 6.82303160e-02, 3.39140147e-02,
          3.74645814e-02, 3.88813093e-02, 1.93444565e-02, 2.27026269e-02,
          3.91436666e-02, 2.01665089e-02, 1.01969419e-02, 1.98866613e-02,
          7.51565397e-02, 9.11778063e-02, 4.13299724e-02, 1.92395132e-02,
          6.68310747e-02, 4.96729277e-02, 2.59908345e-02, 8.75747725e-02,
          7.96515867e-02, 9.06006154e-03, 1.46745015e-02, 5.29261529e-02,
          1.33976983e-02 ]
      - [ 3.52716893e-02, 2.76453774e-02, 5.52907549e-02, 4.48045768e-02,
          9.53288842e-03, 6.38703555e-02, 3.33651118e-02, 2.47855112e-02,
          1.04861772e-02, 1.04861772e-02, 8.48427117e-02, 7.43565336e-02,
          2.76453774e-02, 2.00190656e-02, 6.67302236e-02, 2.95519549e-02,
          6.86367974e-02, 3.62249762e-02, 2.95519549e-02, 3.52716893e-02,
          4.48045768e-02, 1.52526218e-02, 7.43565336e-02, 4.76644449e-02,
          2.95519549e-02 ]
      - [ 4.48654033e-02, 4.38683964e-02, 5.18444665e-02, 4.18743789e-02,
          6.97906315e-03, 6.58025965e-02, 2.59222332e-02, 2.69192420e-02,
          1.99401788e-02, 2.19341982e-02, 2.39282157e-02, 6.08175471e-02,
          4.98504490e-02, 5.28414771e-02, 8.77367929e-02, 3.19042876e-02,
          5.78265227e-02, 4.08773683e-02, 2.19341982e-02, 2.79162526e-02,
          4.88534421e-02, 8.97308066e-03, 4.88534421e-02, 6.18145578e-02,
          2.59222332e-02 ]
      - [ 1.86170209e-02, 2.65957434e-02, 3.10283676e-02, 3.98936160e-02,
          1.41843967e-02, 2.42021263e-01, 7.09219836e-03, 2.92553175e-02,
          1.68439709e-02, 1.68439709e-02, 2.21631192e-02, 7.09219836e-03,
          6.38297871e-02, 5.85106350e-02, 1.98581547e-01, 7.97872338e-03,
          2.57092193e-02, 2.39361692e-02, 3.90070900e-02, 2.30496451e-02,
          2.39361692e-02, 2.65957438e-03, 1.86170209e-02, 2.12765951e-02,
          2.12765951e-02 ]
      - [ 6.08175471e-02, 2.49252245e-02, 6.87936172e-02, 6.08175471e-02,
          1.69491526e-02, 7.37786666e-02, 2.09371895e-02, 1.89431701e-02,
          1.49551351e-02, 3.19042876e-02, 7.97607191e-03, 2.09371895e-02,
          9.67098698e-02, 7.07876384e-02, 6.08175471e-02, 2.19341982e-02,
          8.97308066e-02, 3.29012983e-02, 2.49252245e-02, 8.57427716e-02,
          3.88833508e-02, 9.97008989e-04, 6.97906315e-03, 3.58923227e-02,
          1.19641079e-02 ]
      - [ 7.87401572e-02, 7.87401572e-03, 7.87401572e-02, 6.69291317e-02,
          7.87401572e-03, 6.69291317e-02, 3.14960629e-02, 4.33070883e-02,
          7.87401572e-03, 3.14960629e-02, 3.93700786e-03, 3.93700786e-03,
          7.48031512e-02, 6.69291317e-02, 8.66141766e-02, 3.93700786e-02,
          3.93700786e-02, 6.29921257e-02, 2.36220472e-02, 6.29921257e-02,
          3.54330689e-02, 7.87401572e-03, 0., 7.08661377e-02, 0. ]
      - [ 2.32405886e-02, 4.53355163e-02, 5.94107993e-02, 4.71358411e-02,
          1.62029453e-02, 2.91325692e-02, 2.35679206e-02, 2.01309323e-02,
          2.22585928e-02, 1.12929624e-02, 4.51718494e-02, 5.66284768e-02,
          4.92635034e-02, 6.23567924e-02, 3.07692308e-02, 2.55319141e-02,
          5.72831407e-02, 4.20621932e-02, 1.89852696e-02, 4.33715209e-02,
          1.27986908e-01, 1.86579376e-02, 4.76268418e-02, 3.82978730e-02,
          3.82978730e-02 ]
      - [ 2.30179019e-02, 2.30179019e-02, 6.13810718e-02, 4.34782617e-02,
          2.55754478e-02, 8.18414316e-02, 1.53452680e-02, 3.58056277e-02,
          3.06905359e-02, 4.85933498e-02, 1.02301789e-02, 4.34782617e-02,
          4.34782617e-02, 2.04603579e-02, 1.04859337e-01, 2.55754478e-02,
          6.13810718e-02, 3.32480818e-02, 7.41687939e-02, 5.62659837e-02,
          3.32480818e-02, 2.30179019e-02, 2.04603579e-02, 4.60358039e-02,
          1.53452680e-02 ]
      - [ 2.57234722e-02, 4.82315123e-02, 5.78778125e-02, 4.82315123e-02,
          4.82315123e-02, 6.43086806e-03, 5.46623766e-02, 3.85852084e-02,
          4.50160764e-02, 4.82315123e-02, 5.14469445e-02, 3.53697762e-02,
          1.92926042e-02, 9.64630209e-03, 3.21543403e-03, 4.82315123e-02,
          5.46623766e-02, 3.53697762e-02, 4.82315123e-02, 3.85852084e-02,
          5.46623766e-02, 1.92926042e-02, 5.14469445e-02, 4.82315123e-02,
          6.10932484e-02 ]
      - [ 9.34579410e-03, 2.33644843e-02, 6.07476607e-02, 3.73831764e-02,
          5.14018685e-02, 1.30841121e-01, 4.67289705e-03, 7.00934529e-02,
          3.27102803e-02, 3.27102803e-02, 4.67289686e-02, 4.67289705e-03,
          3.73831764e-02, 9.34579410e-03, 8.87850448e-02, 1.86915882e-02,
          3.27102803e-02, 4.20560725e-02, 7.47663528e-02, 2.80373823e-02,
          2.80373823e-02, 2.33644843e-02, 1.86915882e-02, 2.33644843e-02,
          7.00934529e-02 ]
      - [ 2.84090918e-02, 2.84090918e-02, 6.81818202e-02, 5.68181835e-03,
          5.11363670e-02, 0., 5.68181835e-02, 3.97727266e-02,
          5.11363670e-02, 5.68181835e-03, 6.81818202e-02, 1.07954547e-01,
          5.68181835e-03, 5.68181835e-03, 1.70454551e-02, 2.84090918e-02,
          4.54545468e-02, 1.70454551e-02, 6.25000000e-02, 3.40909101e-02,
          1.19318187e-01, 3.97727266e-02, 7.38636404e-02, 2.84090918e-02,
          1.13636367e-02 ]
      - [ 4.06779647e-02, 2.37288140e-02, 5.42372875e-02, 2.03389823e-02,
          3.38983051e-02, 1.01694912e-02, 3.38983051e-02, 4.74576280e-02,
          2.37288140e-02, 1.01694912e-02, 4.40677963e-02, 5.76271191e-02,
          2.71186437e-02, 6.77966094e-03, 0., 3.05084735e-02,
          8.81355926e-02, 1.69491526e-02, 3.38983051e-02, 6.10169470e-02,
          6.10169470e-02, 7.45762736e-02, 1.66101694e-01, 1.69491526e-02,
          1.69491526e-02 ]
      - [ 4.27046269e-02, 2.13523135e-02, 5.69395013e-02, 3.55871879e-02,
          2.84697507e-02, 7.11743766e-03, 6.40569404e-02, 6.76156580e-02,
          3.20284702e-02, 3.91459055e-02, 4.62633446e-02, 6.40569404e-02,
          2.13523135e-02, 7.11743766e-03, 3.55871883e-03, 4.98220623e-02,
          5.33807836e-02, 2.13523135e-02, 7.11743757e-02, 3.55871879e-02,
          4.62633446e-02, 2.84697507e-02, 9.96441245e-02, 2.13523135e-02,
          3.55871879e-02 ]
      - [ 3.76344100e-02, 5.37634408e-03, 4.83870953e-02, 7.52688199e-02,
          2.68817209e-02, 4.83870953e-02, 3.22580636e-02, 3.76344100e-02,
          1.61290318e-02, 1.61290318e-02, 2.68817209e-02, 9.67741907e-02,
          2.15053763e-02, 1.07526882e-02, 2.68817209e-02, 4.30107526e-02,
          5.91397844e-02, 2.15053763e-02, 3.76344100e-02, 5.37634417e-02,
          6.98924735e-02, 2.15053763e-02, 1.23655915e-01, 2.68817209e-02,
          1.61290318e-02 ]
      - [ 2.39923224e-02, 1.91938579e-02, 2.78310925e-02, 3.93474065e-02,
          2.87907869e-02, 2.73512483e-01, 1.24760075e-02, 2.87907869e-02,
          2.01535504e-02, 2.49520149e-02, 1.53550860e-02, 1.24760075e-02,
          4.12667952e-02, 3.83877158e-02, 1.90019190e-01, 1.43953934e-02,
          2.49520149e-02, 2.59117074e-02, 2.97504794e-02, 1.15163140e-02,
          1.91938579e-02, 4.79846448e-03, 2.11132430e-02, 3.07101719e-02,
          2.11132430e-02 ]
      - [ 3.84615399e-02, 1.44230779e-02, 3.36538479e-02, 2.40384620e-02,
          2.88461559e-02, 1.92307699e-02, 5.28846160e-02, 5.28846160e-02,
          3.84615399e-02, 3.36538479e-02, 1.92307699e-02, 4.32692319e-02,
          4.32692319e-02, 1.92307699e-02, 1.92307699e-02, 4.80769239e-02,
          3.84615399e-02, 5.28846160e-02, 4.80769239e-02, 8.17307755e-02,
          8.17307755e-02, 2.88461559e-02, 7.21153840e-02, 3.84615399e-02,
          2.88461559e-02 ]
      - [ 2.37288140e-02, 1.69491526e-02, 6.10169470e-02, 2.37288140e-02,
          3.38983051e-02, 0., 3.38983051e-02, 2.03389823e-02,
          1.69491526e-02, 1.69491526e-02, 9.15254205e-02, 5.42372875e-02,
          2.03389823e-02, 3.38983047e-03, 0., 4.74576280e-02,
          4.74576280e-02, 1.35593219e-02, 2.37288140e-02, 5.08474559e-02,
          3.38983051e-02, 7.79661015e-02, 2.44067788e-01, 1.69491526e-02,
          2.71186437e-02 ]
      - [ 5.34759387e-02, 2.67379694e-02, 4.27807495e-02, 5.34759369e-03,
          2.13903747e-02, 2.13903747e-02, 6.41711205e-02, 7.48663098e-02,
          1.06951874e-02, 5.88235296e-02, 9.62566882e-02, 3.20855603e-02,
          5.34759369e-03, 5.34759369e-03, 1.06951874e-02, 5.34759387e-02,
          5.88235296e-02, 0., 8.02139044e-02, 1.06951874e-02,
          1.06951874e-02, 8.02139044e-02, 3.74331549e-02, 2.13903747e-02,
          1.17647059e-01 ]
      - [ 3.65853645e-02, 2.43902430e-02, 4.47154455e-02, 4.06504050e-03,
          3.25203240e-02, 8.13008100e-03, 4.87804860e-02, 4.47154455e-02,
          4.87804860e-02, 2.84552835e-02, 8.13008100e-02, 2.03252025e-02,
          4.06504050e-02, 1.62601620e-02, 4.06504050e-03, 7.31707290e-02,
          4.47154455e-02, 3.65853645e-02, 4.87804860e-02, 1.62601620e-02,
          4.87804860e-02, 8.13008100e-02, 2.03252025e-02, 5.69105670e-02,
          8.94308910e-02 ]
      - [ 4.54545468e-02, 6.49350649e-03, 3.24675329e-02, 1.29870130e-02,
          2.59740259e-02, 6.49350649e-03, 5.84415570e-02, 5.19480519e-02,
          3.89610380e-02, 7.14285746e-02, 1.03896104e-01, 1.29870130e-02,
          6.49350649e-03, 1.29870130e-02, 0., 6.49350658e-02,
          3.24675329e-02, 1.94805190e-02, 5.19480519e-02, 3.89610380e-02,
          2.59740259e-02, 1.10389613e-01, 1.94805190e-02, 2.59740259e-02,
          1.23376623e-01 ]
      - [ 3.53260860e-02, 3.26086953e-02, 5.43478280e-02, 3.53260860e-02,
          1.63043477e-02, 2.44565215e-02, 3.80434804e-02, 4.34782617e-02,
          4.89130430e-02, 2.98913047e-02, 6.79347813e-02, 4.89130430e-02,
          2.44565215e-02, 5.43478271e-03, 2.44565215e-02, 4.61956523e-02,
          4.89130430e-02, 3.26086953e-02, 5.70652187e-02, 4.07608710e-02,
          3.26086953e-02, 6.79347813e-02, 4.89130430e-02, 2.71739140e-02,
          6.79347813e-02 ]
      - [ 1.60427801e-02, 2.67379694e-02, 3.74331549e-02, 2.67379694e-02,
          3.74331549e-02, 1.06951874e-02, 3.20855603e-02, 5.88235296e-02,
          2.13903747e-02, 3.20855603e-02, 1.06951877e-01, 3.74331549e-02,
          1.60427801e-02, 0., 2.13903747e-02, 3.74331549e-02,
          4.81283441e-02, 1.06951874e-02, 3.20855603e-02, 1.06951874e-02,
          5.34759387e-02, 6.41711205e-02, 6.41711205e-02, 2.67379694e-02,
          1.71122998e-01 ]
      - [ 8.15217383e-03, 2.98913047e-02, 3.26086953e-02, 5.97826093e-02,
          1.63043477e-02, 5.16304374e-02, 2.44565215e-02, 7.06521720e-02,
          8.15217383e-03, 3.80434804e-02, 1.14130437e-01, 8.15217420e-02,
          2.71739140e-02, 1.08695654e-02, 4.07608710e-02, 2.17391308e-02,
          3.80434804e-02, 1.35869570e-02, 5.70652187e-02, 1.63043477e-02,
          2.98913047e-02, 3.80434804e-02, 7.88043514e-02, 8.15217383e-03,
          8.42391327e-02 ]
      - [ 2.34113708e-02, 5.68561852e-02, 4.18060198e-02, 1.30434781e-01,
          2.67558526e-02, 7.35785961e-02, 3.34448144e-02, 4.01337780e-02,
          1.83946490e-02, 5.01672253e-02, 6.85618743e-02, 2.34113708e-02,
          1.67224072e-02, 8.36120360e-03, 2.67558526e-02, 3.34448144e-02,
          4.34782617e-02, 2.67558526e-02, 4.51504998e-02, 2.00668890e-02,
          4.18060198e-02, 6.52173907e-02, 2.84280926e-02, 8.36120360e-03,
          4.84949835e-02 ]
      - [ 1.05691053e-01, 3.65853645e-02, 8.13008100e-03, 8.13008100e-03,
          2.43902430e-02, 4.47154455e-02, 7.31707290e-02, 5.28455265e-02,
          2.43902430e-02, 6.91056848e-02, 4.47154455e-02, 1.21951215e-02,
          3.25203240e-02, 4.87804860e-02, 4.87804860e-02, 5.69105670e-02,
          2.84552835e-02, 5.28455265e-02, 3.65853645e-02, 2.03252025e-02,
          4.06504050e-02, 2.43902430e-02, 8.13008100e-03, 3.65853645e-02,
          6.09756075e-02 ]
      - [ 7.08661377e-02, 3.14960629e-02, 2.36220472e-02, 2.75590550e-02,
          4.33070883e-02, 3.54330689e-02, 5.90551198e-02, 2.36220472e-02,
          2.36220472e-02, 9.84251946e-02, 3.14960629e-02, 1.57480314e-02,
          3.14960629e-02, 7.48031512e-02, 4.33070883e-02, 2.75590550e-02,
          2.75590550e-02, 3.14960629e-02, 2.75590550e-02, 1.96850393e-02,
          5.90551198e-02, 1.96850393e-02, 1.96850393e-02, 4.33070883e-02,
          9.05511826e-02 ]
      - [ 5.55555522e-02, 5.82010560e-02, 3.96825373e-02, 3.70370373e-02,
          2.38095224e-02, 9.52380896e-02, 3.96825373e-02, 4.76190448e-02,
          1.85185187e-02, 5.29100522e-02, 1.85185187e-02, 1.85185187e-02,
          4.49735448e-02, 6.34920597e-02, 4.76190448e-02, 4.23280410e-02,
          4.49735448e-02, 5.02645485e-02, 5.02645485e-02, 1.32275131e-02,
          2.11640205e-02, 1.58730149e-02, 2.38095224e-02, 4.49735448e-02,
          3.17460299e-02 ]
      - [ 4.84739691e-02, 4.48833033e-02, 4.30879742e-02, 2.69299820e-02,
          2.69299820e-02, 5.38599640e-02, 2.51346510e-02, 3.05206478e-02,
          3.77019756e-02, 3.59066427e-02, 2.87253149e-02, 4.30879742e-02,
          5.38599640e-02, 4.30879742e-02, 3.77019756e-02, 4.30879742e-02,
          5.56552969e-02, 6.28366247e-02, 2.69299820e-02, 2.51346510e-02,
          3.94973084e-02, 2.15439871e-02, 5.20646349e-02, 6.28366247e-02,
          3.05206478e-02 ]
      - [ 1.51515156e-02, 3.78787890e-02, 6.06060624e-02, 3.03030312e-02,
          1.51515156e-02, 3.78787890e-02, 6.06060624e-02, 6.81818202e-02,
          0., 4.54545468e-02, 3.03030312e-02, 4.54545468e-02,
          2.27272734e-02, 1.51515156e-02, 3.78787890e-02, 9.09090936e-02,
          5.30303046e-02, 2.27272734e-02, 7.57575780e-02, 3.03030312e-02,
          3.78787890e-02, 5.30303046e-02, 7.57575780e-03, 0.,
          1.06060609e-01 ]
      - [ 4.36507948e-02, 2.77777798e-02, 2.38095261e-02, 1.58730168e-02,
          3.17460336e-02, 1.62698418e-01, 2.38095261e-02, 2.38095261e-02,
          3.17460336e-02, 5.95238134e-02, 4.76190522e-02, 0.,
          2.77777798e-02, 6.74603209e-02, 1.34920642e-01, 4.76190522e-02,
          1.58730168e-02, 3.17460336e-02, 1.98412705e-02, 3.96825420e-03,
          2.77777798e-02, 3.96825420e-03, 1.58730168e-02, 4.36507948e-02,
          6.74603209e-02 ]
      - [ 5.64263314e-02, 1.72413792e-02, 4.70219441e-02, 1.56739801e-02,
          3.44827585e-02, 3.29153612e-02, 5.17241359e-02, 4.70219441e-02,
          5.48589341e-02, 4.54545431e-02, 2.35109720e-02, 1.72413792e-02,
          5.32915331e-02, 5.79937287e-02, 2.82131657e-02, 5.17241359e-02,
          3.76175530e-02, 4.38871458e-02, 3.91849503e-02, 5.48589341e-02,
          6.58307225e-02, 2.19435729e-02, 1.72413792e-02, 5.79937287e-02,
          2.66457666e-02 ]
      - [ 1.16279066e-01, 1.55038759e-02, 5.27131781e-02, 1.70542635e-02,
          3.87596898e-02, 2.17054263e-02, 5.42635657e-02, 4.96124029e-02,
          3.10077518e-02, 4.80620153e-02, 1.86046511e-02, 2.17054263e-02,
          6.82170540e-02, 6.66666627e-02, 1.08527131e-02, 5.11627905e-02,
          4.34108526e-02, 4.65116277e-02, 4.65116277e-02, 3.72093022e-02,
          2.48062015e-02, 3.10077518e-02, 1.24031007e-02, 5.11627905e-02,
          2.48062015e-02 ]
      - [ 1.10091738e-01, 2.98165120e-02, 2.98165120e-02, 2.75229346e-02,
          2.52293572e-02, 3.89908254e-02, 5.96330240e-02, 4.12844010e-02,
          3.66972461e-02, 4.58715558e-02, 3.66972461e-02, 1.37614673e-02,
          5.73394485e-02, 5.04587144e-02, 1.37614673e-02, 6.88073337e-02,
          2.06422005e-02, 6.19266033e-02, 4.58715558e-02, 1.60550456e-02,
          2.29357779e-02, 1.37614673e-02, 9.17431153e-03, 4.58715558e-02,
          7.79816508e-02 ]
      - [ 5.88235296e-02, 2.81329919e-02, 3.83631699e-02, 2.55754478e-02,
          3.83631699e-02, 7.92838857e-02, 4.60358039e-02, 6.39386177e-02,
          3.06905359e-02, 5.37084378e-02, 3.06905359e-02, 1.53452680e-02,
          3.58056277e-02, 2.55754478e-02, 5.62659837e-02, 4.85933498e-02,
          1.53452680e-02, 4.60358039e-02, 5.37084378e-02, 2.04603579e-02,
          1.79028139e-02, 4.09207158e-02, 1.53452680e-02, 7.16112554e-02,
          4.34782617e-02 ]
      - [ 3.78006883e-02, 2.74914093e-02, 2.74914093e-02, 3.09278350e-02,
          2.40549836e-02, 1.03092782e-01, 3.43642607e-02, 4.81099673e-02,
          2.40549836e-02, 6.87285215e-02, 2.74914093e-02, 2.74914093e-02,
          6.52920976e-02, 3.43642607e-02, 5.84192462e-02, 4.81099673e-02,
          1.71821304e-02, 5.15463911e-02, 4.81099673e-02, 6.87285233e-03,
          3.09278350e-02, 4.12371159e-02, 2.06185579e-02, 4.46735397e-02,
          5.15463911e-02 ]
      - [ 5.39568365e-02, 4.31654677e-02, 2.51798574e-02, 1.07913669e-02,
          7.19424477e-03, 3.95683460e-02, 6.11510798e-02, 3.95683460e-02,
          2.51798574e-02, 1.04316548e-01, 4.67625894e-02, 1.43884895e-02,
          2.87769791e-02, 3.59712243e-02, 8.27338174e-02, 7.91366920e-02,
          1.43884895e-02, 2.87769791e-02, 6.47482052e-02, 1.07913669e-02,
          2.51798574e-02, 4.67625894e-02, 2.87769791e-02, 3.59712243e-02,
          4.67625894e-02 ]
   decision_functions:
      -
         sv_count: 132
         rho: -7.7636436481756350e+00
         alpha: [ 6.2500000000000000e+01, 5.9013342166187087e+01,
             6.2500000000000000e+01, 3.5850089587644476e+01,
             5.7782294587330249e+01, 6.2500000000000000e+01,
             6.2500000000000000e+01, 6.2500000000000000e+01,
             6.2500000000000000e+01, 6.2500000000000000e+01,
             6.2500000000000000e+01, 5.8707493248503219e+01,
             2.5744144005276944e+01, 6.2500000000000000e+01,
             5.6464607125447174e+01, 6.2500000000000000e+01,
             6.2500000000000000e+01, 6.2500000000000000e+01,
             6.2500000000000000e+01, 6.2500000000000000e+01,
             6.2500000000000000e+01, 6.2500000000000000e+01,
             6.2500000000000000e+01, 6.2500000000000000e+01,
             6.2500000000000000e+01, 6.2500000000000000e+01,
             6.2500000000000000e+01, 6.2500000000000000e+01,
             6.2500000000000000e+01, 6.2500000000000000e+01,
             6.2500000000000000e+01, 6.2500000000000000e+01,
             6.2500000000000000e+01, 6.2500000000000000e+01,
             6.2500000000000000e+01, 6.2500000000000000e+01,
             6.2500000000000000e+01, 6.2500000000000000e+01,
             6.2500000000000000e+01, 6.2500000000000000e+01,
             4.1043005659073138e+01, 6.2500000000000000e+01,
             6.2500000000000000e+01, 6.2500000000000000e+01,
             3.4866578338129131e+00, 6.2500000000000000e+01,
             6.2500000000000000e+01, 6.2500000000000000e+01,
             6.2500000000000000e+01, 6.2500000000000000e+01,
             6.2500000000000000e+01, 6.2500000000000000e+01,
             6.2500000000000000e+01, 6.2500000000000000e+01,
             6.2500000000000000e+01, 6.2500000000000000e+01,
             6.2500000000000000e+01, 6.2500000000000000e+01,
             3.0442417163852298e+01, 5.7388279196623429e+01,
             6.2500000000000000e+01, 3.9242675206634260e+01,
             5.1551560628707357e+01, 6.2500000000000000e+01,
             6.2500000000000000e+01, 1.6589587944602400e+00,
             6.2500000000000000e+01, 2.1456994340926862e+01,
             -6.2500000000000000e+01, -2.6276344997104623e+01,
             -6.2500000000000000e+01, -6.2500000000000000e+01,
             -6.2500000000000000e+01, -6.2500000000000000e+01,
             -6.2500000000000000e+01, -6.2500000000000000e+01,
             -6.2500000000000000e+01, -6.2500000000000000e+01,
             -6.2500000000000000e+01, -6.2500000000000000e+01,
             -5.7782294587330249e+01, -6.2500000000000000e+01,
             -6.2500000000000000e+01, -6.2500000000000000e+01,
             -6.2500000000000000e+01, -6.2500000000000000e+01,
             -6.2500000000000000e+01, -6.2500000000000000e+01,
             -6.2500000000000000e+01, -6.2500000000000000e+01,
             -6.2500000000000000e+01, -6.2500000000000000e+01,
             -6.2500000000000000e+01, -6.2500000000000000e+01,
             -6.2500000000000000e+01, -6.2500000000000000e+01,
             -6.2500000000000000e+01, -6.2500000000000000e+01,
             -6.2500000000000000e+01, -6.2500000000000000e+01,
             -1.8273879960044773e+01, -6.2500000000000000e+01,
             -6.2500000000000000e+01, -6.2500000000000000e+01,
             -6.2500000000000000e+01, -6.2500000000000000e+01,
             -6.2500000000000000e+01, -6.2500000000000000e+01,
             -6.2500000000000000e+01, -6.2500000000000000e+01,
             -6.2500000000000000e+01, -6.2500000000000000e+01,
             -6.2500000000000000e+01, -6.2500000000000000e+01,
             -6.2500000000000000e+01, -6.2500000000000000e+01,
             -6.2500000000000000e+01, -6.2500000000000000e+01,
             -6.2500000000000000e+01, -6.2500000000000000e+01,
             -6.2500000000000000e+01, -6.2500000000000000e+01,
             -6.2500000000000000e+01, -6.2500000000000000e+01,
             -6.2500000000000000e+01, -6.2500000000000000e+01,
             -6.2500000000000000e+01, -6.2500000000000000e+01,
             -6.2500000000000000e+01, -6.2500000000000000e+01,
             -6.2500000000000000e+01, -6.2500000000000000e+01 ]
         index: [ 72, 122, 123, 124, 125, 126, 127, 128, 129, 130, 131,
             64, 65, 66, 67, 68, 69, 70, 71, 73, 74, 75, 76, 77, 78, 79,
             80, 81, 82, 83, 84, 85, 86, 87, 88, 89, 90, 91, 92, 93, 94,
             95, 96, 97, 98, 99, 100, 101, 102, 103, 104, 105, 106, 107,
             108, 109, 110, 111, 112, 113, 114, 115, 116, 117, 118, 119,
             120, 121, 0, 1, 2, 3, 4, 5, 6, 7, 8, 9, 10, 11, 12, 13, 14,
             15, 16, 17, 18, 19, 20, 21, 22, 23, 24, 25, 26, 27, 28, 29,
             30, 31, 32, 33, 34, 35, 36, 37, 39, 40, 41, 42, 43, 44, 45,
             46, 47, 48, 49, 50, 51, 52, 53, 54, 55, 56, 57, 58, 59, 60,
             61, 62, 63, 38 ]
