%YAML:1.0
---
opencv_ml_svm:
   format: 3
   svmType: C_SVC
   kernel:
      type: RBF
      gamma: 5.0625000000000009e-01
   C: 6.2500000000000000e+01
   term_criteria: { iterations:100 }
   var_count: 25
   class_count: 2
   class_labels: !!opencv-matrix
      rows: 2
      cols: 1
      dt: i
      data: [ 0, 1 ]
   sv_total: 125
   support_vectors:
      - [ 2.72727273e-02, 1.81818176e-02, 4.54545431e-02, 5.90909086e-02,
          1.36363637e-02, 4.09090891e-02, 4.54545431e-02, 4.99999970e-02,
          1.36363637e-02, 5.90909086e-02, 3.63636352e-02, 4.54545431e-02,
          5.45454547e-02, 1.81818176e-02, 2.72727273e-02, 4.54545431e-02,
          5.45454547e-02, 3.18181813e-02, 4.54545431e-02, 4.54545431e-02,
          4.99999970e-02, 3.63636352e-02, 5.90909086e-02, 4.99999970e-02,
          2.72727273e-02 ]
      - [ 6.36942685e-03, 4.45859879e-02, 4.45859879e-02, 3.82165611e-02,
          2.54777074e-02, 5.73248416e-02, 3.18471342e-02, 7.00636953e-02,
          4.45859879e-02, 6.36942685e-02, 7.00636953e-02, 3.18471342e-02,
          1.91082805e-02, 0., 2.54777074e-02, 2.54777074e-02,
          2.54777074e-02, 1.91082805e-02, 2.54777074e-02, 8.91719759e-02,
          7.64331222e-02, 8.28025490e-02, 2.54777074e-02, 1.27388537e-02,
          4.45859879e-02 ]
      - [ 2.46913582e-02, 3.08641978e-02, 5.55555560e-02, 3.70370373e-02,
          1.23456791e-02, 3.08641978e-02, 4.93827164e-02, 7.40740746e-02,
          4.32098769e-02, 6.79012388e-02, 3.08641978e-02, 7.40740746e-02,
          2.46913582e-02, 0., 3.08641978e-02, 3.08641978e-02,
          4.93827164e-02, 2.46913582e-02, 4.32098769e-02, 1.23456791e-02,
          7.40740746e-02, 7.40740746e-02, 4.32098769e-02, 1.23456791e-02,
          4.93827164e-02 ]
      - [ 2.27272734e-02, 1.70454551e-02, 6.25000000e-02, 3.40909101e-02,
          2.84090918e-02, 1.13636367e-02, 6.25000000e-02, 9.09090936e-02,
          5.68181835e-03, 4.54545468e-02, 7.38636404e-02, 1.70454551e-02,
          5.68181835e-02, 4.54545468e-02, 3.40909101e-02, 3.40909101e-02,
          2.84090918e-02, 2.27272734e-02, 5.68181835e-02, 1.13636367e-02,
          4.54545468e-02, 7.95454532e-02, 2.27272734e-02, 5.68181835e-02,
          3.40909101e-02 ]
      - [ 4.29447852e-02, 3.68098170e-02, 3.68098170e-02, 1.22699384e-02,
          6.13496900e-02, 1.84049085e-02, 4.90797535e-02, 9.20245349e-02,
          1.84049085e-02, 2.45398767e-02, 4.90797535e-02, 1.22699384e-02,
          3.06748450e-02, 4.29447852e-02, 6.13496918e-03, 4.29447852e-02,
          5.52147217e-02, 3.68098170e-02, 6.74846619e-02, 2.45398767e-02,
          3.68098170e-02, 1.84049085e-02, 3.06748450e-02, 4.29447852e-02,
          1.10429443e-01 ]
      - [ 5.84795326e-03, 3.50877196e-02, 6.43274859e-02, 3.50877196e-02,
          2.92397663e-02, 1.75438598e-02, 5.84795326e-02, 6.43274859e-02,
          4.09356728e-02, 3.50877196e-02, 6.43274859e-02, 2.33918130e-02,
          1.75438598e-02, 4.09356728e-02, 2.33918130e-02, 4.67836261e-02,
          4.67836261e-02, 4.09356728e-02, 5.84795326e-02, 4.67836261e-02,
          4.09356728e-02, 8.18713456e-02, 2.33918130e-02, 2.33918130e-02,
          3.50877196e-02 ]
      - [ 2.80898884e-02, 1.96629222e-02, 6.17977530e-02, 3.93258445e-02,
          3.93258445e-02, 1.96629222e-02, 3.08988765e-02, 5.61797768e-02,
          4.77528088e-02, 2.80898884e-02, 4.21348326e-02, 4.21348326e-02,
          3.08988765e-02, 3.08988765e-02, 2.24719103e-02, 4.21348326e-02,
          6.17977530e-02, 2.52808984e-02, 7.58427009e-02, 5.33707887e-02,
          3.37078646e-02, 4.77528088e-02, 2.24719103e-02, 3.08988765e-02,
          6.74157292e-02 ]
      - [ 2.73631830e-02, 2.48756222e-02, 3.73134315e-02, 2.73631830e-02,
          2.48756222e-02, 6.96517378e-02, 2.73631830e-02, 4.47761193e-02,
          3.98009941e-02, 3.23383063e-02, 3.98009941e-02, 2.98507456e-02,
          4.72636819e-02, 4.47761193e-02, 3.48258689e-02, 4.97512445e-02,
          3.98009941e-02, 4.72636819e-02, 6.46766126e-02, 4.22885567e-02,
          9.95024852e-03, 3.23383063e-02, 2.98507456e-02, 3.98009941e-02,
          9.20398012e-02 ]
      - [ 2.40963846e-02, 3.01204808e-02, 1.80722885e-02, 2.40963846e-02,
          3.61445770e-02, 3.01204808e-02, 1.80722885e-02, 6.62650615e-02,
          3.01204808e-02, 6.02409616e-02, 8.43373463e-02, 3.61445770e-02,
          1.20481923e-02, 1.20481923e-02, 3.61445770e-02, 6.62650615e-02,
          6.02409616e-02, 1.80722885e-02, 6.02409616e-02, 4.21686731e-02,
          2.40963846e-02, 7.22891539e-02, 5.42168655e-02, 3.01204808e-02,
          5.42168655e-02 ]
      - [ 6.98924735e-02, 3.76344100e-02, 3.22580636e-02, 2.68817209e-02,
          2.15053763e-02, 3.76344100e-02, 4.30107526e-02, 4.83870953e-02,
          2.15053763e-02, 5.37634417e-02, 5.37634417e-02, 4.30107526e-02,
          4.83870953e-02, 1.07526882e-02, 4.83870953e-02, 3.22580636e-02,
          3.76344100e-02, 5.37634417e-02, 5.37634417e-02, 3.76344100e-02,
          2.15053763e-02, 3.76344100e-02, 2.15053763e-02, 6.45161271e-02,
          4.30107526e-02 ]
      - [ 0., 5.96026480e-02, 4.63576168e-02, 2.64900662e-02,
          2.64900662e-02, 3.31125818e-02, 4.63576168e-02, 6.62251636e-02,
          3.31125818e-02, 3.31125818e-02, 6.62251636e-02, 2.64900662e-02,
          1.98675506e-02, 0., 6.62251655e-03, 3.31125818e-02,
          4.63576168e-02, 3.97351012e-02, 5.96026480e-02, 1.98675506e-02,
          3.97351012e-02, 7.94702023e-02, 7.28476793e-02, 3.31125818e-02,
          8.60927179e-02 ]
      - [ 3.99999991e-02, 2.93333326e-02, 3.99999991e-02, 2.66666673e-02,
          3.73333320e-02, 4.26666662e-02, 3.19999978e-02, 5.86666651e-02,
          5.06666675e-02, 4.80000004e-02, 3.46666649e-02, 2.40000002e-02,
          4.53333333e-02, 7.99999945e-03, 2.66666673e-02, 2.13333331e-02,
          3.99999991e-02, 3.73333320e-02, 4.26666662e-02, 5.59999980e-02,
          5.86666651e-02, 2.40000002e-02, 3.99999991e-02, 3.99999991e-02,
          9.60000008e-02 ]
      - [ 3.56394127e-02, 4.40251566e-02, 2.72536688e-02, 7.33752623e-02,
          6.28930777e-02, 3.56394127e-02, 4.19287197e-02, 5.03144637e-02,
          5.03144637e-02, 3.56394127e-02, 7.12788254e-02, 5.24109006e-02,
          1.25786159e-02, 4.19287197e-03, 6.49895146e-02, 4.40251566e-02,
          3.77358496e-02, 1.88679248e-02, 4.40251566e-02, 3.14465389e-02,
          3.77358496e-02, 2.72536688e-02, 3.77358496e-02, 6.28930796e-03,
          5.24109006e-02 ]
      - [ 4.42890450e-02, 6.75990656e-02, 2.56410260e-02, 1.70163170e-01,
          3.96270417e-02, 6.75990656e-02, 4.42890450e-02, 4.66200486e-02,
          3.72960381e-02, 1.86480191e-02, 1.86480191e-02, 3.03030312e-02,
          1.63170174e-02, 1.39860138e-02, 3.72960381e-02, 3.26340348e-02,
          2.33100243e-02, 4.19580415e-02, 4.42890450e-02, 9.32400953e-03,
          2.09790207e-02, 3.72960381e-02, 1.63170174e-02, 3.49650346e-02,
          6.06060624e-02 ]
      - [ 3.15258503e-02, 2.14375779e-02, 3.65699865e-02, 3.02648172e-02,
          2.39596479e-02, 1.29886508e-01, 2.52206810e-02, 3.15258503e-02,
          2.77427491e-02, 3.53089534e-02, 7.44010061e-02, 4.41361926e-02,
          3.02648172e-02, 2.01765448e-02, 4.91803288e-02, 3.53089534e-02,
          3.27868834e-02, 3.15258503e-02, 2.26986129e-02, 2.14375779e-02,
          4.79192957e-02, 1.63934417e-02, 4.79192957e-02, 3.15258503e-02,
          1.00882724e-01 ]
      - [ 6.92041544e-03, 8.30449834e-02, 2.76816618e-02, 4.15224917e-02,
          4.84429076e-02, 4.15224917e-02, 4.15224917e-02, 1.17647059e-01,
          3.46020758e-02, 3.46020758e-02, 7.61245713e-02, 1.03806229e-02,
          6.92041544e-03, 3.46020772e-03, 2.76816618e-02, 3.46020758e-02,
          1.03806229e-02, 1.73010379e-02, 9.34256092e-02, 1.73010379e-02,
          3.80622856e-02, 8.65051895e-02, 2.07612459e-02, 1.03806229e-02,
          6.92041516e-02 ]
      - [ 5.61797768e-02, 7.86516890e-02, 2.24719103e-02, 7.30337054e-02,
          7.30337054e-02, 5.61797759e-03, 2.80898884e-02, 6.17977530e-02,
          6.74157292e-02, 3.93258445e-02, 2.80898884e-02, 5.61797768e-02,
          2.80898884e-02, 1.68539323e-02, 1.68539323e-02, 5.05617969e-02,
          2.80898884e-02, 2.24719103e-02, 4.49438207e-02, 3.37078646e-02,
          3.93258445e-02, 4.49438207e-02, 2.24719103e-02, 2.24719103e-02,
          3.93258445e-02 ]
      - [ 2.53807101e-02, 3.55329961e-02, 1.52284261e-02, 3.55329961e-02,
          5.58375642e-02, 5.07614203e-02, 5.58375642e-02, 2.53807101e-02,
          7.61421323e-02, 9.13705528e-02, 2.03045681e-02, 5.58375642e-02,
          5.07614203e-02, 2.53807101e-02, 8.12182724e-02, 1.52284261e-02,
          2.53807101e-02, 1.01522841e-02, 3.55329961e-02, 4.06091362e-02,
          3.55329961e-02, 4.06091362e-02, 3.55329961e-02, 3.04568522e-02,
          3.04568522e-02 ]
      - [ 5.25404140e-02, 3.34872976e-02, 2.54041571e-02, 3.00230943e-02,
          3.06004621e-02, 1.00461893e-01, 3.29099298e-02, 4.44572754e-02,
          3.75288688e-02, 6.00461885e-02, 5.08083142e-02, 2.02078521e-02,
          3.57967652e-02, 2.59815250e-02, 5.71593530e-02, 3.52194011e-02,
          2.82909926e-02, 3.40646654e-02, 5.25404140e-02, 2.88683604e-02,
          2.65588909e-02, 3.23325619e-02, 1.61662810e-02, 2.94457264e-02,
          7.90993050e-02 ]
      - [ 3.12500000e-02, 1.78571437e-02, 3.12500000e-02, 3.57142873e-02,
          3.57142873e-02, 7.58928582e-02, 4.01785746e-02, 7.14285746e-02,
          2.23214291e-02, 2.67857164e-02, 4.91071455e-02, 2.67857164e-02,
          4.46428582e-02, 1.33928582e-02, 6.25000000e-02, 6.25000000e-02,
          2.67857164e-02, 4.01785746e-02, 9.37500075e-02, 8.92857183e-03,
          3.12500000e-02, 5.80357164e-02, 4.46428591e-03, 2.23214291e-02,
          6.69642910e-02 ]
      - [ 3.15052494e-02, 4.08401415e-02, 4.08401415e-02, 3.15052494e-02,
          5.13418913e-02, 3.50058340e-02, 5.48424758e-02, 2.80046687e-02,
          3.15052494e-02, 5.48424758e-02, 7.81796947e-02, 6.06767796e-02,
          1.63360555e-02, 1.51691949e-02, 1.51691949e-02, 5.25087528e-02,
          2.80046687e-02, 1.75029170e-02, 4.90081683e-02, 3.38389724e-02,
          2.80046687e-02, 3.03383898e-02, 6.76779449e-02, 2.21703611e-02,
          8.51808637e-02 ]
      - [ 3.89863551e-02, 5.91293052e-02, 3.31384018e-02, 6.62768036e-02,
          2.46913582e-02, 7.73229375e-02, 3.89863551e-02, 4.15854454e-02,
          2.40415856e-02, 3.18388566e-02, 4.87329438e-02, 2.98895389e-02,
          3.89863551e-02, 2.98895389e-02, 5.19818068e-02, 4.54840809e-02,
          2.14424953e-02, 2.92397663e-02, 4.09356728e-02, 1.81936324e-02,
          3.37881744e-02, 2.66406760e-02, 4.22352180e-02, 3.24886292e-02,
          7.40740746e-02 ]
      - [ 9.10746772e-03, 2.00364292e-02, 2.91438978e-02, 2.36794166e-02,
          3.27868834e-02, 4.00728583e-02, 4.55373414e-02, 1.09289616e-01,
          3.09653915e-02, 4.18943539e-02, 6.55737668e-02, 6.55737668e-02,
          2.36794166e-02, 2.18579229e-02, 1.82149354e-02, 3.46083790e-02,
          1.63934417e-02, 2.73224041e-02, 1.02003641e-01, 2.00364292e-02,
          2.73224041e-02, 5.46448082e-02, 4.18943539e-02, 2.18579229e-02,
          7.65027329e-02 ]
      - [ 4.18502167e-02, 4.40528616e-02, 4.18502167e-02, 2.42290739e-02,
          5.50660789e-02, 3.30396444e-02, 4.40528616e-02, 4.62555066e-02,
          2.64317170e-02, 3.74449342e-02, 7.26872236e-02, 2.64317170e-02,
          2.64317170e-02, 1.10132154e-02, 6.82819337e-02, 3.30396444e-02,
          3.96475755e-02, 2.86343601e-02, 4.18502167e-02, 3.96475755e-02,
          3.30396444e-02, 5.50660789e-02, 4.62555066e-02, 3.52422893e-02,
          4.84581478e-02 ]
      - [ 2.74231676e-02, 4.96453904e-02, 3.12056728e-02, 4.06619385e-02,
          2.03309692e-02, 6.80851042e-02, 4.34988178e-02, 3.30969281e-02,
          1.56028364e-02, 2.64775418e-02, 7.80141801e-02, 1.01182029e-01,
          2.17494089e-02, 2.03309692e-02, 6.00472800e-02, 4.34988178e-02,
          2.64775418e-02, 2.50591021e-02, 3.59338075e-02, 1.98581554e-02,
          2.36406624e-02, 2.41134744e-02, 6.38297871e-02, 2.97872331e-02,
          7.04491735e-02 ]
      - [ 1.24223605e-02, 4.65838537e-02, 3.10559012e-02, 1.04037270e-01,
          2.48447210e-02, 1.08695654e-02, 3.26086953e-02, 2.79503111e-02,
          2.95031071e-02, 1.70807466e-02, 8.69565234e-02, 6.98757768e-02,
          2.17391308e-02, 2.32919268e-02, 1.08695654e-02, 4.50310558e-02,
          3.10559012e-02, 1.55279506e-02, 2.63975151e-02, 5.27950302e-02,
          3.57142873e-02, 3.57142873e-02, 1.50621116e-01, 4.65838518e-03,
          5.27950302e-02 ]
      - [ 2.81690136e-02, 1.40845068e-02, 5.63380271e-02, 2.81690136e-02,
          7.04225339e-03, 2.11267602e-02, 1.40845068e-02, 7.04225339e-03,
          7.04225339e-03, 7.04225339e-03, 1.40845068e-02, 2.67605633e-01,
          4.92957756e-02, 2.11267602e-02, 1.19718306e-01, 2.11267602e-02,
          2.81690136e-02, 3.52112651e-02, 7.04225339e-03, 1.12676054e-01,
          4.92957756e-02, 7.04225339e-03, 4.22535203e-02, 7.04225339e-03,
          2.81690136e-02 ]
      - [ 3.55029590e-02, 3.18047330e-02, 3.55029590e-02, 2.81065088e-02,
          1.47928996e-02, 3.25443782e-02, 4.28994074e-02, 3.18047330e-02,
          1.40532544e-02, 3.55029590e-02, 1.16863906e-01, 7.02662766e-02,
          1.55325448e-02, 8.13609455e-03, 1.03550293e-02, 5.25147952e-02,
          3.40236686e-02, 3.69822495e-02, 2.66272202e-02, 1.33136101e-02,
          4.58579883e-02, 2.81065088e-02, 1.16863906e-01, 2.36686394e-02,
          9.83727798e-02 ]
      - [ 2.39583347e-02, 3.95833366e-02, 2.91666687e-02, 2.81250011e-02,
          1.04166670e-02, 5.00000045e-02, 4.68750037e-02, 3.64583358e-02,
          1.87500007e-02, 1.77083351e-02, 1.08333342e-01, 8.22916701e-02,
          1.77083351e-02, 8.33333377e-03, 2.91666687e-02, 4.68750037e-02,
          3.33333351e-02, 3.95833366e-02, 3.43750007e-02, 3.43750007e-02,
          2.91666687e-02, 2.39583347e-02, 8.22916701e-02, 2.50000022e-02,
          1.04166672e-01 ]
      - [ 2.59740259e-02, 4.77360487e-02, 3.15900296e-02, 5.19480519e-02,
          1.75500177e-02, 4.35240418e-02, 3.36960331e-02, 2.70270258e-02,
          1.96560193e-02, 1.93050187e-02, 9.23130885e-02, 1.34784132e-01,
          1.71990171e-02, 7.37100746e-03, 2.98350286e-02, 3.12390309e-02,
          2.56230254e-02, 1.57950148e-02, 2.87820287e-02, 2.21130215e-02,
          4.28220406e-02, 2.17620209e-02, 1.32678136e-01, 1.96560193e-02,
          6.00210577e-02 ]
      - [ 5.31107746e-02, 2.57966612e-02, 2.73141116e-02, 2.12443098e-02,
          3.18664648e-02, 1.01669192e-01, 3.18664648e-02, 2.88315620e-02,
          1.82094090e-02, 4.55235206e-02, 8.19423348e-02, 3.79362665e-02,
          2.12443098e-02, 2.12443098e-02, 5.31107746e-02, 3.49013656e-02,
          3.94537188e-02, 2.57966612e-02, 4.55235206e-02, 1.51745062e-02,
          3.33839133e-02, 2.88315620e-02, 6.82852790e-02, 2.57966612e-02,
          8.19423348e-02 ]
      - [ 5.03330864e-02, 5.55144325e-02, 2.88675036e-02, 3.70096229e-02,
          2.22057719e-02, 1.85048115e-02, 5.18134683e-02, 3.25684659e-02,
          2.59067342e-02, 2.44263504e-02, 3.40488516e-02, 8.88230875e-02,
          1.55440411e-02, 3.47890444e-02, 2.29459647e-02, 5.32938540e-02,
          2.73871198e-02, 4.44115438e-02, 2.66469270e-02, 1.92450024e-02,
          4.29311618e-02, 2.36861575e-02, 1.19911171e-01, 3.40488516e-02,
          6.51369318e-02 ]
      - [ 3.61990966e-02, 3.39366533e-02, 5.42986467e-02, 3.84615399e-02,
          2.26244349e-02, 2.26244349e-02, 3.16742100e-02, 4.52488698e-02,
          2.26244349e-02, 2.48868782e-02, 6.33484200e-02, 7.91855231e-02,
          2.03619916e-02, 4.29864265e-02, 5.65610901e-02, 3.16742100e-02,
          2.94117667e-02, 3.16742100e-02, 4.07239832e-02, 2.26244349e-02,
          3.39366533e-02, 5.20361997e-02, 5.65610901e-02, 2.94117667e-02,
          7.69230798e-02 ]
      - [ 8.01687688e-02, 3.37552726e-02, 3.79746817e-02, 4.21940908e-03,
          5.90717271e-02, 2.10970454e-02, 4.21940908e-02, 4.21940908e-02,
          2.95358635e-02, 6.32911325e-02, 4.64134999e-02, 4.21940908e-02,
          3.37552726e-02, 3.37552726e-02, 2.10970454e-02, 5.06329089e-02,
          3.79746817e-02, 3.79746817e-02, 5.90717271e-02, 3.37552726e-02,
          2.95358635e-02, 3.37552726e-02, 2.10970454e-02, 1.68776363e-02,
          8.86075944e-02 ]
      - [ 2.32405886e-02, 4.53355163e-02, 5.94107993e-02, 4.71358411e-02,
          1.62029453e-02, 2.91325692e-02, 2.35679206e-02, 2.01309323e-02,
          2.22585928e-02, 1.12929624e-02, 4.51718494e-02, 5.66284768e-02,
          4.92635034e-02, 6.23567924e-02, 3.07692308e-02, 2.55319141e-02,
          5.72831407e-02, 4.20621932e-02, 1.89852696e-02, 4.33715209e-02,
          1.27986908e-01, 1.86579376e-02, 4.76268418e-02, 3.82978730e-02,
          3.82978730e-02 ]
      - [ 3.53356898e-02, 3.41578349e-02, 3.29799764e-02, 2.82685533e-02,
          2.82685533e-02, 2.12014150e-02, 6.00706749e-02, 4.12249714e-02,
          3.76914032e-02, 2.47349832e-02, 5.06478213e-02, 8.24499428e-02,
          1.29564200e-02, 2.23792698e-02, 1.06007075e-02, 4.12249714e-02,
          3.53356898e-02, 2.35571265e-02, 2.94464082e-02, 4.24028300e-02,
          3.18021215e-02, 3.06242649e-02, 1.54299185e-01, 2.23792698e-02,
          6.59599528e-02 ]
      - [ 2.84090918e-02, 2.84090918e-02, 6.81818202e-02, 5.68181835e-03,
          5.11363670e-02, 0., 5.68181835e-02, 3.97727266e-02,
          5.11363670e-02, 5.68181835e-03, 6.81818202e-02, 1.07954547e-01,
          5.68181835e-03, 5.68181835e-03, 1.70454551e-02, 2.84090918e-02,
          4.54545468e-02, 1.70454551e-02, 6.25000000e-02, 3.40909101e-02,
          1.19318187e-01, 3.97727266e-02, 7.38636404e-02, 2.84090918e-02,
          1.13636367e-02 ]
      - [ 3.43750007e-02, 8.12500045e-02, 3.43750007e-02, 2.81250011e-02,
          2.65625007e-02, 3.12500005e-03, 5.00000007e-02, 3.28125022e-02,
          2.65625007e-02, 2.03125011e-02, 1.25000000e-01, 4.06250022e-02,
          9.37500037e-03, 6.25000009e-03, 1.40625006e-02, 7.65625015e-02,
          3.12500000e-02, 3.90625000e-02, 3.43750007e-02, 2.81250011e-02,
          3.90625000e-02, 3.43750007e-02, 9.21875015e-02, 3.12500000e-02,
          6.09375015e-02 ]
      - [ 1.85185187e-02, 1.85185187e-02, 4.32098769e-02, 2.46913582e-02,
          6.17283955e-02, 6.17283955e-03, 6.17283955e-03, 6.17283955e-03,
          3.08641978e-02, 1.85185187e-02, 0., 1.85185194e-01,
          1.85185187e-02, 6.17283955e-03, 6.17283955e-03, 1.85185187e-02,
          8.02469105e-02, 0., 1.85185187e-02, 7.40740746e-02,
          5.55555560e-02, 8.64197537e-02, 1.97530866e-01, 1.85185187e-02,
          0. ]
      - [ 3.73134320e-03, 4.47761193e-02, 6.34328350e-02, 2.98507456e-02,
          1.11940298e-02, 0., 4.85074632e-02, 1.49253728e-02,
          2.23880596e-02, 0., 3.35820876e-02, 1.64179102e-01,
          7.46268639e-03, 7.46268639e-03, 0., 3.35820876e-02,
          6.34328350e-02, 3.73134315e-02, 2.23880596e-02, 5.59701473e-02,
          7.08955228e-02, 2.98507456e-02, 1.90298498e-01, 2.61194017e-02,
          1.86567158e-02 ]
      - [ 5.28422743e-02, 5.20416312e-02, 4.00320254e-02, 4.80384305e-02,
          1.68134496e-02, 2.56204959e-02, 5.20416312e-02, 3.60288210e-02,
          1.28102480e-02, 2.64211372e-02, 7.44595677e-02, 9.12730172e-02,
          1.76140908e-02, 1.76140908e-02, 2.48198546e-02, 6.00480363e-02,
          3.60288210e-02, 3.20256203e-02, 3.84307429e-02, 2.08166521e-02,
          3.12249791e-02, 8.00640509e-03, 8.16653296e-02, 2.72217765e-02,
          7.60608464e-02 ]
      - [ 3.53982300e-02, 2.21238937e-02, 7.07964599e-02, 8.84955749e-03,
          2.21238937e-02, 0., 5.30973449e-02, 2.21238937e-02,
          4.86725643e-02, 8.84955749e-03, 3.09734512e-02, 8.40707943e-02,
          8.84955749e-03, 4.42477874e-03, 0., 8.84955749e-02,
          7.96460211e-02, 4.86725643e-02, 8.84955749e-03, 4.42477874e-02,
          4.86725643e-02, 2.21238937e-02, 1.99115038e-01, 3.09734512e-02,
          8.84955749e-03 ]
      - [ 2.21187435e-02, 5.47147840e-02, 3.72526199e-02, 1.97904538e-02,
          1.97904538e-02, 1.62980221e-02, 4.88940626e-02, 2.44470313e-02,
          2.44470313e-02, 4.65657748e-02, 9.89522710e-02, 7.91618153e-02,
          5.82072185e-03, 9.31315497e-03, 6.98486622e-03, 4.19091955e-02,
          3.49243321e-02, 2.32828874e-02, 2.32828874e-02, 2.09545977e-02,
          5.47147840e-02, 4.19091955e-02, 1.26891732e-01, 2.32828874e-02,
          9.42956954e-02 ]
      - [ 2.37288140e-02, 1.69491526e-02, 6.10169470e-02, 2.37288140e-02,
          3.38983051e-02, 0., 3.38983051e-02, 2.03389823e-02,
          1.69491526e-02, 1.69491526e-02, 9.15254205e-02, 5.42372875e-02,
          2.03389823e-02, 3.38983047e-03, 0., 4.74576280e-02,
          4.74576280e-02, 1.35593219e-02, 2.37288140e-02, 5.08474559e-02,
          3.38983051e-02, 7.79661015e-02, 2.44067788e-01, 1.69491526e-02,
          2.71186437e-02 ]
      - [ 2.81173605e-02, 2.20048912e-02, 3.54523249e-02, 3.91198061e-02,
          1.83374099e-02, 4.88997577e-03, 4.64547686e-02, 3.05623487e-02,
          3.30073349e-02, 2.07823962e-02, 1.23471886e-01, 9.65770185e-02,
          1.58924218e-02, 1.22249397e-02, 7.33496342e-03, 4.27872874e-02,
          4.15647924e-02, 1.34474337e-02, 2.56723724e-02, 3.91198061e-02,
          3.66748199e-02, 5.50122261e-02, 1.55256733e-01, 1.95599031e-02,
          3.66748199e-02 ]
      - [ 1.46198831e-02, 4.38596494e-02, 2.33918130e-02, 4.97076027e-02,
          1.16959065e-02, 5.26315793e-02, 2.63157897e-02, 5.26315793e-02,
          1.46198831e-02, 4.09356728e-02, 1.05263159e-01, 5.26315793e-02,
          1.75438598e-02, 2.92397663e-02, 5.26315793e-02, 3.21637429e-02,
          3.80116962e-02, 2.33918130e-02, 3.50877196e-02, 2.63157897e-02,
          3.21637429e-02, 2.04678364e-02, 8.77192989e-02, 2.04678364e-02,
          9.64912325e-02 ]
      - [ 3.39805819e-02, 1.45631069e-02, 2.42718458e-02, 9.70873795e-03,
          3.88349518e-02, 0., 6.79611638e-02, 4.36893217e-02,
          9.70873795e-03, 3.39805819e-02, 1.16504855e-01, 5.33980578e-02,
          5.82524277e-02, 4.85436916e-02, 4.85436898e-03, 4.85436916e-02,
          4.36893217e-02, 1.94174759e-02, 4.85436916e-02, 3.39805819e-02,
          4.36893217e-02, 7.28155375e-02, 4.36893217e-02, 2.42718458e-02,
          6.31067976e-02 ]
      - [ 8.92857183e-03, 2.23214291e-02, 2.90178582e-02, 3.79464291e-02,
          1.33928582e-02, 1.33928582e-02, 4.24107164e-02, 2.67857164e-02,
          1.56250000e-02, 1.56250000e-02, 8.03571492e-02, 1.27232149e-01,
          1.78571437e-02, 1.33928582e-02, 1.56250000e-02, 5.58035746e-02,
          2.67857164e-02, 6.69642910e-03, 2.00892873e-02, 2.67857164e-02,
          4.24107164e-02, 3.79464291e-02, 1.54017866e-01, 1.56250000e-02,
          1.33928582e-01 ]
      - [ 4.69314083e-02, 2.88808662e-02, 4.51263525e-02, 3.42960283e-02,
          3.79061364e-02, 2.16606501e-02, 3.61010842e-02, 5.23465686e-02,
          2.88808662e-02, 2.52707582e-02, 5.41516244e-02, 6.67870045e-02,
          1.98555961e-02, 2.34657042e-02, 3.24909762e-02, 3.79061364e-02,
          4.15162444e-02, 3.24909762e-02, 4.15162444e-02, 4.15162444e-02,
          3.42960283e-02, 3.97111923e-02, 9.02527049e-02, 3.06859203e-02,
          5.59566766e-02 ]
      - [ 1.91256832e-02, 3.82513665e-02, 3.00546438e-02, 4.91803251e-02,
          2.18579229e-02, 3.82513665e-02, 2.18579229e-02, 5.19125685e-02,
          2.45901626e-02, 2.45901626e-02, 5.46448082e-02, 4.91803251e-02,
          3.27868834e-02, 2.18579229e-02, 4.64480855e-02, 3.27868834e-02,
          5.46448082e-02, 2.45901626e-02, 6.01092875e-02, 3.00546438e-02,
          3.82513665e-02, 6.83060065e-02, 7.65027329e-02, 3.00546438e-02,
          6.01092875e-02 ]
      - [ 3.52941193e-02, 3.67647074e-02, 3.52941193e-02, 3.67647074e-02,
          3.08823530e-02, 8.08823556e-02, 3.97058837e-02, 4.55882363e-02,
          3.52941193e-02, 2.64705885e-02, 4.55882363e-02, 2.64705885e-02,
          3.23529430e-02, 2.20588241e-02, 8.08823556e-02, 4.11764719e-02,
          3.82352956e-02, 3.23529430e-02, 5.00000007e-02, 3.38235311e-02,
          3.38235311e-02, 3.38235311e-02, 2.05882359e-02, 4.55882363e-02,
          6.02941178e-02 ]
      - [ 3.20855603e-02, 4.54545468e-02, 5.34759387e-02, 3.47593576e-02,
          2.94117648e-02, 4.27807495e-02, 4.54545468e-02, 5.34759387e-02,
          4.01069522e-02, 4.01069522e-02, 5.08021414e-02, 4.27807495e-02,
          2.67379694e-02, 1.60427801e-02, 2.40641721e-02, 3.74331549e-02,
          4.54545468e-02, 2.40641721e-02, 5.34759387e-02, 2.67379694e-02,
          2.94117648e-02, 4.27807495e-02, 6.95187151e-02, 4.81283441e-02,
          4.54545468e-02 ]
      - [ 2.58064512e-02, 3.22580636e-02, 4.51612882e-02, 2.58064512e-02,
          3.22580636e-02, 1.93548389e-02, 5.16129024e-02, 5.16129024e-02,
          5.16129024e-02, 9.03225765e-02, 1.09677419e-01, 1.29032256e-02,
          0., 5.16129024e-02, 1.93548389e-02, 7.09677413e-02,
          3.22580636e-02, 1.93548389e-02, 4.51612882e-02, 6.45161280e-03,
          3.22580636e-02, 5.80645166e-02, 5.16129024e-02, 1.29032256e-02,
          5.16129024e-02 ]
      - [ 6.13333322e-02, 5.06666675e-02, 3.19999978e-02, 2.66666673e-02,
          2.66666673e-02, 2.40000002e-02, 6.66666627e-02, 7.99999982e-02,
          3.73333320e-02, 5.59999980e-02, 3.19999978e-02, 5.59999980e-02,
          2.13333331e-02, 1.59999989e-02, 3.73333320e-02, 4.26666662e-02,
          3.99999991e-02, 1.33333337e-02, 5.06666675e-02, 2.66666673e-02,
          1.06666666e-02, 5.86666651e-02, 3.73333320e-02, 2.40000002e-02,
          7.19999969e-02 ]
      - [ 4.52554710e-02, 2.48175170e-02, 3.79562043e-02, 3.64963487e-02,
          3.79562043e-02, 7.44525492e-02, 4.67153266e-02, 3.79562043e-02,
          3.50364968e-02, 3.21167856e-02, 2.48175170e-02, 3.79562043e-02,
          3.94160561e-02, 3.21167856e-02, 8.46715271e-02, 4.81751822e-02,
          2.62773708e-02, 4.52554710e-02, 4.96350341e-02, 2.48175170e-02,
          3.21167856e-02, 3.64963487e-02, 1.16788317e-02, 3.35766412e-02,
          6.42335713e-02 ]
      - [ 6.46387860e-02, 2.66159698e-02, 3.42205316e-02, 2.28136890e-02,
          3.80228125e-02, 4.18250933e-02, 5.70342205e-02, 7.22433478e-02,
          4.56273779e-02, 7.22433478e-02, 4.94296588e-02, 4.94296588e-02,
          3.80228134e-03, 1.52091254e-02, 1.90114062e-02, 7.22433478e-02,
          3.04182507e-02, 1.52091254e-02, 4.18250933e-02, 1.14068445e-02,
          3.04182507e-02, 5.70342205e-02, 4.18250933e-02, 1.52091254e-02,
          7.22433478e-02 ]
      - [ 6.99300691e-02, 3.49650346e-02, 3.49650346e-02, 4.66200486e-02,
          3.03030312e-02, 7.69230798e-02, 3.03030312e-02, 2.56410260e-02,
          2.33100243e-02, 1.86480191e-02, 8.62470865e-02, 5.12820520e-02,
          3.72960381e-02, 1.63170174e-02, 8.62470865e-02, 2.79720277e-02,
          1.86480191e-02, 3.03030312e-02, 3.72960381e-02, 9.32400953e-03,
          9.32400953e-03, 3.49650346e-02, 3.96270417e-02, 3.03030312e-02,
          9.32400972e-02 ]
      - [ 4.72972989e-02, 3.71621624e-02, 2.02702712e-02, 4.56081107e-02,
          2.36486495e-02, 7.77027011e-02, 3.54729742e-02, 4.39189188e-02,
          2.19594594e-02, 4.56081107e-02, 6.41891882e-02, 4.39189188e-02,
          4.56081107e-02, 2.19594594e-02, 7.43243247e-02, 5.23648672e-02,
          3.37837860e-02, 3.04054059e-02, 3.54729742e-02, 2.19594594e-02,
          2.02702712e-02, 2.19594594e-02, 3.20945941e-02, 3.20945941e-02,
          7.09459484e-02 ]
      - [ 1.75438598e-02, 1.62280709e-01, 3.07017546e-02, 9.21052620e-02,
          1.31578948e-02, 7.01754391e-02, 3.07017546e-02, 1.31578948e-02,
          1.31578948e-02, 0., 1.31578952e-01, 2.19298247e-02,
          1.31578948e-02, 1.31578948e-02, 3.07017546e-02, 3.07017546e-02,
          8.77192989e-03, 2.63157897e-02, 2.19298247e-02, 2.19298247e-02,
          0., 2.63157897e-02, 6.57894760e-02, 1.75438598e-02,
          1.27192989e-01 ]
      - [ 2.23463681e-02, 2.23463681e-02, 3.35195512e-02, 3.91061455e-02,
          5.58659201e-03, 3.35195512e-02, 5.58659211e-02, 3.91061455e-02,
          1.67597756e-02, 1.11731840e-02, 1.28491610e-01, 3.35195512e-02,
          1.11731840e-02, 5.58659201e-03, 8.37988779e-02, 5.02793267e-02,
          5.02793267e-02, 3.35195512e-02, 2.79329605e-02, 1.67597756e-02,
          3.91061455e-02, 4.46927361e-02, 7.26256967e-02, 2.79329605e-02,
          9.49720666e-02 ]
      - [ 1.20000001e-02, 5.20000011e-02, 1.20000001e-02, 2.40000002e-02,
          8.00000038e-03, 4.00000028e-02, 3.60000022e-02, 3.20000015e-02,
          2.00000014e-02, 5.20000011e-02, 1.00000001e-01, 3.60000022e-02,
          1.20000001e-02, 2.00000014e-02, 3.20000015e-02, 5.20000011e-02,
          2.80000009e-02, 1.60000008e-02, 5.60000017e-02, 2.40000002e-02,
          6.80000037e-02, 1.60000008e-02, 1.28000006e-01, 1.60000008e-02,
          1.08000003e-01 ]
      - [ 6.56455159e-02, 2.84463894e-02, 3.93873081e-02, 3.50109413e-02,
          3.06345746e-02, 3.93873081e-02, 4.81400453e-02, 3.06345746e-02,
          4.37636748e-02, 3.06345746e-02, 3.71991247e-02, 4.15754914e-02,
          2.40700226e-02, 3.28227580e-02, 5.03282286e-02, 3.71991247e-02,
          4.15754914e-02, 4.81400453e-02, 3.50109413e-02, 3.71991247e-02,
          4.15754914e-02, 1.96936540e-02, 5.90809621e-02, 3.71991247e-02,
          6.56455159e-02 ]
      - [ 3.65853645e-02, 2.43902430e-02, 4.47154455e-02, 4.06504050e-03,
          3.25203240e-02, 8.13008100e-03, 4.87804860e-02, 4.47154455e-02,
          4.87804860e-02, 2.84552835e-02, 8.13008100e-02, 2.03252025e-02,
          4.06504050e-02, 1.62601620e-02, 4.06504050e-03, 7.31707290e-02,
          4.47154455e-02, 3.65853645e-02, 4.87804860e-02, 1.62601620e-02,
          4.87804860e-02, 8.13008100e-02, 2.03252025e-02, 5.69105670e-02,
          8.94308910e-02 ]
      - [ 4.11985032e-02, 2.99625471e-02, 2.62172297e-02, 7.49063678e-03,
          3.37078646e-02, 3.18352059e-02, 3.93258445e-02, 5.61797768e-02,
          3.74531820e-02, 6.55430704e-02, 6.17977530e-02, 6.92883879e-02,
          2.99625471e-02, 5.61797768e-02, 1.49812736e-02, 3.55805233e-02,
          3.93258445e-02, 3.55805233e-02, 5.24344593e-02, 2.99625471e-02,
          1.68539323e-02, 2.05992516e-02, 5.24344593e-02, 3.18352059e-02,
          8.42696652e-02 ]
      - [ 4.03225794e-03, 4.43548374e-02, 2.82258056e-02, 5.24193533e-02,
          4.43548374e-02, 1.61290318e-02, 4.83870953e-02, 5.24193533e-02,
          3.62903215e-02, 2.82258056e-02, 4.83870953e-02, 8.87096748e-02,
          8.06451589e-03, 1.61290318e-02, 0., 2.82258056e-02,
          4.43548374e-02, 1.61290318e-02, 5.24193533e-02, 2.01612897e-02,
          3.22580636e-02, 1.00806445e-01, 1.00806445e-01, 8.06451589e-03,
          8.06451589e-02 ]
      - [ 5.25525548e-02, 3.90390381e-02, 5.40540554e-02, 4.80480492e-02,
          3.45345363e-02, 3.30330357e-02, 2.55255252e-02, 4.05405425e-02,
          2.10210215e-02, 1.80180185e-02, 4.80480492e-02, 4.80480492e-02,
          4.65465486e-02, 4.95495498e-02, 3.60360369e-02, 2.55255252e-02,
          6.00600615e-02, 3.45345363e-02, 3.45345363e-02, 3.75375375e-02,
          7.05705732e-02, 2.25225240e-02, 2.25225240e-02, 4.80480492e-02,
          4.95495498e-02 ]
      - [ 3.17460336e-02, 1.19047631e-02, 2.38095261e-02, 1.98412705e-02,
          2.38095261e-02, 3.96825410e-02, 3.17460336e-02, 6.74603209e-02,
          2.77777798e-02, 3.96825410e-02, 7.53968284e-02, 5.95238134e-02,
          1.98412705e-02, 1.19047631e-02, 1.58730168e-02, 5.55555597e-02,
          4.36507948e-02, 1.98412705e-02, 3.57142873e-02, 2.38095261e-02,
          5.95238134e-02, 5.55555597e-02, 9.12698433e-02, 1.98412705e-02,
          9.52381045e-02 ]
      - [ 4.43349741e-02, 2.46305410e-02, 9.85221658e-03, 1.97044332e-02,
          1.47783253e-02, 9.85221639e-02, 3.94088663e-02, 5.41871898e-02,
          1.97044332e-02, 1.97044332e-02, 6.89655170e-02, 1.47783253e-02,
          2.46305410e-02, 2.46305410e-02, 8.37438405e-02, 4.43349741e-02,
          4.92610829e-03, 4.92610820e-02, 7.38916248e-02, 1.97044332e-02,
          4.92610829e-03, 2.95566507e-02, 9.85221658e-03, 5.91133013e-02,
          1.42857134e-01 ]
      - [ 3.43347639e-02, 3.43347639e-02, 3.43347639e-02, 4.50643785e-02,
          1.93133056e-02, 3.00429184e-02, 5.79399131e-02, 4.29184549e-02,
          2.14592274e-02, 4.29184549e-02, 7.29613751e-02, 4.93562222e-02,
          1.71673819e-02, 3.43347639e-02, 3.86266112e-02, 3.43347639e-02,
          2.14592274e-02, 4.50643785e-02, 4.07725312e-02, 3.43347639e-02,
          4.50643785e-02, 6.00858368e-02, 5.36480695e-02, 2.57510729e-02,
          6.43776804e-02 ]
      - [ 4.28015552e-02, 4.08560298e-02, 3.30739282e-02, 4.66926061e-02,
          4.08560298e-02, 4.66926061e-02, 4.08560298e-02, 5.25291823e-02,
          3.30739282e-02, 3.69649790e-02, 4.66926061e-02, 2.72373538e-02,
          2.52918284e-02, 2.72373538e-02, 2.72373538e-02, 4.86381315e-02,
          3.30739282e-02, 3.50194536e-02, 3.89105044e-02, 2.14007776e-02,
          4.66926061e-02, 5.83657585e-02, 3.69649790e-02, 3.69649790e-02,
          7.58754835e-02 ]
      - [ 6.95443675e-02, 1.91846527e-02, 3.11750602e-02, 2.39808150e-02,
          2.63788980e-02, 4.31654677e-02, 3.83693054e-02, 7.67386109e-02,
          4.79616299e-02, 4.31654677e-02, 4.79616299e-02, 3.83693054e-02,
          3.59712243e-02, 3.11750602e-02, 1.19904075e-02, 5.51558770e-02,
          2.15827338e-02, 2.39808150e-02, 9.11270976e-02, 2.39808150e-02,
          3.35731432e-02, 5.27577959e-02, 1.43884895e-02, 3.11750602e-02,
          6.71462864e-02 ]
      - [ 3.97946090e-02, 3.59435193e-02, 5.00641875e-02, 3.85109112e-02,
          3.46598215e-02, 3.59435193e-02, 4.49293964e-02, 4.87804897e-02,
          3.20924260e-02, 5.00641875e-02, 6.54685497e-02, 4.23620045e-02,
          3.20924260e-02, 1.79717597e-02, 1.15532735e-02, 3.85109112e-02,
          4.87804897e-02, 2.95250323e-02, 4.10783067e-02, 3.72272171e-02,
          4.87804897e-02, 3.85109112e-02, 4.49293964e-02, 3.08087301e-02,
          6.16174601e-02 ]
      - [ 5.45851551e-02, 3.49344984e-02, 2.62008738e-02, 1.74672492e-02,
          1.52838435e-02, 7.20524043e-02, 3.49344984e-02, 3.05676870e-02,
          2.62008738e-02, 4.14847173e-02, 8.73362422e-02, 2.18340605e-02,
          1.96506549e-02, 2.18340605e-02, 5.67685589e-02, 3.93013097e-02,
          3.05676870e-02, 7.20524043e-02, 3.93013097e-02, 4.36681230e-03,
          3.93013097e-02, 2.83842795e-02, 2.83842795e-02, 6.33187816e-02,
          9.38864648e-02 ]
      - [ 5.15970513e-02, 4.42260429e-02, 3.68550345e-02, 3.43980342e-02,
          2.94840299e-02, 3.43980342e-02, 4.17690426e-02, 4.66830470e-02,
          1.96560193e-02, 6.14250600e-02, 6.87960684e-02, 3.19410302e-02,
          2.94840299e-02, 5.15970513e-02, 2.21130215e-02, 4.17690426e-02,
          1.71990171e-02, 3.68550345e-02, 6.63390681e-02, 1.47420149e-02,
          3.68550345e-02, 2.21130215e-02, 1.71990171e-02, 3.93120386e-02,
          1.03194103e-01 ]
      - [ 2.79329605e-02, 3.07262558e-02, 4.46927361e-02, 2.79329605e-02,
          4.46927361e-02, 1.95530728e-02, 3.35195512e-02, 3.35195512e-02,
          3.91061455e-02, 5.30726239e-02, 6.14525117e-02, 8.37988779e-02,
          5.58659201e-03, 1.67597756e-02, 2.79329605e-02, 5.30726239e-02,
          4.46927361e-02, 5.58659201e-03, 3.91061455e-02, 5.30726239e-02,
          4.46927361e-02, 2.79329605e-02, 9.49720666e-02, 8.37988779e-03,
          7.82122910e-02 ]
      - [ 1.98675506e-02, 2.98013240e-02, 3.97351012e-02, 1.32450331e-02,
          1.32450331e-02, 4.30463590e-02, 5.62913902e-02, 3.31125818e-02,
          2.31788084e-02, 3.97351012e-02, 6.95364252e-02, 4.30463590e-02,
          1.98675506e-02, 1.98675506e-02, 3.97351012e-02, 6.95364252e-02,
          4.63576168e-02, 2.98013240e-02, 2.31788084e-02, 2.64900662e-02,
          1.98675506e-02, 2.98013240e-02, 1.35761589e-01, 3.31125818e-02,
          8.27814564e-02 ]
      - [ 3.53260860e-02, 3.26086953e-02, 5.43478280e-02, 3.53260860e-02,
          1.63043477e-02, 2.44565215e-02, 3.80434804e-02, 4.34782617e-02,
          4.89130430e-02, 2.98913047e-02, 6.79347813e-02, 4.89130430e-02,
          2.44565215e-02, 5.43478271e-03, 2.44565215e-02, 4.61956523e-02,
          4.89130430e-02, 3.26086953e-02, 5.70652187e-02, 4.07608710e-02,
          3.26086953e-02, 6.79347813e-02, 4.89130430e-02, 2.71739140e-02,
          6.79347813e-02 ]
      - [ 3.13901380e-02, 4.93273586e-02, 3.13901380e-02, 1.79372206e-02,
          1.34529155e-02, 6.72645792e-02, 3.58744413e-02, 4.03587446e-02,
          3.58744413e-02, 6.72645792e-02, 7.62331858e-02, 7.17488825e-02,
          3.13901380e-02, 4.48430516e-03, 5.38116619e-02, 4.48430516e-02,
          3.58744413e-02, 3.58744413e-02, 4.03587446e-02, 0.,
          3.58744413e-02, 4.03587446e-02, 5.82959652e-02, 3.58744413e-02,
          4.48430516e-02 ]
      - [ 1.80000011e-02, 4.80000004e-02, 2.80000009e-02, 5.20000011e-02,
          2.00000014e-02, 6.20000027e-02, 3.60000022e-02, 1.80000011e-02,
          2.80000009e-02, 1.40000004e-02, 5.20000011e-02, 1.68000013e-01,
          2.00000014e-02, 1.00000007e-02, 9.00000036e-02, 1.80000011e-02,
          1.80000011e-02, 1.60000008e-02, 2.00000014e-02, 2.20000017e-02,
          4.80000004e-02, 1.80000011e-02, 9.60000008e-02, 1.20000001e-02,
          6.80000037e-02 ]
      - [ 3.50318477e-02, 5.73248416e-02, 4.77707013e-02, 1.91082805e-02,
          4.77707013e-02, 3.82165611e-02, 4.14012745e-02, 4.45859879e-02,
          4.14012745e-02, 3.18471342e-02, 7.64331222e-02, 2.54777074e-02,
          1.27388537e-02, 2.22929940e-02, 3.50318477e-02, 3.18471342e-02,
          3.50318477e-02, 3.18471342e-02, 4.45859879e-02, 3.82165611e-02,
          3.18471342e-02, 3.18471342e-02, 1.01910830e-01, 1.59235671e-02,
          6.05095550e-02 ]
      - [ 2.71493234e-02, 3.16742100e-02, 2.48868782e-02, 5.20361997e-02,
          4.97737564e-02, 3.84615399e-02, 4.07239832e-02, 8.37104097e-02,
          2.48868782e-02, 6.56108633e-02, 4.29864265e-02, 1.58371050e-02,
          2.48868782e-02, 1.58371050e-02, 2.94117667e-02, 5.20361997e-02,
          2.26244349e-02, 2.03619916e-02, 6.78733066e-02, 2.71493234e-02,
          4.29864265e-02, 6.56108633e-02, 2.03619916e-02, 3.16742100e-02,
          8.14479664e-02 ]
      - [ 5.35714291e-02, 2.38095243e-02, 5.35714291e-02, 1.78571437e-02,
          2.97619049e-02, 4.76190485e-02, 9.52380970e-02, 5.35714291e-02,
          3.57142873e-02, 2.97619049e-02, 7.73809552e-02, 2.38095243e-02,
          2.38095243e-02, 4.16666679e-02, 2.38095243e-02, 8.33333358e-02,
          3.57142873e-02, 2.38095243e-02, 2.97619049e-02, 0.,
          4.16666679e-02, 2.97619049e-02, 5.35714291e-02, 2.97619049e-02,
          4.16666679e-02 ]
      - [ 4.45205495e-02, 3.76712307e-02, 3.42465751e-02, 4.10958901e-02,
          2.39726026e-02, 1.71232875e-02, 3.08219176e-02, 3.08219176e-02,
          2.73972601e-02, 3.08219176e-02, 4.45205495e-02, 8.90410990e-02,
          1.71232875e-02, 1.02739725e-02, 2.73972601e-02, 5.82191795e-02,
          4.10958901e-02, 3.08219176e-02, 6.84931502e-02, 1.71232875e-02,
          3.08219176e-02, 8.21917802e-02, 6.84931502e-02, 3.08219176e-02,
          6.50684908e-02 ]
      - [ 3.14136147e-02, 5.49738221e-02, 2.09424086e-02, 2.09424086e-02,
          5.23560196e-02, 4.97382209e-02, 1.57068074e-02, 3.66492160e-02,
          1.04712043e-02, 4.97382209e-02, 6.54450282e-02, 3.14136147e-02,
          2.35602092e-02, 1.57068074e-02, 3.92670147e-02, 5.23560196e-02,
          3.66492160e-02, 3.40314135e-02, 6.54450282e-02, 3.14136147e-02,
          5.49738221e-02, 4.71204184e-02, 4.18848172e-02, 2.09424086e-02,
          9.68586430e-02 ]
      - [ 1.48883369e-02, 2.23325063e-02, 3.97022329e-02, 2.23325063e-02,
          4.96277921e-02, 4.21836227e-02, 3.22580636e-02, 3.97022329e-02,
          3.47394533e-02, 3.47394533e-02, 4.71464023e-02, 6.20347373e-02,
          1.73697267e-02, 2.97766738e-02, 3.97022329e-02, 3.22580636e-02,
          3.72208431e-02, 2.48138960e-02, 5.70719615e-02, 4.71464023e-02,
          4.46650125e-02, 3.97022329e-02, 3.47394533e-02, 4.46650125e-02,
          1.09181143e-01 ]
      - [ 3.31753567e-02, 3.79146934e-02, 2.84360200e-02, 1.42180100e-02,
          2.84360200e-02, 1.89573467e-02, 8.53080601e-02, 9.47867334e-02,
          1.42180100e-02, 5.68720400e-02, 8.05687234e-02, 3.31753567e-02,
          1.42180100e-02, 9.47867334e-03, 4.73933667e-03, 5.68720400e-02,
          5.21327034e-02, 3.31753567e-02, 3.79146934e-02, 6.16113767e-02,
          2.36966833e-02, 3.31753567e-02, 2.36966833e-02, 2.84360200e-02,
          9.47867334e-02 ]
      - [ 8.15217383e-03, 2.98913047e-02, 3.26086953e-02, 5.97826093e-02,
          1.63043477e-02, 5.16304374e-02, 2.44565215e-02, 7.06521720e-02,
          8.15217383e-03, 3.80434804e-02, 1.14130437e-01, 8.15217420e-02,
          2.71739140e-02, 1.08695654e-02, 4.07608710e-02, 2.17391308e-02,
          3.80434804e-02, 1.35869570e-02, 5.70652187e-02, 1.63043477e-02,
          2.98913047e-02, 3.80434804e-02, 7.88043514e-02, 8.15217383e-03,
          8.42391327e-02 ]
      - [ 1.88679248e-02, 4.95283008e-02, 1.17924530e-02, 2.83018872e-02,
          1.88679248e-02, 1.01415098e-01, 4.00943384e-02, 5.18867932e-02,
          7.07547180e-03, 3.53773609e-02, 1.08490571e-01, 5.18867932e-02,
          1.65094342e-02, 7.07547180e-03, 9.90566015e-02, 3.77358496e-02,
          1.65094342e-02, 3.06603778e-02, 5.66037744e-02, 9.43396240e-03,
          3.06603778e-02, 1.65094342e-02, 3.06603778e-02, 2.59433966e-02,
          9.90566015e-02 ]
      - [ 6.80628270e-02, 3.92670147e-02, 2.87958123e-02, 3.14136147e-02,
          3.14136147e-02, 1.04712043e-02, 3.92670147e-02, 3.40314135e-02,
          3.66492160e-02, 5.23560196e-02, 9.68586430e-02, 5.49738221e-02,
          4.18848172e-02, 4.18848172e-02, 1.83246080e-02, 3.66492160e-02,
          2.09424086e-02, 3.14136147e-02, 2.35602092e-02, 3.40314135e-02,
          2.09424086e-02, 3.92670147e-02, 4.71204184e-02, 2.87958123e-02,
          9.16230381e-02 ]
      - [ 2.50000022e-02, 5.00000045e-02, 1.66666675e-02, 4.16666679e-02,
          2.50000022e-02, 6.66666701e-02, 1.66666675e-02, 6.66666701e-02,
          2.50000022e-02, 5.00000045e-02, 1.91666678e-01, 2.50000022e-02,
          8.33333377e-03, 8.33333377e-03, 5.00000045e-02, 1.66666675e-02,
          2.50000022e-02, 2.50000022e-02, 5.83333373e-02, 8.33333377e-03,
          0., 1.66666675e-02, 5.83333373e-02, 2.50000022e-02,
          1.00000009e-01 ]
      - [ 3.84615399e-02, 2.94117667e-02, 1.80995483e-02, 2.26244349e-02,
          5.88235334e-02, 6.10859767e-02, 3.16742100e-02, 5.42986467e-02,
          4.29864265e-02, 7.01357499e-02, 8.82352963e-02, 1.80995483e-02,
          3.84615399e-02, 2.94117667e-02, 4.07239832e-02, 3.16742100e-02,
          2.03619916e-02, 1.58371050e-02, 4.75113131e-02, 2.48868782e-02,
          1.58371050e-02, 3.39366533e-02, 2.71493234e-02, 3.16742100e-02,
          1.08597293e-01 ]
      - [ 2.32108328e-02, 5.02901375e-02, 4.25531939e-02, 7.15667307e-02,
          2.32108328e-02, 3.86847220e-02, 2.70793047e-02, 3.86847220e-02,
          2.32108328e-02, 2.12765969e-02, 7.15667307e-02, 6.76982626e-02,
          3.48162502e-02, 4.06189561e-02, 2.90135406e-02, 3.67504843e-02,
          3.67504843e-02, 4.06189561e-02, 2.70793047e-02, 1.16054164e-02,
          2.51450688e-02, 2.12765969e-02, 1.17988400e-01, 2.90135406e-02,
          5.02901375e-02 ]
      - [ 2.34113708e-02, 5.68561852e-02, 4.18060198e-02, 1.30434781e-01,
          2.67558526e-02, 7.35785961e-02, 3.34448144e-02, 4.01337780e-02,
          1.83946490e-02, 5.01672253e-02, 6.85618743e-02, 2.34113708e-02,
          1.67224072e-02, 8.36120360e-03, 2.67558526e-02, 3.34448144e-02,
          4.34782617e-02, 2.67558526e-02, 4.51504998e-02, 2.00668890e-02,
          4.18060198e-02, 6.52173907e-02, 2.84280926e-02, 8.36120360e-03,
          4.84949835e-02 ]
      - [ 2.99684554e-02, 3.78548913e-02, 2.52365936e-02, 8.67507905e-02,
          2.05047317e-02, 1.08832806e-01, 2.36593056e-02, 2.99684554e-02,
          2.83911675e-02, 3.15457433e-02, 3.47003154e-02, 6.15141951e-02,
          2.05047317e-02, 4.73186141e-03, 8.99053663e-02, 1.73501577e-02,
          2.83911675e-02, 2.99684554e-02, 3.31230275e-02, 2.83911675e-02,
          1.57728717e-02, 3.15457433e-02, 7.88643584e-02, 2.68138815e-02,
          7.57097825e-02 ]
      - [ 1.31004369e-02, 3.49344984e-02, 3.71179059e-02, 1.74672492e-02,
          2.18340605e-02, 7.42358118e-02, 3.71179059e-02, 5.89519665e-02,
          2.40174681e-02, 3.71179059e-02, 1.13537118e-01, 3.93013097e-02,
          2.18340605e-02, 1.96506549e-02, 4.36681211e-02, 3.49344984e-02,
          3.05676870e-02, 1.74672492e-02, 4.80349362e-02, 3.05676870e-02,
          3.05676870e-02, 2.83842795e-02, 5.02183400e-02, 3.05676870e-02,
          1.04803495e-01 ]
      - [ 4.21348326e-02, 2.52808984e-02, 2.52808984e-02, 1.26404492e-02,
          3.93258445e-02, 3.23033705e-02, 4.35393266e-02, 5.33707887e-02,
          4.63483147e-02, 5.75842708e-02, 7.58427009e-02, 4.49438207e-02,
          2.52808984e-02, 3.23033705e-02, 3.37078646e-02, 4.49438207e-02,
          2.38764044e-02, 3.51123586e-02, 6.03932589e-02, 2.24719103e-02,
          4.21348326e-02, 2.80898884e-02, 3.37078646e-02, 3.93258445e-02,
          8.00561830e-02 ]
      - [ 1.97530873e-02, 2.71604955e-02, 5.92592619e-02, 2.71604955e-02,
          3.20987664e-02, 2.46913582e-02, 3.95061746e-02, 3.70370373e-02,
          3.95061746e-02, 4.44444455e-02, 5.43209910e-02, 6.41975328e-02,
          1.72839519e-02, 7.40740774e-03, 3.70370373e-02, 5.67901246e-02,
          4.69135828e-02, 2.46913582e-02, 4.19753119e-02, 2.96296310e-02,
          3.45679037e-02, 3.95061746e-02, 9.62963030e-02, 2.22222228e-02,
          7.65432119e-02 ]
      - [ 3.89610380e-02, 2.16450207e-02, 4.11255397e-02, 2.16450207e-02,
          2.59740259e-02, 2.81385276e-02, 3.24675329e-02, 3.24675329e-02,
          2.38095243e-02, 3.46320346e-02, 6.06060624e-02, 5.62770553e-02,
          3.67965363e-02, 5.19480519e-02, 1.51515156e-02, 5.84415570e-02,
          3.24675329e-02, 2.59740259e-02, 3.67965363e-02, 5.19480519e-02,
          4.11255397e-02, 4.32900414e-02, 6.27705604e-02, 3.03030312e-02,
          9.52380970e-02 ]
      - [ 3.07692327e-02, 3.07692327e-02, 2.05128212e-02, 4.35897447e-02,
          2.56410260e-02, 3.07692327e-02, 7.69230798e-02, 6.15384653e-02,
          1.28205130e-02, 5.89743592e-02, 9.23076943e-02, 2.05128212e-02,
          3.84615399e-02, 2.82051284e-02, 1.53846163e-02, 6.41025677e-02,
          2.30769236e-02, 2.30769236e-02, 5.89743592e-02, 7.69230817e-03,
          2.56410260e-02, 6.66666701e-02, 2.82051284e-02, 3.07692327e-02,
          8.46153870e-02 ]
      - [ 2.11864412e-02, 3.81355919e-02, 6.14406765e-02, 4.87288125e-02,
          5.29661030e-02, 1.90677959e-02, 3.17796618e-02, 4.44915257e-02,
          5.93220331e-02, 2.11864412e-02, 5.72033897e-02, 4.02542390e-02,
          2.96610165e-02, 8.47457629e-03, 3.38983051e-02, 3.60169485e-02,
          5.72033897e-02, 1.27118640e-02, 3.17796618e-02, 6.56779632e-02,
          4.02542390e-02, 5.93220331e-02, 4.87288125e-02, 1.69491526e-02,
          6.35593235e-02 ]
      - [ 3.94736864e-02, 5.00000007e-02, 5.00000007e-02, 2.36842111e-02,
          2.10526325e-02, 8.42105299e-02, 4.73684222e-02, 1.84210539e-02,
          4.47368436e-02, 3.42105292e-02, 3.68421078e-02, 3.42105292e-02,
          3.68421078e-02, 1.84210539e-02, 4.21052650e-02, 2.89473701e-02,
          5.78947403e-02, 4.73684222e-02, 3.42105292e-02, 2.63157897e-02,
          3.94736864e-02, 3.15789506e-02, 2.63157897e-02, 2.36842111e-02,
          1.02631584e-01 ]
      - [ 2.70270277e-02, 4.27927934e-02, 2.02702712e-02, 4.72972989e-02,
          4.72972989e-02, 8.33333358e-02, 2.92792805e-02, 2.92792805e-02,
          4.05405425e-02, 4.95495498e-02, 7.43243247e-02, 3.60360369e-02,
          2.70270277e-02, 1.80180185e-02, 4.72972989e-02, 2.92792805e-02,
          1.57657657e-02, 3.60360369e-02, 3.60360369e-02, 3.60360369e-02,
          2.92792805e-02, 3.60360369e-02, 4.72972989e-02, 2.70270277e-02,
          8.78378376e-02 ]
      - [ 3.82409170e-02, 2.10325047e-02, 4.01529633e-02, 3.05927340e-02,
          3.82409170e-02, 3.63288708e-02, 4.97131944e-02, 4.58891019e-02,
          9.56022926e-03, 1.72084123e-02, 6.50095567e-02, 4.58891019e-02,
          3.05927340e-02, 4.01529633e-02, 3.82409170e-02, 3.82409170e-02,
          3.05927340e-02, 3.82409170e-02, 3.05927340e-02, 3.25047784e-02,
          5.35372831e-02, 5.92734218e-02, 7.45697916e-02, 1.72084123e-02,
          7.83938840e-02 ]
      - [ 3.62499990e-02, 4.25000004e-02, 4.25000004e-02, 2.99999993e-02,
          3.24999988e-02, 3.12500000e-02, 3.99999991e-02, 4.37499993e-02,
          3.24999988e-02, 4.87499982e-02, 4.62500006e-02, 5.12499996e-02,
          3.37499976e-02, 4.87499982e-02, 3.12500000e-02, 3.24999988e-02,
          3.62499990e-02, 4.25000004e-02, 3.37499976e-02, 5.74999973e-02,
          5.12499996e-02, 2.24999990e-02, 4.12499979e-02, 3.12500000e-02,
          5.99999987e-02 ]
      - [ 4.28134575e-02, 4.28134575e-02, 4.28134575e-02, 3.36391442e-02,
          2.75229365e-02, 1.22324161e-01, 3.97553518e-02, 4.89296652e-02,
          1.83486249e-02, 5.19877709e-02, 1.00917436e-01, 1.83486249e-02,
          2.75229365e-02, 1.83486249e-02, 5.19877709e-02, 5.19877709e-02,
          4.28134575e-02, 3.36391442e-02, 2.75229365e-02, 1.52905202e-02,
          9.17431246e-03, 2.75229365e-02, 1.83486249e-02, 1.83486249e-02,
          6.72782883e-02 ]
      - [ 1.35869563e-01, 1.63043477e-02, 4.07608710e-02, 8.15217383e-03,
          1.35869570e-02, 5.97826093e-02, 5.16304374e-02, 2.17391308e-02,
          2.71739140e-02, 3.26086953e-02, 5.43478280e-02, 5.43478271e-03,
          5.70652187e-02, 9.51086953e-02, 6.52173907e-02, 3.53260860e-02,
          2.71739140e-02, 3.80434804e-02, 2.71739140e-02, 2.44565215e-02,
          2.71739140e-02, 1.35869570e-02, 2.71739135e-03, 4.89130430e-02,
          7.06521720e-02 ]
      - [ 3.48525494e-02, 2.14477219e-02, 3.21715847e-02, 2.94906180e-02,
          3.48525494e-02, 4.02144790e-02, 5.63002713e-02, 5.63002713e-02,
          4.55764085e-02, 5.63002713e-02, 3.48525494e-02, 1.07238609e-02,
          3.75335142e-02, 3.21715847e-02, 4.28954437e-02, 5.09383380e-02,
          4.55764085e-02, 3.21715847e-02, 3.21715847e-02, 4.28954437e-02,
          2.94906180e-02, 2.94906180e-02, 3.75335142e-02, 3.21715847e-02,
          1.01876676e-01 ]
      - [ 3.59477140e-02, 3.59477140e-02, 1.96078438e-02, 2.28758175e-02,
          2.61437912e-02, 4.24836613e-02, 4.24836613e-02, 5.22875823e-02,
          3.26797403e-02, 7.18954280e-02, 6.86274543e-02, 9.80392192e-03,
          1.63398702e-02, 2.28758175e-02, 3.92156877e-02, 6.86274543e-02,
          4.57516350e-02, 3.26797403e-02, 5.55555560e-02, 9.80392192e-03,
          1.30718956e-02, 3.59477140e-02, 2.94117648e-02, 2.61437912e-02,
          1.43790856e-01 ]
      - [ 4.47761193e-02, 2.13219617e-02, 2.34541576e-02, 2.13219617e-02,
          4.26439233e-02, 4.26439233e-02, 4.26439233e-02, 4.05117273e-02,
          4.05117273e-02, 4.69083153e-02, 5.33049069e-02, 3.62473354e-02,
          3.19829434e-02, 2.98507474e-02, 6.18336909e-02, 4.26439233e-02,
          3.83795314e-02, 2.77185515e-02, 5.75692989e-02, 2.34541576e-02,
          2.98507474e-02, 5.97014949e-02, 3.41151394e-02, 3.19829434e-02,
          7.46268705e-02 ]
      - [ 3.75426598e-02, 2.73037534e-02, 2.73037534e-02, 4.43685986e-02,
          5.46075068e-02, 4.43685986e-02, 3.41296904e-02, 5.80204763e-02,
          4.43685986e-02, 5.80204763e-02, 3.41296904e-02, 3.41296918e-03,
          4.77815680e-02, 4.09556292e-02, 6.82593808e-02, 4.09556292e-02,
          2.73037534e-02, 3.07167228e-02, 6.14334457e-02, 5.46075068e-02,
          3.41296918e-03, 2.38907840e-02, 6.82593836e-03, 3.75426598e-02,
          8.87371972e-02 ]
      - [ 4.85175177e-02, 1.07816709e-02, 4.31266837e-02, 2.15633418e-02,
          2.15633418e-02, 7.81671107e-02, 4.58221026e-02, 4.31266837e-02,
          4.31266837e-02, 5.66037707e-02, 5.66037707e-02, 5.92991896e-02,
          2.96495948e-02, 1.88679248e-02, 3.23450118e-02, 4.58221026e-02,
          3.23450118e-02, 2.15633418e-02, 4.85175177e-02, 2.15633418e-02,
          2.96495948e-02, 3.50404307e-02, 3.50404307e-02, 4.04312648e-02,
          8.08625296e-02 ]
      - [ 5.57184741e-02, 2.05278583e-02, 3.22580636e-02, 4.98533733e-02,
          2.05278583e-02, 2.05278583e-02, 5.27859256e-02, 5.27859256e-02,
          1.46627566e-02, 2.93255132e-02, 1.08504400e-01, 5.86510263e-02,
          3.81231681e-02, 4.10557166e-02, 3.51906158e-02, 4.69208211e-02,
          3.22580636e-02, 3.51906158e-02, 5.27859256e-02, 1.17302053e-02,
          2.05278583e-02, 2.05278583e-02, 4.10557166e-02, 1.75953079e-02,
          9.09090936e-02 ]
      - [ 3.01886797e-02, 4.15094346e-02, 4.15094346e-02, 3.01886797e-02,
          2.64150947e-02, 2.64150947e-02, 5.28301895e-02, 3.39622647e-02,
          2.64150947e-02, 4.90566045e-02, 6.41509444e-02, 6.03773594e-02,
          3.01886797e-02, 7.54716992e-03, 3.39622647e-02, 4.15094346e-02,
          4.90566045e-02, 2.64150947e-02, 5.66037744e-02, 2.64150947e-02,
          4.90566045e-02, 3.39622647e-02, 5.66037744e-02, 2.64150947e-02,
          7.92452842e-02 ]
      - [ 5.91715984e-02, 2.36686394e-02, 4.14201170e-02, 2.95857992e-02,
          3.55029590e-02, 7.69230798e-02, 5.91715984e-02, 3.55029590e-02,
          2.36686394e-02, 4.14201170e-02, 8.87573957e-02, 7.10059181e-02,
          2.36686394e-02, 1.18343197e-02, 4.73372787e-02, 5.32544404e-02,
          4.14201170e-02, 1.77514795e-02, 1.77514795e-02, 0.,
          1.18343197e-02, 3.55029590e-02, 2.95857992e-02, 1.77514795e-02,
          1.06508881e-01 ]
      - [ 2.15053763e-02, 4.30107526e-02, 1.61290318e-02, 1.07526882e-02,
          3.22580636e-02, 2.68817209e-02, 6.45161271e-02, 4.83870953e-02,
          2.15053763e-02, 5.91397844e-02, 1.61290318e-01, 1.61290318e-02,
          5.37634408e-03, 5.37634408e-03, 5.37634417e-02, 5.37634417e-02,
          2.68817209e-02, 1.07526882e-02, 5.37634417e-02, 1.61290318e-02,
          2.15053763e-02, 4.30107526e-02, 1.61290318e-02, 1.07526882e-02,
          1.61290318e-01 ]
      - [ 1.51515156e-02, 3.78787890e-02, 6.06060624e-02, 3.03030312e-02,
          1.51515156e-02, 3.78787890e-02, 6.06060624e-02, 6.81818202e-02,
          0., 4.54545468e-02, 3.03030312e-02, 4.54545468e-02,
          2.27272734e-02, 1.51515156e-02, 3.78787890e-02, 9.09090936e-02,
          5.30303046e-02, 2.27272734e-02, 7.57575780e-02, 3.03030312e-02,
          3.78787890e-02, 5.30303046e-02, 7.57575780e-03, 0.,
          1.06060609e-01 ]
      - [ 1.63043477e-02, 4.34782617e-02, 1.63043477e-02, 3.80434804e-02,
          3.80434804e-02, 6.52173907e-02, 5.97826093e-02, 5.43478280e-02,
          1.63043477e-02, 1.03260875e-01, 1.30434781e-01, 4.89130430e-02,
          0., 1.63043477e-02, 1.63043477e-02, 3.26086953e-02,
          1.08695654e-02, 2.17391308e-02, 4.89130430e-02, 2.17391308e-02,
          1.63043477e-02, 5.43478280e-02, 3.80434804e-02, 1.63043477e-02,
          7.60869607e-02 ]
      - [ 4.08163257e-02, 6.63265288e-02, 1.53061226e-02, 3.57142836e-02,
          2.55102031e-02, 3.06122452e-02, 4.08163257e-02, 2.04081628e-02,
          4.59183678e-02, 3.57142836e-02, 9.69387740e-02, 5.61224483e-02,
          0., 4.08163257e-02, 3.06122452e-02, 2.55102031e-02,
          1.02040814e-02, 2.04081628e-02, 5.10204062e-02, 2.55102031e-02,
          3.06122452e-02, 3.06122452e-02, 6.63265288e-02, 1.53061226e-02,
          1.42857134e-01 ]
      - [ 5.26315793e-02, 2.63157897e-02, 1.50375944e-02, 1.50375944e-02,
          2.63157897e-02, 5.26315793e-02, 5.63909784e-02, 6.39097765e-02,
          2.25563906e-02, 4.13533859e-02, 6.39097765e-02, 1.87969934e-02,
          2.25563906e-02, 6.01503775e-02, 4.51127812e-02, 7.89473727e-02,
          1.87969934e-02, 3.38345878e-02, 6.76691756e-02, 1.87969934e-02,
          2.25563906e-02, 3.00751887e-02, 3.38345878e-02, 3.00751887e-02,
          8.27067718e-02 ]
      - [ 5.90277798e-02, 4.16666679e-02, 1.38888890e-02, 2.77777780e-02,
          3.12500000e-02, 1.31944448e-01, 1.73611119e-02, 2.08333340e-02,
          4.86111119e-02, 6.59722239e-02, 5.20833321e-02, 0.,
          3.12500000e-02, 7.98611119e-02, 7.63888881e-02, 3.47222239e-02,
          2.08333340e-02, 3.47222239e-02, 3.12500000e-02, 1.04166670e-02,
          2.08333340e-02, 6.94444450e-03, 2.08333340e-02, 4.16666679e-02,
          7.98611119e-02 ]
      - [ 4.36507948e-02, 2.77777798e-02, 2.38095261e-02, 1.58730168e-02,
          3.17460336e-02, 1.62698418e-01, 2.38095261e-02, 2.38095261e-02,
          3.17460336e-02, 5.95238134e-02, 4.76190522e-02, 0.,
          2.77777798e-02, 6.74603209e-02, 1.34920642e-01, 4.76190522e-02,
          1.58730168e-02, 3.17460336e-02, 1.98412705e-02, 3.96825420e-03,
          2.77777798e-02, 3.96825420e-03, 1.58730168e-02, 4.36507948e-02,
          6.74603209e-02 ]
      - [ 6.08108118e-02, 2.70270277e-02, 3.37837860e-02, 6.75675720e-02,
          2.02702712e-02, 5.40540554e-02, 4.05405425e-02, 5.40540554e-02,
          2.70270277e-02, 2.02702712e-02, 6.75675720e-02, 3.37837860e-02,
          2.70270277e-02, 9.45945978e-02, 2.70270277e-02, 5.40540554e-02,
          6.75675692e-03, 2.02702712e-02, 2.02702712e-02, 6.75675692e-03,
          2.70270277e-02, 2.02702712e-02, 4.72972989e-02, 2.70270277e-02,
          1.14864871e-01 ]
      - [ 7.43801594e-02, 3.71900797e-02, 2.06611566e-02, 2.47933865e-02,
          3.30578499e-02, 8.26446265e-02, 4.13223132e-02, 2.47933865e-02,
          4.13223132e-02, 5.37190065e-02, 4.13223132e-02, 1.23966932e-02,
          2.89256182e-02, 7.85123929e-02, 1.19834706e-01, 3.30578499e-02,
          3.30578499e-02, 2.47933865e-02, 2.47933865e-02, 4.13223123e-03,
          1.65289249e-02, 8.26446246e-03, 2.47933865e-02, 3.71900797e-02,
          7.85123929e-02 ]
      - [ 7.09046498e-02, 2.44498793e-02, 3.91198061e-02, 1.71149150e-02,
          2.68948674e-02, 1.95599031e-02, 7.82396123e-02, 4.64547686e-02,
          4.15647924e-02, 6.60146698e-02, 8.06846023e-02, 1.46699268e-02,
          2.68948674e-02, 2.93398537e-02, 9.77995154e-03, 6.60146698e-02,
          2.93398537e-02, 3.66748199e-02, 4.40097824e-02, 2.20048912e-02,
          2.68948674e-02, 5.62347211e-02, 4.15647924e-02, 2.68948674e-02,
          5.86797073e-02 ]
      - [ 2.57879663e-02, 1.71919782e-02, 4.87106033e-02, 2.29226369e-02,
          1.43266479e-02, 2.86532957e-02, 4.58452739e-02, 4.29799445e-02,
          2.29226369e-02, 2.86532957e-02, 9.45558771e-02, 4.29799445e-02,
          3.43839563e-02, 2.86532957e-02, 3.43839563e-02, 6.01719208e-02,
          5.15759327e-02, 3.15186270e-02, 4.01146151e-02, 2.57879663e-02,
          1.71919782e-02, 3.43839563e-02, 4.87106033e-02, 4.29799445e-02,
          1.14613183e-01 ]
   decision_functions:
      -
         sv_count: 125
         rho: -7.6589532731918402e+00
         alpha: [ 6.2500000000000000e+01, 6.2500000000000000e+01,
             6.2500000000000000e+01, 6.2500000000000000e+01,
             6.2500000000000000e+01, 4.9569474004310877e+01,
             1.0464273082451349e+01, 6.2500000000000000e+01,
             6.2500000000000000e+01, 6.2500000000000000e+01,
             6.2500000000000000e+01, 6.2500000000000000e+01,
             3.1997527031478789e+01, 6.2500000000000000e+01,
             6.2500000000000000e+01, 6.2500000000000000e+01,
             6.2500000000000000e+01, 1.8741466535425964e+01,
             1.8772180799399194e+01, 6.2500000000000000e+01,
             6.2500000000000000e+01, 6.2500000000000000e+01,
             6.2500000000000000e+01, 6.2500000000000000e+01,
             6.2500000000000000e+01, 6.2500000000000000e+01,
             4.7906529957761279e+00, 6.2500000000000000e+01,
             6.2500000000000000e+01, 6.2500000000000000e+01,
             6.2500000000000000e+01, 6.2500000000000000e+01,
             6.2500000000000000e+01, 2.3540641861701488e+01,
             6.2500000000000000e+01, 3.2940625822694983e+01,
             4.1161712873633100e+01, 6.2500000000000000e+01,
             1.8379706003086628e+01, 3.1154339810001112e+01,
             1.7550819874085306e+01, 1.0913312069559481e+01,
             6.2500000000000000e+01, 6.2500000000000000e+01,
             6.2500000000000000e+01, 6.2500000000000000e+01,
             2.3774796737143447e+01, 3.4168705142522384e+01,
             6.2500000000000000e+01, 6.2500000000000000e+01,
             6.2500000000000000e+01, 6.2500000000000000e+01,
             6.2500000000000000e+01, 6.2500000000000000e+01,
             6.2500000000000000e+01, 6.2500000000000000e+01,
             6.2500000000000000e+01, 6.2500000000000000e+01,
             6.2500000000000000e+01, 6.2500000000000000e+01,
             5.2035726917548651e+01, 6.2500000000000000e+01,
             6.2500000000000000e+01, 6.2500000000000000e+01,
             3.4525433857590855e+01, 6.2500000000000000e+01,
             -6.2500000000000000e+01, -6.2500000000000000e+01,
             -6.2500000000000000e+01, -6.2500000000000000e+01,
             -6.2500000000000000e+01, -6.2500000000000000e+01,
             -6.2500000000000000e+01, -6.2500000000000000e+01,
             -6.2500000000000000e+01, -6.2500000000000000e+01,
             -6.2500000000000000e+01, -6.2500000000000000e+01,
             -4.9569474004310877e+01, -6.2500000000000000e+01,
             -6.2500000000000000e+01, -6.2500000000000000e+01,
             -6.2500000000000000e+01, -3.0798908277270964e+01,
             -6.2500000000000000e+01, -6.2500000000000000e+01,
             -6.2500000000000000e+01, -6.2500000000000000e+01,
             -6.2500000000000000e+01, -6.2500000000000000e+01,
             -6.2500000000000000e+01, -6.2500000000000000e+01,
             -6.2500000000000000e+01, -6.2500000000000000e+01,
             -6.2500000000000000e+01, -6.2500000000000000e+01,
             -6.2500000000000000e+01, -6.2500000000000000e+01,
             -6.2500000000000000e+01, -6.2500000000000000e+01,
             -2.3040127556842066e+01, -6.2500000000000000e+01,
             -6.2500000000000000e+01, -6.2500000000000000e+01,
             -6.0901073733227861e+01, -4.1161712873633100e+01,
             -6.2500000000000000e+01, -6.2500000000000000e+01,
             -6.2500000000000000e+01, -6.2500000000000000e+01,
             -5.3368504196024389e+01, -8.1415947771004795e+00,
             -6.2500000000000000e+01, -6.2500000000000000e+01,
             -6.2500000000000000e+01, -6.2500000000000000e+01,
             -6.2500000000000000e+01, -6.2500000000000000e+01,
             -6.2500000000000000e+01, -6.2500000000000000e+01,
             -6.2500000000000000e+01, -6.2500000000000000e+01,
             -6.2500000000000000e+01, -6.2500000000000000e+01,
             -6.2500000000000000e+01 ]
         index: [ 0, 1, 2, 3, 4, 5, 6, 7, 8, 9, 10, 11, 12, 13, 14, 15,
             16, 17, 18, 19, 20, 21, 22, 23, 24, 25, 26, 27, 28, 29, 30,
             31, 32, 33, 34, 35, 36, 37, 38, 39, 40, 41, 42, 43, 44, 104,
             105, 106, 107, 108, 109, 110, 111, 112, 113, 114, 115, 116,
             117, 118, 119, 120, 121, 122, 123, 124, 50, 51, 52, 53, 54,
             55, 56, 57, 58, 59, 60, 61, 62, 63, 64, 65, 66, 67, 68, 69,
             70, 71, 72, 73, 74, 75, 76, 77, 78, 79, 80, 81, 82, 83, 84,
             85, 86, 87, 88, 89, 90, 91, 92, 93, 94, 45, 96, 97, 98, 99,
             100, 101, 102, 103, 46, 47, 48, 49, 95 ]
