%YAML:1.0
---
opencv_ml_svm:
   format: 3
   svmType: C_SVC
   kernel:
      type: RBF
      gamma: 5.0625000000000009e-01
   C: 6.2500000000000000e+01
   term_criteria: { iterations:100 }
   var_count: 25
   class_count: 2
   class_labels: !!opencv-matrix
      rows: 2
      cols: 1
      dt: i
      data: [ 0, 1 ]
   sv_total: 121
   support_vectors:
      - [ 2.72727273e-02, 1.81818176e-02, 4.54545431e-02, 5.90909086e-02,
          1.36363637e-02, 4.09090891e-02, 4.54545431e-02, 4.99999970e-02,
          1.36363637e-02, 5.90909086e-02, 3.63636352e-02, 4.54545431e-02,
          5.45454547e-02, 1.81818176e-02, 2.72727273e-02, 4.54545431e-02,
          5.45454547e-02, 3.18181813e-02, 4.54545431e-02, 4.54545431e-02,
          4.99999970e-02, 3.63636352e-02, 5.90909086e-02, 4.99999970e-02,
          2.72727273e-02 ]
      - [ 2.74509825e-02, 2.74509825e-02, 7.84313753e-02, 1.96078438e-02,
          4.70588282e-02, 1.56862754e-02, 3.52941193e-02, 8.23529437e-02,
          2.35294141e-02, 4.70588282e-02, 2.35294141e-02, 4.31372561e-02,
          1.56862754e-02, 7.84313772e-03, 1.17647070e-02, 7.05882385e-02,
          9.41176564e-02, 4.70588282e-02, 8.23529437e-02, 3.52941193e-02,
          3.92156877e-02, 5.49019650e-02, 2.35294141e-02, 2.35294141e-02,
          2.35294141e-02 ]
      - [ 6.36942685e-03, 1.91082805e-02, 8.28025490e-02, 2.54777074e-02,
          1.91082805e-02, 0., 4.45859879e-02, 6.36942685e-02,
          5.09554148e-02, 3.18471342e-02, 2.54777074e-02, 1.01910830e-01,
          1.91082805e-02, 6.36942685e-03, 0., 3.82165611e-02,
          4.45859879e-02, 3.82165611e-02, 7.00636953e-02, 3.18471342e-02,
          7.00636953e-02, 5.09554148e-02, 1.08280256e-01, 1.91082805e-02,
          3.18471342e-02 ]
      - [ 3.33333351e-02, 2.22222228e-02, 6.66666701e-02, 3.33333351e-02,
          1.66666675e-02, 2.77777780e-02, 4.44444455e-02, 5.00000007e-02,
          3.33333351e-02, 2.77777780e-02, 5.55555569e-03, 3.33333351e-02,
          2.77777780e-02, 3.88888903e-02, 5.55555569e-03, 5.00000007e-02,
          6.11111112e-02, 1.11111114e-02, 3.88888903e-02, 5.00000007e-02,
          1.11111112e-01, 4.44444455e-02, 1.11111112e-01, 3.33333351e-02,
          2.22222228e-02 ]
      - [ 2.50000004e-02, 2.50000004e-02, 6.25000000e-02, 1.87500007e-02,
          3.12500000e-02, 1.25000002e-02, 3.75000015e-02, 5.00000007e-02,
          2.50000004e-02, 4.37499993e-02, 5.00000007e-02, 9.37500000e-02,
          3.12500000e-02, 6.87500015e-02, 1.25000002e-02, 2.50000004e-02,
          5.00000007e-02, 1.87500007e-02, 3.12500000e-02, 6.25000000e-02,
          1.06250003e-01, 3.12500000e-02, 5.00000007e-02, 1.87500007e-02,
          1.87500007e-02 ]
      - [ 4.23280410e-02, 3.17460299e-02, 6.34920597e-02, 3.17460299e-02,
          2.64550261e-02, 3.17460299e-02, 6.34920597e-02, 5.82010560e-02,
          5.29100513e-03, 2.64550261e-02, 4.76190448e-02, 3.17460299e-02,
          2.64550261e-02, 4.23280410e-02, 1.05820103e-02, 4.23280410e-02,
          4.76190448e-02, 3.70370373e-02, 4.23280410e-02, 3.17460299e-02,
          1.00529097e-01, 3.17460299e-02, 4.76190448e-02, 5.29100522e-02,
          2.64550261e-02 ]
      - [ 6.21118024e-03, 1.24223605e-02, 9.93788838e-02, 5.59006222e-02,
          2.48447210e-02, 4.34782617e-02, 6.83229864e-02, 3.10559012e-02,
          3.72670814e-02, 4.34782617e-02, 3.10559012e-02, 4.34782617e-02,
          2.48447210e-02, 2.48447210e-02, 6.21118024e-03, 3.10559012e-02,
          7.45341629e-02, 1.86335407e-02, 3.72670814e-02, 6.21118024e-02,
          5.59006222e-02, 6.21118024e-02, 4.96894419e-02, 3.10559012e-02,
          2.48447210e-02 ]
      - [ 2.76243109e-02, 3.31491716e-02, 5.52486219e-02, 3.86740342e-02,
          3.31491716e-02, 5.52486209e-03, 3.31491716e-02, 6.62983432e-02,
          2.76243109e-02, 3.86740342e-02, 1.65745858e-02, 7.73480684e-02,
          3.86740342e-02, 3.31491716e-02, 1.10497242e-02, 3.86740342e-02,
          5.52486219e-02, 3.31491716e-02, 3.86740342e-02, 4.41988967e-02,
          6.07734844e-02, 5.52486219e-02, 8.28729346e-02, 2.76243109e-02,
          2.76243109e-02 ]
      - [ 2.11640205e-02, 1.58730149e-02, 5.82010560e-02, 3.70370373e-02,
          1.05820103e-02, 2.64550261e-02, 4.76190448e-02, 6.34920597e-02,
          2.11640205e-02, 5.82010560e-02, 4.76190448e-02, 4.23280410e-02,
          1.58730149e-02, 1.05820103e-02, 1.58730149e-02, 6.87830672e-02,
          6.34920597e-02, 3.70370373e-02, 5.82010560e-02, 4.23280410e-02,
          6.87830672e-02, 4.23280410e-02, 7.93650746e-02, 3.17460299e-02,
          1.58730149e-02 ]
      - [ 4.88997586e-02, 2.68948674e-02, 8.80195647e-02, 6.11246973e-02,
          2.44498793e-02, 6.84596598e-02, 5.86797073e-02, 3.91198061e-02,
          1.46699268e-02, 2.20048912e-02, 4.88997577e-03, 4.88997586e-02,
          4.88997586e-02, 7.33496342e-03, 4.15647924e-02, 3.91198061e-02,
          7.57946223e-02, 5.37897348e-02, 3.17848437e-02, 3.91198061e-02,
          3.42298299e-02, 2.93398537e-02, 2.44498793e-02, 4.64547686e-02,
          2.20048912e-02 ]
      - [ 5.90551198e-02, 3.54330689e-02, 5.11811003e-02, 1.96850393e-02,
          3.14960629e-02, 1.06299214e-01, 2.75590550e-02, 3.54330689e-02,
          3.93700786e-02, 2.36220472e-02, 2.75590550e-02, 1.18110236e-02,
          5.90551198e-02, 2.36220472e-02, 4.33070883e-02, 2.75590550e-02,
          4.33070883e-02, 5.51181100e-02, 6.69291317e-02, 3.14960629e-02,
          6.29921257e-02, 7.87401572e-03, 1.57480314e-02, 4.72440943e-02,
          4.72440943e-02 ]
      - [ 1.90476198e-02, 5.23809530e-02, 7.14285746e-02, 6.66666701e-02,
          1.90476198e-02, 6.19047657e-02, 3.80952395e-02, 2.85714306e-02,
          4.28571440e-02, 6.66666701e-02, 3.80952395e-02, 6.19047657e-02,
          4.76190485e-02, 3.80952395e-02, 1.42857153e-02, 2.85714306e-02,
          6.19047657e-02, 2.85714306e-02, 1.90476198e-02, 3.33333351e-02,
          5.71428612e-02, 3.33333351e-02, 4.28571440e-02, 1.42857153e-02,
          1.42857153e-02 ]
      - [ 3.70370373e-02, 0., 6.87830672e-02, 2.64550261e-02,
          3.17460299e-02, 1.05820103e-02, 2.64550261e-02, 3.70370373e-02,
          4.76190448e-02, 5.29100522e-02, 8.46560821e-02, 2.64550261e-02,
          3.70370373e-02, 1.58730149e-02, 1.05820103e-02, 2.11640205e-02,
          8.46560821e-02, 3.17460299e-02, 4.23280410e-02, 4.23280410e-02,
          5.82010560e-02, 2.64550261e-02, 7.40740746e-02, 4.76190448e-02,
          5.82010560e-02 ]
      - [ 3.84615399e-02, 1.09890113e-02, 4.94505502e-02, 2.19780225e-02,
          3.84615399e-02, 0., 4.94505502e-02, 5.49450554e-02,
          2.74725277e-02, 2.74725277e-02, 8.79120901e-02, 3.84615399e-02,
          4.39560451e-02, 3.84615399e-02, 5.49450563e-03, 2.19780225e-02,
          4.39560451e-02, 4.94505502e-02, 5.49450554e-02, 3.29670347e-02,
          4.94505502e-02, 3.29670347e-02, 7.14285746e-02, 4.94505502e-02,
          6.04395606e-02 ]
      - [ 4.65116277e-02, 5.98006621e-02, 2.65780725e-02, 5.31561449e-02,
          1.66112948e-02, 1.26245841e-01, 2.99003311e-02, 4.31893691e-02,
          3.32225896e-02, 4.31893691e-02, 2.32558139e-02, 6.64451811e-03,
          2.65780725e-02, 1.99335553e-02, 1.16279066e-01, 2.32558139e-02,
          4.65116277e-02, 5.64784035e-02, 3.32225896e-02, 2.65780725e-02,
          3.65448482e-02, 1.32890362e-02, 1.66112948e-02, 3.98671106e-02,
          3.65448482e-02 ]
      - [ 4.57516350e-02, 1.96078438e-02, 6.53594807e-02, 3.26797403e-02,
          2.61437912e-02, 1.30718956e-02, 4.57516350e-02, 5.22875823e-02,
          3.26797403e-02, 3.26797403e-02, 9.15032700e-02, 1.30718956e-02,
          5.22875823e-02, 1.30718956e-02, 1.96078438e-02, 1.30718956e-02,
          5.22875823e-02, 3.26797403e-02, 4.57516350e-02, 5.22875823e-02,
          5.88235296e-02, 4.57516350e-02, 7.84313753e-02, 4.57516350e-02,
          1.96078438e-02 ]
      - [ 1.18811876e-01, 1.98019799e-02, 2.97029689e-02, 6.43564314e-02,
          1.48514844e-02, 1.13861382e-01, 5.44554442e-02, 2.97029689e-02,
          4.95049497e-03, 3.46534662e-02, 9.90098994e-03, 0.,
          7.42574260e-02, 4.45544533e-02, 1.28712863e-01, 4.45544533e-02,
          2.47524753e-02, 3.96039598e-02, 3.96039598e-02, 1.98019799e-02,
          2.47524753e-02, 0., 4.95049497e-03, 4.95049506e-02,
          9.90098994e-03 ]
      - [ 1.81818176e-02, 4.24242392e-02, 5.45454547e-02, 1.81818176e-02,
          3.63636352e-02, 1.21212117e-02, 3.63636352e-02, 4.84848469e-02,
          1.81818176e-02, 5.45454547e-02, 4.24242392e-02, 4.24242392e-02,
          3.03030293e-02, 1.81818176e-02, 6.06060587e-03, 5.45454547e-02,
          5.45454547e-02, 4.24242392e-02, 5.45454547e-02, 4.84848469e-02,
          5.45454547e-02, 4.24242392e-02, 7.87878782e-02, 6.06060587e-02,
          3.03030293e-02 ]
      - [ 7.21153840e-02, 3.84615399e-02, 4.32692319e-02, 6.73076957e-02,
          1.44230779e-02, 1.00961544e-01, 4.32692319e-02, 2.88461559e-02,
          9.61538497e-03, 2.40384620e-02, 4.80769249e-03, 4.80769249e-03,
          4.80769239e-02, 8.17307755e-02, 1.63461551e-01, 3.84615399e-02,
          4.32692319e-02, 2.88461559e-02, 2.88461559e-02, 4.80769249e-03,
          2.88461559e-02, 0., 0., 7.21153840e-02, 9.61538497e-03 ]
      - [ 7.85340294e-02, 5.23560215e-03, 3.14136147e-02, 4.71204184e-02,
          5.23560215e-03, 1.51832461e-01, 5.23560196e-02, 2.61780098e-02,
          2.61780098e-02, 3.14136147e-02, 5.23560215e-03, 5.23560215e-03,
          7.85340294e-02, 8.37696344e-02, 8.90052393e-02, 3.14136147e-02,
          2.09424086e-02, 4.18848172e-02, 6.28272295e-02, 1.57068074e-02,
          1.57068074e-02, 5.23560215e-03, 5.23560215e-03, 6.28272295e-02,
          2.09424086e-02 ]
      - [ 1.96078438e-02, 1.96078438e-02, 5.88235296e-02, 3.26797403e-02,
          7.84313753e-02, 6.53594779e-03, 1.30718956e-02, 3.92156877e-02,
          4.57516350e-02, 5.22875823e-02, 2.61437912e-02, 5.22875823e-02,
          3.92156877e-02, 1.30718956e-02, 1.96078438e-02, 4.57516350e-02,
          6.53594807e-02, 1.30718956e-02, 5.22875823e-02, 6.53594807e-02,
          4.57516350e-02, 5.22875823e-02, 6.53594807e-02, 2.61437912e-02,
          5.22875823e-02 ]
      - [ 7.38916248e-02, 1.47783253e-02, 3.44827585e-02, 2.95566507e-02,
          1.47783253e-02, 9.35960561e-02, 2.46305410e-02, 4.92610820e-02,
          4.92610829e-03, 4.43349741e-02, 1.47783253e-02, 4.92610829e-03,
          1.13300487e-01, 5.91133013e-02, 1.42857134e-01, 3.44827585e-02,
          2.46305410e-02, 4.43349741e-02, 6.40394092e-02, 1.97044332e-02,
          0., 0., 4.92610829e-03, 5.41871898e-02, 3.44827585e-02 ]
      - [ 1.25714287e-01, 1.14285713e-02, 2.85714287e-02, 6.28571436e-02,
          1.71428565e-02, 1.59999996e-01, 3.99999991e-02, 2.85714287e-02,
          5.71428565e-03, 1.14285713e-02, 5.71428565e-03, 0.,
          7.42857158e-02, 7.99999982e-02, 1.25714287e-01, 2.85714287e-02,
          3.99999991e-02, 3.42857130e-02, 2.28571426e-02, 0.,
          1.14285713e-02, 1.14285713e-02, 5.71428565e-03, 5.14285713e-02,
          1.71428565e-02 ]
      - [ 4.65116277e-02, 1.39534883e-02, 6.97674453e-02, 4.65116277e-03,
          1.86046511e-02, 8.83720964e-02, 3.25581394e-02, 3.72093022e-02,
          6.51162788e-02, 3.72093022e-02, 3.72093022e-02, 4.18604650e-02,
          3.72093022e-02, 2.79069766e-02, 7.44186044e-02, 2.32558139e-02,
          3.72093022e-02, 2.79069766e-02, 3.25581394e-02, 5.58139533e-02,
          3.25581394e-02, 9.30232555e-03, 5.58139533e-02, 5.11627905e-02,
          4.18604650e-02 ]
      - [ 4.99999970e-02, 3.24999988e-02, 4.49999981e-02, 1.49999997e-02,
          2.49999985e-02, 6.25000000e-02, 4.99999970e-02, 3.99999991e-02,
          2.74999999e-02, 2.74999999e-02, 3.50000001e-02, 5.24999984e-02,
          3.99999991e-02, 5.74999973e-02, 5.49999997e-02, 4.25000004e-02,
          5.49999997e-02, 3.24999988e-02, 2.99999993e-02, 3.99999991e-02,
          2.74999999e-02, 1.75000001e-02, 2.49999985e-02, 6.25000000e-02,
          5.24999984e-02 ]
      - [ 7.09219873e-02, 2.12765951e-02, 2.83687934e-02, 2.83687934e-02,
          3.54609936e-02, 9.92907733e-02, 7.09219836e-03, 5.67375869e-02,
          4.25531901e-02, 7.09219836e-03, 0., 0., 1.20567374e-01,
          6.38297871e-02, 8.51063803e-02, 1.41843967e-02, 3.54609936e-02,
          8.51063803e-02, 8.51063803e-02, 7.09219836e-03, 1.41843967e-02,
          7.09219836e-03, 7.09219836e-03, 4.25531901e-02, 3.54609936e-02 ]
      - [ 6.40394092e-02, 3.44827585e-02, 2.46305410e-02, 5.91133013e-02,
          2.46305410e-02, 1.13300487e-01, 4.92610829e-03, 5.91133013e-02,
          1.97044332e-02, 1.97044332e-02, 0., 1.97044332e-02,
          1.13300487e-01, 4.43349741e-02, 1.03448272e-01, 9.85221658e-03,
          5.91133013e-02, 4.43349741e-02, 5.91133013e-02, 2.95566507e-02,
          1.97044332e-02, 9.85221658e-03, 1.47783253e-02, 3.44827585e-02,
          1.47783253e-02 ]
      - [ 6.07923493e-02, 2.62978133e-02, 5.94262294e-02, 2.15163920e-02,
          3.00546438e-02, 5.80601059e-02, 2.59562843e-02, 5.80601059e-02,
          2.90300529e-02, 3.27868834e-02, 2.93715838e-02, 2.01502722e-02,
          5.94262294e-02, 6.65983558e-02, 3.03961746e-02, 2.66393442e-02,
          5.66939861e-02, 2.90300529e-02, 6.04508184e-02, 8.16256776e-02,
          2.97131147e-02, 1.40027320e-02, 2.45901626e-02, 3.21038254e-02,
          3.72267738e-02 ]
      - [ 3.00120041e-02, 3.84153649e-02, 6.42256886e-02, 3.36134434e-02,
          3.84153649e-02, 3.12124845e-02, 3.30132060e-02, 3.54141630e-02,
          3.84153649e-02, 5.82232885e-02, 5.64225689e-02, 4.68187258e-02,
          3.30132060e-02, 2.94117630e-02, 2.46098433e-02, 3.84153649e-02,
          4.86194454e-02, 3.30132060e-02, 3.42136845e-02, 5.76230474e-02,
          5.88235259e-02, 1.98079217e-02, 4.38175239e-02, 3.48139256e-02,
          3.96158434e-02 ]
      - [ 5.24137951e-02, 4.27586213e-02, 2.89655179e-02, 4.27586213e-02,
          3.86206917e-02, 5.93103468e-02, 2.75862068e-02, 4.13793102e-02,
          2.89655179e-02, 2.89655179e-02, 4.82758619e-02, 5.93103468e-02,
          3.17241400e-02, 2.20689662e-02, 5.37931062e-02, 3.58620696e-02,
          3.17241400e-02, 3.31034511e-02, 3.58620696e-02, 5.37931062e-02,
          3.86206917e-02, 3.72413807e-02, 6.20689690e-02, 2.75862068e-02,
          3.72413807e-02 ]
      - [ 3.90158184e-02, 4.32337448e-02, 6.60808459e-02, 3.79613377e-02,
          2.53075585e-02, 4.60456945e-02, 2.91739907e-02, 4.35852371e-02,
          2.63620391e-02, 2.10896321e-02, 3.33919153e-02, 2.98769772e-02,
          5.16695976e-02, 5.69420047e-02, 4.28822525e-02, 2.88224965e-02,
          6.08084388e-02, 4.07732874e-02, 4.60456945e-02, 6.39718845e-02,
          5.44815473e-02, 1.54657299e-02, 2.53075585e-02, 4.46397215e-02,
          2.70650275e-02 ]
      - [ 3.67985256e-02, 3.12787481e-02, 3.67985256e-02, 7.17571303e-02,
          4.78380844e-02, 3.67985256e-02, 4.32382710e-02, 2.94388216e-02,
          4.13983427e-02, 2.11591534e-02, 5.51977903e-02, 5.05979732e-02,
          2.66789328e-02, 5.97976074e-02, 2.48390064e-02, 3.77184898e-02,
          3.31186727e-02, 3.95584181e-02, 2.94388216e-02, 4.50781956e-02,
          5.61177544e-02, 2.39190422e-02, 3.86384539e-02, 3.40386368e-02,
          4.87580486e-02 ]
      - [ 1.94003526e-02, 6.70193955e-02, 3.88007052e-02, 6.17283918e-02,
          4.58553769e-02, 6.34920597e-02, 3.35096978e-02, 4.05643731e-02,
          5.11463843e-02, 2.64550261e-02, 2.64550261e-02, 4.23280410e-02,
          3.70370373e-02, 2.29276884e-02, 3.17460299e-02, 3.35096978e-02,
          5.82010560e-02, 3.52733657e-02, 4.05643731e-02, 2.11640205e-02,
          6.34920597e-02, 2.82186940e-02, 6.34920597e-02, 3.17460299e-02,
          1.58730149e-02 ]
      - [ 6.09981529e-02, 1.29390024e-02, 5.73012941e-02, 2.40295753e-02,
          2.21811458e-02, 9.98151600e-02, 2.77264323e-02, 3.88170071e-02,
          2.03327183e-02, 2.58780047e-02, 1.47874309e-02, 1.10905729e-02,
          5.91497235e-02, 8.31792951e-02, 9.79667306e-02, 2.21811458e-02,
          4.99075800e-02, 6.28465787e-02, 4.25138623e-02, 3.51201482e-02,
          2.40295753e-02, 7.39371544e-03, 0., 4.99075800e-02,
          4.99075800e-02 ]
      - [ 5.82010560e-02, 5.29100522e-02, 1.05820103e-02, 1.05820103e-02,
          2.11640205e-02, 3.17460299e-02, 1.11111104e-01, 2.11640205e-02,
          2.11640205e-02, 5.29100513e-03, 1.16402112e-01, 2.11640205e-02,
          5.29100513e-03, 9.52380896e-02, 5.82010560e-02, 8.99470896e-02,
          1.58730149e-02, 6.87830672e-02, 2.64550261e-02, 0.,
          2.64550261e-02, 1.58730149e-02, 2.11640205e-02, 5.29100522e-02,
          4.23280410e-02 ]
      - [ 5.34096360e-02, 3.43347639e-02, 5.48402481e-02, 4.81640436e-02,
          2.47973297e-02, 3.00429184e-02, 2.57510729e-02, 3.05197909e-02,
          1.85979977e-02, 2.67048180e-02, 1.71673819e-02, 3.57653797e-02,
          7.62994736e-02, 7.86838382e-02, 4.33953293e-02, 3.05197909e-02,
          6.67620450e-02, 4.33953293e-02, 3.29041481e-02, 8.29756781e-02,
          4.43490706e-02, 1.04911784e-02, 2.28898432e-02, 5.10252751e-02,
          1.62136387e-02 ]
      - [ 3.72340418e-02, 3.01418435e-02, 2.48226933e-02, 3.19148935e-02,
          3.19148935e-02, 4.43262383e-02, 4.07801419e-02, 3.90070900e-02,
          1.59574468e-02, 4.78723384e-02, 5.31914867e-02, 6.20567352e-02,
          2.12765951e-02, 4.60992903e-02, 3.90070900e-02, 3.72340418e-02,
          3.36879417e-02, 3.19148935e-02, 4.60992903e-02, 3.90070900e-02,
          2.83687934e-02, 4.43262383e-02, 8.51063803e-02, 2.83687934e-02,
          6.02836870e-02 ]
      - [ 4.62046228e-02, 4.78547886e-02, 3.13531347e-02, 5.03300354e-02,
          3.54785472e-02, 2.88778879e-02, 4.20792103e-02, 3.54785472e-02,
          4.29042913e-02, 2.80528069e-02, 3.63036320e-02, 7.26072639e-02,
          2.80528069e-02, 9.90099087e-03, 8.25082511e-03, 4.20792103e-02,
          3.79537977e-02, 2.31023114e-02, 2.80528069e-02, 3.87788787e-02,
          6.60066009e-02, 2.80528069e-02, 1.12211227e-01, 2.64026411e-02,
          5.36303632e-02 ]
      - [ 1.28417030e-01, 2.35219318e-02, 3.81436720e-02, 2.22504754e-02,
          2.22504754e-02, 2.73362994e-02, 3.62364911e-02, 4.89510484e-02,
          1.84361096e-02, 2.92434823e-02, 2.03432925e-02, 2.35219318e-02,
          9.21805426e-02, 1.14431024e-01, 2.54291147e-02, 3.49650346e-02,
          3.30578499e-02, 4.25937697e-02, 5.21296859e-02, 3.43293063e-02,
          2.67005712e-02, 2.09790207e-02, 1.39860138e-02, 4.95867766e-02,
          2.09790207e-02 ]
      - [ 3.84387933e-02, 2.42460072e-02, 4.25783545e-02, 6.03193343e-02,
          2.42460072e-02, 5.44056743e-02, 2.60201059e-02, 3.54819633e-02,
          2.36546416e-02, 2.42460072e-02, 2.77942028e-02, 5.61797731e-02,
          4.67179157e-02, 5.08574769e-02, 7.86516815e-02, 3.42992283e-02,
          4.61265519e-02, 4.43524532e-02, 4.31697182e-02, 4.55351844e-02,
          5.67711368e-02, 1.71496142e-02, 3.31164971e-02, 3.72560583e-02,
          2.83855684e-02 ]
      - [ 3.03951390e-02, 7.29483292e-02, 7.49746710e-02, 4.76190485e-02,
          4.76190485e-02, 1.01317130e-02, 3.95136811e-02, 2.93819662e-02,
          3.44478227e-02, 1.31712267e-02, 2.73556244e-02, 6.07902780e-02,
          1.82370823e-02, 1.41843976e-02, 1.82370823e-02, 5.57244197e-02,
          7.59878457e-02, 2.83687953e-02, 2.53292825e-02, 5.57244197e-02,
          7.49746710e-02, 1.31712267e-02, 7.49746710e-02, 2.83687953e-02,
          2.83687953e-02 ]
      - [ 3.00429184e-02, 3.14735360e-02, 5.43633774e-02, 3.57653797e-02,
          4.57796864e-02, 3.29041481e-02, 4.86409180e-02, 4.29184549e-02,
          3.14735360e-02, 2.86123045e-02, 3.29041481e-02, 3.00429184e-02,
          1.85979977e-02, 4.14878391e-02, 3.43347639e-02, 5.29327616e-02,
          5.72246090e-02, 5.15021458e-02, 4.14878391e-02, 5.72246090e-02,
          4.72103022e-02, 2.57510729e-02, 5.57939932e-02, 4.00572270e-02,
          3.14735360e-02 ]
      - [ 2.74231676e-02, 4.96453904e-02, 3.12056728e-02, 4.06619385e-02,
          2.03309692e-02, 6.80851042e-02, 4.34988178e-02, 3.30969281e-02,
          1.56028364e-02, 2.64775418e-02, 7.80141801e-02, 1.01182029e-01,
          2.17494089e-02, 2.03309692e-02, 6.00472800e-02, 4.34988178e-02,
          2.64775418e-02, 2.50591021e-02, 3.59338075e-02, 1.98581554e-02,
          2.36406624e-02, 2.41134744e-02, 6.38297871e-02, 2.97872331e-02,
          7.04491735e-02 ]
      - [ 1.24223605e-02, 4.65838537e-02, 3.10559012e-02, 1.04037270e-01,
          2.48447210e-02, 1.08695654e-02, 3.26086953e-02, 2.79503111e-02,
          2.95031071e-02, 1.70807466e-02, 8.69565234e-02, 6.98757768e-02,
          2.17391308e-02, 2.32919268e-02, 1.08695654e-02, 4.50310558e-02,
          3.10559012e-02, 1.55279506e-02, 2.63975151e-02, 5.27950302e-02,
          3.57142873e-02, 3.57142873e-02, 1.50621116e-01, 4.65838518e-03,
          5.27950302e-02 ]
      - [ 5.75923771e-02, 3.75288688e-02, 4.83545028e-02, 4.66224030e-02,
          2.48267893e-02, 8.79041553e-02, 2.58371830e-02, 3.06004621e-02,
          2.75692847e-02, 3.03117782e-02, 1.96304843e-02, 3.04561201e-02,
          5.39838336e-02, 5.71593530e-02, 5.80254048e-02, 3.29099298e-02,
          4.86431867e-02, 4.05600443e-02, 3.24769057e-02, 4.63337190e-02,
          5.57159334e-02, 1.53002311e-02, 3.10334880e-02, 3.94053124e-02,
          2.12182440e-02 ]
      - [ 2.77098604e-02, 3.42298262e-02, 3.99347991e-02, 5.62347174e-02,
          3.17848399e-02, 2.93398518e-02, 4.48247753e-02, 3.91198024e-02,
          3.17848399e-02, 2.68948656e-02, 7.41646290e-02, 7.17196390e-02,
          2.60798689e-02, 5.70497150e-03, 2.28198860e-02, 5.05297445e-02,
          3.99347991e-02, 2.11898927e-02, 3.42298262e-02, 3.09698451e-02,
          4.15647924e-02, 6.03096969e-02, 1.10024445e-01, 2.11898927e-02,
          2.77098604e-02 ]
      - [ 6.71324432e-02, 2.21749712e-02, 4.46537063e-02, 3.21992710e-02,
          2.21749712e-02, 8.04981813e-02, 3.03766727e-02, 3.73633057e-02,
          2.27825046e-02, 2.61239372e-02, 3.21992710e-02, 3.21992710e-02,
          6.68286756e-02, 6.43985420e-02, 6.01458102e-02, 2.85540707e-02,
          4.92102094e-02, 3.06804385e-02, 4.22235727e-02, 4.34386395e-02,
          2.64277048e-02, 1.15431352e-02, 4.61725406e-02, 3.34143378e-02,
          4.70838398e-02 ]
      - [ 3.55987065e-02, 2.91262139e-02, 8.09061527e-02, 2.58899685e-02,
          1.61812305e-02, 4.53074463e-02, 2.91262139e-02, 3.23624611e-02,
          1.61812305e-02, 3.23624611e-02, 2.58899685e-02, 5.50161824e-02,
          3.23624611e-02, 2.91262139e-02, 3.23624611e-02, 2.58899685e-02,
          5.17799370e-02, 6.14886768e-02, 4.85436916e-02, 4.85436916e-02,
          5.50161824e-02, 3.23624611e-02, 7.76699036e-02, 5.17799370e-02,
          2.91262139e-02 ]
      - [ 5.87371513e-02, 2.49632895e-02, 5.21292202e-02, 1.98237877e-02,
          3.30396481e-02, 8.29662234e-02, 3.08370031e-02, 4.03817892e-02,
          3.08370031e-02, 3.23054343e-02, 2.27606464e-02, 2.56975032e-02,
          5.80029376e-02, 5.28634340e-02, 6.60792962e-02, 4.18502204e-02,
          4.25844342e-02, 4.18502204e-02, 4.55212928e-02, 2.27606464e-02,
          4.55212928e-02, 2.79001463e-02, 2.20264308e-02, 5.21292202e-02,
          2.64317170e-02 ]
      - [ 1.24436706e-01, 1.40311345e-02, 4.31175753e-02, 1.89471524e-02,
          2.76526008e-02, 5.30520268e-02, 3.47193778e-02, 4.14789021e-02,
          2.68332642e-02, 3.25686187e-02, 1.48504712e-02, 6.34985650e-03,
          9.94469449e-02, 8.52109790e-02, 3.99426445e-02, 3.46169583e-02,
          3.95329781e-02, 5.25399409e-02, 4.67021726e-02, 4.46538292e-02,
          2.09954940e-02, 1.74108967e-02, 6.14502234e-03, 5.61245382e-02,
          1.86399017e-02 ]
      - [ 3.55029590e-02, 3.18047330e-02, 3.55029590e-02, 2.81065088e-02,
          1.47928996e-02, 3.25443782e-02, 4.28994074e-02, 3.18047330e-02,
          1.40532544e-02, 3.55029590e-02, 1.16863906e-01, 7.02662766e-02,
          1.55325448e-02, 8.13609455e-03, 1.03550293e-02, 5.25147952e-02,
          3.40236686e-02, 3.69822495e-02, 2.66272202e-02, 1.33136101e-02,
          4.58579883e-02, 2.81065088e-02, 1.16863906e-01, 2.36686394e-02,
          9.83727798e-02 ]
      - [ 7.41605312e-02, 1.59813259e-02, 6.12318181e-02, 2.02908963e-02,
          2.60369908e-02, 4.38139699e-02, 3.01669966e-02, 4.66870181e-02,
          2.69348174e-02, 2.72939485e-02, 2.96282992e-02, 1.72382835e-02,
          7.45196640e-02, 7.14670494e-02, 3.08852587e-02, 2.87304725e-02,
          6.05135560e-02, 4.04022262e-02, 5.09965904e-02, 6.89531341e-02,
          3.03465612e-02, 2.38822047e-02, 3.07056922e-02, 4.09409218e-02,
          2.81917769e-02 ]
      - [ 2.39583347e-02, 3.95833366e-02, 2.91666687e-02, 2.81250011e-02,
          1.04166670e-02, 5.00000045e-02, 4.68750037e-02, 3.64583358e-02,
          1.87500007e-02, 1.77083351e-02, 1.08333342e-01, 8.22916701e-02,
          1.77083351e-02, 8.33333377e-03, 2.91666687e-02, 4.68750037e-02,
          3.33333351e-02, 3.95833366e-02, 3.43750007e-02, 3.43750007e-02,
          2.91666687e-02, 2.39583347e-02, 8.22916701e-02, 2.50000022e-02,
          1.04166672e-01 ]
      - [ 3.48360650e-02, 3.14207636e-02, 3.07377037e-02, 3.75683047e-02,
          2.86885239e-02, 4.91803251e-02, 4.03005444e-02, 3.34699452e-02,
          3.68852466e-02, 2.86885239e-02, 7.71857873e-02, 2.66393442e-02,
          3.89344245e-02, 5.80601059e-02, 3.14207636e-02, 4.57650274e-02,
          3.07377037e-02, 3.89344245e-02, 4.57650274e-02, 4.09836061e-02,
          2.66393442e-02, 3.75683047e-02, 6.76229522e-02, 3.41530032e-02,
          4.78142053e-02 ]
      - [ 6.09597936e-02, 2.98313871e-02, 4.28015552e-02, 3.37224379e-02,
          3.76134887e-02, 3.89105044e-02, 3.76134887e-02, 4.28015552e-02,
          3.24254222e-02, 2.85343714e-02, 1.81582365e-02, 4.66926061e-02,
          4.15045395e-02, 4.15045395e-02, 3.50194536e-02, 5.05836569e-02,
          4.40985747e-02, 5.57717234e-02, 5.31776920e-02, 3.50194536e-02,
          4.40985747e-02, 1.68612190e-02, 3.50194536e-02, 4.79896255e-02,
          4.92866412e-02 ]
      - [ 6.10416494e-02, 3.78064401e-02, 6.79334477e-02, 4.34183329e-02,
          3.92832533e-02, 3.32775451e-02, 3.25883627e-02, 3.55419926e-02,
          4.00708877e-02, 1.86078567e-02, 7.48252450e-03, 2.05769427e-02,
          6.91149011e-02, 7.21669793e-02, 3.18007283e-02, 3.01270075e-02,
          6.21246435e-02, 5.26730344e-02, 3.80033478e-02, 6.63581789e-02,
          5.63158430e-02, 1.59495920e-02, 8.27015843e-03, 5.09008579e-02,
          8.56552180e-03 ]
      - [ 5.31107746e-02, 2.57966612e-02, 2.73141116e-02, 2.12443098e-02,
          3.18664648e-02, 1.01669192e-01, 3.18664648e-02, 2.88315620e-02,
          1.82094090e-02, 4.55235206e-02, 8.19423348e-02, 3.79362665e-02,
          2.12443098e-02, 2.12443098e-02, 5.31107746e-02, 3.49013656e-02,
          3.94537188e-02, 2.57966612e-02, 4.55235206e-02, 1.51745062e-02,
          3.33839133e-02, 2.88315620e-02, 6.82852790e-02, 2.57966612e-02,
          8.19423348e-02 ]
      - [ 5.03330864e-02, 5.55144325e-02, 2.88675036e-02, 3.70096229e-02,
          2.22057719e-02, 1.85048115e-02, 5.18134683e-02, 3.25684659e-02,
          2.59067342e-02, 2.44263504e-02, 3.40488516e-02, 8.88230875e-02,
          1.55440411e-02, 3.47890444e-02, 2.29459647e-02, 5.32938540e-02,
          2.73871198e-02, 4.44115438e-02, 2.66469270e-02, 1.92450024e-02,
          4.29311618e-02, 2.36861575e-02, 1.19911171e-01, 3.40488516e-02,
          6.51369318e-02 ]
      - [ 3.72294374e-02, 2.77056284e-02, 8.13852847e-02, 3.72294374e-02,
          3.03030312e-02, 1.47186154e-02, 3.72294374e-02, 3.80952395e-02,
          2.51082256e-02, 3.54978368e-02, 2.51082256e-02, 5.19480519e-02,
          4.24242429e-02, 5.45454547e-02, 2.77056284e-02, 3.03030312e-02,
          7.53246769e-02, 5.28138541e-02, 4.41558436e-02, 7.61904791e-02,
          3.72294374e-02, 2.59740259e-02, 2.59740259e-02, 4.41558436e-02,
          2.16450226e-02 ]
      - [ 6.06741570e-02, 3.37078646e-02, 4.26966287e-02, 4.04494405e-02,
          2.47191004e-02, 5.39325848e-02, 3.82022485e-02, 4.71910127e-02,
          2.02247202e-02, 4.49438207e-02, 2.24719103e-02, 9.21348333e-02,
          1.79775283e-02, 2.92134844e-02, 3.37078646e-02, 4.04494405e-02,
          4.94382009e-02, 3.37078646e-02, 3.82022485e-02, 3.82022485e-02,
          3.82022485e-02, 2.47191004e-02, 6.74157292e-02, 3.82022485e-02,
          2.92134844e-02 ]
      - [ 5.69105670e-02, 1.62601620e-02, 3.65853645e-02, 2.03252025e-02,
          2.03252025e-02, 3.65853645e-02, 3.25203240e-02, 5.69105670e-02,
          4.06504050e-02, 4.87804860e-02, 1.62601620e-02, 1.62601620e-02,
          7.31707290e-02, 5.28455265e-02, 4.06504050e-02, 2.43902430e-02,
          8.53658468e-02, 4.87804860e-02, 7.72357732e-02, 5.28455265e-02,
          3.65853645e-02, 2.84552835e-02, 4.06504050e-03, 5.28455265e-02,
          2.43902430e-02 ]
      - [ 3.43839526e-02, 2.00573057e-02, 4.68003824e-02, 1.62368678e-02,
          4.68003824e-02, 1.24164280e-02, 5.53963706e-02, 2.76981853e-02,
          5.63514791e-02, 2.00573057e-02, 3.82043943e-02, 3.05635147e-02,
          4.29799408e-02, 7.35434592e-02, 1.52817573e-02, 4.58452702e-02,
          5.25310412e-02, 4.87106033e-02, 2.96084043e-02, 7.25883469e-02,
          6.49474710e-02, 4.10697237e-02, 3.91595028e-02, 4.87106033e-02,
          2.00573057e-02 ]
      - [ 3.04487180e-02, 3.60576920e-02, 5.04807681e-02, 3.44551280e-02,
          1.84294879e-02, 7.45192319e-02, 2.32371800e-02, 3.44551280e-02,
          3.20512839e-02, 2.48397440e-02, 4.40705121e-02, 7.45192319e-02,
          3.04487180e-02, 3.76602560e-02, 6.65064082e-02, 2.64423080e-02,
          4.56730761e-02, 4.00641039e-02, 3.20512839e-02, 2.48397440e-02,
          4.72756401e-02, 3.12500000e-02, 7.45192319e-02, 2.96474360e-02,
          3.60576920e-02 ]
      - [ 3.32668684e-02, 3.01185846e-02, 6.82303160e-02, 3.39140147e-02,
          3.74645814e-02, 3.88813093e-02, 1.93444565e-02, 2.27026269e-02,
          3.91436666e-02, 2.01665089e-02, 1.01969419e-02, 1.98866613e-02,
          7.51565397e-02, 9.11778063e-02, 4.13299724e-02, 1.92395132e-02,
          6.68310747e-02, 4.96729277e-02, 2.59908345e-02, 8.75747725e-02,
          7.96515867e-02, 9.06006154e-03, 1.46745015e-02, 5.29261529e-02,
          1.33976983e-02 ]
      - [ 6.67209104e-02, 5.61432056e-02, 3.25467847e-02, 4.55655009e-02,
          2.92921066e-02, 5.37021980e-02, 3.90561447e-02, 2.84784380e-02,
          2.35964190e-02, 5.12611866e-02, 5.85842133e-02, 5.37021980e-02,
          4.06834818e-02, 3.74288037e-02, 5.04475161e-02, 2.84784380e-02,
          3.82424742e-02, 3.74288037e-02, 3.17331143e-02, 3.17331143e-02,
          2.68510990e-02, 1.54597228e-02, 1.70870628e-02, 4.14971523e-02,
          6.42798990e-02 ]
      - [ 4.48654033e-02, 4.38683964e-02, 5.18444665e-02, 4.18743789e-02,
          6.97906315e-03, 6.58025965e-02, 2.59222332e-02, 2.69192420e-02,
          1.99401788e-02, 2.19341982e-02, 2.39282157e-02, 6.08175471e-02,
          4.98504490e-02, 5.28414771e-02, 8.77367929e-02, 3.19042876e-02,
          5.78265227e-02, 4.08773683e-02, 2.19341982e-02, 2.79162526e-02,
          4.88534421e-02, 8.97308066e-03, 4.88534421e-02, 6.18145578e-02,
          2.59222332e-02 ]
      - [ 3.61990966e-02, 3.39366533e-02, 5.42986467e-02, 3.84615399e-02,
          2.26244349e-02, 2.26244349e-02, 3.16742100e-02, 4.52488698e-02,
          2.26244349e-02, 2.48868782e-02, 6.33484200e-02, 7.91855231e-02,
          2.03619916e-02, 4.29864265e-02, 5.65610901e-02, 3.16742100e-02,
          2.94117667e-02, 3.16742100e-02, 4.07239832e-02, 2.26244349e-02,
          3.39366533e-02, 5.20361997e-02, 5.65610901e-02, 2.94117667e-02,
          7.69230798e-02 ]
      - [ 1.86170209e-02, 2.65957434e-02, 3.10283676e-02, 3.98936160e-02,
          1.41843967e-02, 2.42021263e-01, 7.09219836e-03, 2.92553175e-02,
          1.68439709e-02, 1.68439709e-02, 2.21631192e-02, 7.09219836e-03,
          6.38297871e-02, 5.85106350e-02, 1.98581547e-01, 7.97872338e-03,
          2.57092193e-02, 2.39361692e-02, 3.90070900e-02, 2.30496451e-02,
          2.39361692e-02, 2.65957438e-03, 1.86170209e-02, 2.12765951e-02,
          2.12765951e-02 ]
      - [ 3.06220092e-02, 3.58851664e-02, 3.77990417e-02, 5.93301430e-02,
          2.82296650e-02, 9.61722508e-02, 3.30143534e-02, 3.39712910e-02,
          2.15310995e-02, 5.59808612e-02, 4.59330156e-02, 5.16746417e-02,
          2.44019143e-02, 2.05741618e-02, 7.22488016e-02, 3.30143534e-02,
          3.73205729e-02, 3.39712910e-02, 4.35406677e-02, 2.29665078e-02,
          3.01435404e-02, 2.29665078e-02, 3.34928222e-02, 3.63636352e-02,
          5.88516742e-02 ]
      - [ 9.32090506e-02, 1.73102524e-02, 4.52729687e-02, 1.33155789e-02,
          2.52995994e-02, 2.79627144e-02, 3.99467349e-02, 4.12782952e-02,
          1.99733675e-02, 4.66045253e-02, 1.06524630e-02, 2.13049259e-02,
          5.99201024e-02, 8.78828168e-02, 2.79627144e-02, 5.45938723e-02,
          5.85885458e-02, 5.72569892e-02, 4.52729687e-02, 7.45672435e-02,
          3.46205048e-02, 1.46471364e-02, 7.98934698e-03, 5.85885458e-02,
          1.59786940e-02 ]
      - [ 6.77894726e-02, 3.19999978e-02, 2.31578946e-02, 3.19999978e-02,
          2.52631567e-02, 1.06947370e-01, 4.50526290e-02, 2.10526306e-02,
          2.31578946e-02, 3.03157885e-02, 2.77894735e-02, 1.22105265e-02,
          5.13684191e-02, 7.70526305e-02, 1.10315785e-01, 4.25263159e-02,
          2.52631567e-02, 6.39999956e-02, 2.98947357e-02, 1.01052634e-02,
          3.07368413e-02, 1.13684209e-02, 8.42105225e-03, 5.81052639e-02,
          3.41052637e-02 ]
      - [ 2.26190481e-02, 1.15476198e-01, 3.69047634e-02, 6.54761940e-02,
          1.54761914e-02, 1.54761914e-02, 5.11904769e-02, 3.33333351e-02,
          1.78571437e-02, 3.45238112e-02, 3.21428590e-02, 9.88095254e-02,
          1.42857153e-02, 8.33333377e-03, 1.78571437e-02, 5.35714291e-02,
          2.85714306e-02, 2.61904765e-02, 2.26190481e-02, 3.09523828e-02,
          5.23809530e-02, 2.38095243e-02, 1.39285713e-01, 2.38095243e-02,
          1.90476198e-02 ]
      - [ 2.59216595e-02, 5.58755770e-02, 4.20506895e-02, 3.57142873e-02,
          2.36175116e-02, 1.66474655e-01, 2.01612897e-02, 3.80184315e-02,
          2.01612897e-02, 5.58755770e-02, 3.57142873e-02, 1.03686638e-02,
          4.95391712e-02, 5.81797250e-02, 6.73963130e-02, 2.36175116e-02,
          2.53456216e-02, 3.22580636e-02, 3.85944694e-02, 3.28341015e-02,
          2.07373276e-02, 1.20967738e-02, 2.47695856e-02, 2.36175116e-02,
          6.10599071e-02 ]
      - [ 6.08175471e-02, 2.49252245e-02, 6.87936172e-02, 6.08175471e-02,
          1.69491526e-02, 7.37786666e-02, 2.09371895e-02, 1.89431701e-02,
          1.49551351e-02, 3.19042876e-02, 7.97607191e-03, 2.09371895e-02,
          9.67098698e-02, 7.07876384e-02, 6.08175471e-02, 2.19341982e-02,
          8.97308066e-02, 3.29012983e-02, 2.49252245e-02, 8.57427716e-02,
          3.88833508e-02, 9.97008989e-04, 6.97906315e-03, 3.58923227e-02,
          1.19641079e-02 ]
      - [ 7.87401572e-02, 7.87401572e-03, 7.87401572e-02, 6.69291317e-02,
          7.87401572e-03, 6.69291317e-02, 3.14960629e-02, 4.33070883e-02,
          7.87401572e-03, 3.14960629e-02, 3.93700786e-03, 3.93700786e-03,
          7.48031512e-02, 6.69291317e-02, 8.66141766e-02, 3.93700786e-02,
          3.93700786e-02, 6.29921257e-02, 2.36220472e-02, 6.29921257e-02,
          3.54330689e-02, 7.87401572e-03, 0., 7.08661377e-02, 0. ]
      - [ 8.01687688e-02, 3.37552726e-02, 3.79746817e-02, 4.21940908e-03,
          5.90717271e-02, 2.10970454e-02, 4.21940908e-02, 4.21940908e-02,
          2.95358635e-02, 6.32911325e-02, 4.64134999e-02, 4.21940908e-02,
          3.37552726e-02, 3.37552726e-02, 2.10970454e-02, 5.06329089e-02,
          3.79746817e-02, 3.79746817e-02, 5.90717271e-02, 3.37552726e-02,
          2.95358635e-02, 3.37552726e-02, 2.10970454e-02, 1.68776363e-02,
          8.86075944e-02 ]
      - [ 6.92041516e-02, 2.71873437e-02, 4.89372201e-02, 2.32328214e-02,
          2.27385052e-02, 5.23974262e-02, 4.54770103e-02, 3.80622819e-02,
          2.71873437e-02, 5.83292097e-02, 3.36134434e-02, 2.27385052e-02,
          5.09144813e-02, 6.12951033e-02, 5.83292097e-02, 4.05338593e-02,
          4.34997492e-02, 4.39940654e-02, 4.94315363e-02, 3.85565981e-02,
          2.71873437e-02, 1.53237758e-02, 1.08749373e-02, 5.53633198e-02,
          3.55907045e-02 ]
      - [ 2.32405886e-02, 4.53355163e-02, 5.94107993e-02, 4.71358411e-02,
          1.62029453e-02, 2.91325692e-02, 2.35679206e-02, 2.01309323e-02,
          2.22585928e-02, 1.12929624e-02, 4.51718494e-02, 5.66284768e-02,
          4.92635034e-02, 6.23567924e-02, 3.07692308e-02, 2.55319141e-02,
          5.72831407e-02, 4.20621932e-02, 1.89852696e-02, 4.33715209e-02,
          1.27986908e-01, 1.86579376e-02, 4.76268418e-02, 3.82978730e-02,
          3.82978730e-02 ]
      - [ 2.30179019e-02, 2.30179019e-02, 6.13810718e-02, 4.34782617e-02,
          2.55754478e-02, 8.18414316e-02, 1.53452680e-02, 3.58056277e-02,
          3.06905359e-02, 4.85933498e-02, 1.02301789e-02, 4.34782617e-02,
          4.34782617e-02, 2.04603579e-02, 1.04859337e-01, 2.55754478e-02,
          6.13810718e-02, 3.32480818e-02, 7.41687939e-02, 5.62659837e-02,
          3.32480818e-02, 2.30179019e-02, 2.04603579e-02, 4.60358039e-02,
          1.53452680e-02 ]
      - [ 3.53356898e-02, 3.41578349e-02, 3.29799764e-02, 2.82685533e-02,
          2.82685533e-02, 2.12014150e-02, 6.00706749e-02, 4.12249714e-02,
          3.76914032e-02, 2.47349832e-02, 5.06478213e-02, 8.24499428e-02,
          1.29564200e-02, 2.23792698e-02, 1.06007075e-02, 4.12249714e-02,
          3.53356898e-02, 2.35571265e-02, 2.94464082e-02, 4.24028300e-02,
          3.18021215e-02, 3.06242649e-02, 1.54299185e-01, 2.23792698e-02,
          6.59599528e-02 ]
      - [ 7.86516890e-02, 3.98365706e-02, 3.57507691e-02, 2.24719103e-02,
          9.19305440e-03, 1.76710933e-01, 2.55362634e-02, 2.96220649e-02,
          1.43003073e-02, 3.98365706e-02, 8.17160401e-03, 5.10725267e-02,
          4.29009199e-02, 4.18794714e-02, 1.06230855e-01, 2.45148130e-02,
          3.67722176e-02, 3.16649638e-02, 3.06435153e-02, 3.57507691e-02,
          2.96220649e-02, 7.15015363e-03, 3.98365706e-02, 3.16649638e-02,
          1.02145048e-02 ]
      - [ 3.67924534e-02, 5.47169819e-02, 3.39622647e-02, 4.62264158e-02,
          2.16981135e-02, 2.35849060e-02, 5.28301895e-02, 3.30188684e-02,
          2.45283023e-02, 4.15094346e-02, 5.37735857e-02, 8.86792466e-02,
          1.69811323e-02, 3.77358496e-03, 2.16981135e-02, 4.52830195e-02,
          3.58490571e-02, 2.92452835e-02, 4.33962271e-02, 3.11320759e-02,
          3.58490571e-02, 2.92452835e-02, 1.45283014e-01, 2.45283023e-02,
          2.64150947e-02 ]
      - [ 2.21606642e-02, 3.87811624e-02, 4.98614945e-02, 4.29362878e-02,
          6.09418266e-02, 3.18559557e-02, 4.15512472e-02, 4.70914096e-02,
          4.84764539e-02, 2.21606642e-02, 2.90858708e-02, 4.43213284e-02,
          3.46260369e-02, 2.90858708e-02, 1.93905812e-02, 3.73961218e-02,
          5.54016605e-02, 3.32409963e-02, 5.40166199e-02, 5.12465350e-02,
          5.54016605e-02, 5.40166199e-02, 4.43213284e-02, 2.35457048e-02,
          2.90858708e-02 ]
      - [ 2.57234722e-02, 4.82315123e-02, 5.78778125e-02, 4.82315123e-02,
          4.82315123e-02, 6.43086806e-03, 5.46623766e-02, 3.85852084e-02,
          4.50160764e-02, 4.82315123e-02, 5.14469445e-02, 3.53697762e-02,
          1.92926042e-02, 9.64630209e-03, 3.21543403e-03, 4.82315123e-02,
          5.46623766e-02, 3.53697762e-02, 4.82315123e-02, 3.85852084e-02,
          5.46623766e-02, 1.92926042e-02, 5.14469445e-02, 4.82315123e-02,
          6.10932484e-02 ]
      - [ 2.52976194e-02, 4.76190485e-02, 2.97619049e-02, 2.82738097e-02,
          1.63690485e-02, 1.19047621e-02, 6.39880970e-02, 2.52976194e-02,
          3.27380970e-02, 3.12500000e-02, 9.97023806e-02, 7.44047612e-02,
          1.48809524e-02, 7.44047621e-03, 0., 6.25000000e-02,
          4.31547612e-02, 2.38095243e-02, 3.12500000e-02, 2.67857146e-02,
          5.65476194e-02, 2.67857146e-02, 1.69642866e-01, 2.08333340e-02,
          2.97619049e-02 ]
      - [ 9.34579410e-03, 2.33644843e-02, 6.07476607e-02, 3.73831764e-02,
          5.14018685e-02, 1.30841121e-01, 4.67289705e-03, 7.00934529e-02,
          3.27102803e-02, 3.27102803e-02, 4.67289686e-02, 4.67289705e-03,
          3.73831764e-02, 9.34579410e-03, 8.87850448e-02, 1.86915882e-02,
          3.27102803e-02, 4.20560725e-02, 7.47663528e-02, 2.80373823e-02,
          2.80373823e-02, 2.33644843e-02, 1.86915882e-02, 2.33644843e-02,
          7.00934529e-02 ]
      - [ 2.84090918e-02, 2.84090918e-02, 6.81818202e-02, 5.68181835e-03,
          5.11363670e-02, 0., 5.68181835e-02, 3.97727266e-02,
          5.11363670e-02, 5.68181835e-03, 6.81818202e-02, 1.07954547e-01,
          5.68181835e-03, 5.68181835e-03, 1.70454551e-02, 2.84090918e-02,
          4.54545468e-02, 1.70454551e-02, 6.25000000e-02, 3.40909101e-02,
          1.19318187e-01, 3.97727266e-02, 7.38636404e-02, 2.84090918e-02,
          1.13636367e-02 ]
      - [ 2.35294141e-02, 7.84313772e-03, 2.74509825e-02, 3.52941193e-02,
          1.56862754e-02, 1.80392161e-01, 2.74509825e-02, 5.49019650e-02,
          1.17647070e-02, 3.52941193e-02, 3.92156886e-03, 1.96078438e-02,
          5.09803966e-02, 6.27451017e-02, 9.41176564e-02, 1.56862754e-02,
          5.09803966e-02, 5.88235334e-02, 5.88235334e-02, 6.27451017e-02,
          1.17647070e-02, 3.92156877e-02, 3.92156886e-03, 3.52941193e-02,
          1.17647070e-02 ]
      - [ 3.43750007e-02, 8.12500045e-02, 3.43750007e-02, 2.81250011e-02,
          2.65625007e-02, 3.12500005e-03, 5.00000007e-02, 3.28125022e-02,
          2.65625007e-02, 2.03125011e-02, 1.25000000e-01, 4.06250022e-02,
          9.37500037e-03, 6.25000009e-03, 1.40625006e-02, 7.65625015e-02,
          3.12500000e-02, 3.90625000e-02, 3.43750007e-02, 2.81250011e-02,
          3.90625000e-02, 3.43750007e-02, 9.21875015e-02, 3.12500000e-02,
          6.09375015e-02 ]
      - [ 3.35096978e-02, 2.82186940e-02, 3.17460299e-02, 2.64550261e-02,
          2.46913582e-02, 7.05467314e-02, 3.88007052e-02, 5.64373881e-02,
          2.64550261e-02, 3.17460299e-02, 4.40917090e-02, 3.70370373e-02,
          4.76190448e-02, 4.76190448e-02, 8.11287463e-02, 5.46737202e-02,
          3.70370373e-02, 4.40917090e-02, 3.70370373e-02, 2.11640205e-02,
          2.64550261e-02, 2.46913582e-02, 3.88007052e-02, 4.23280410e-02,
          4.76190448e-02 ]
      - [ 4.27046269e-02, 2.13523135e-02, 5.69395013e-02, 3.55871879e-02,
          2.84697507e-02, 7.11743766e-03, 6.40569404e-02, 6.76156580e-02,
          3.20284702e-02, 3.91459055e-02, 4.62633446e-02, 6.40569404e-02,
          2.13523135e-02, 7.11743766e-03, 3.55871883e-03, 4.98220623e-02,
          5.33807836e-02, 2.13523135e-02, 7.11743757e-02, 3.55871879e-02,
          4.62633446e-02, 2.84697507e-02, 9.96441245e-02, 2.13523135e-02,
          3.55871879e-02 ]
      - [ 4.37284224e-02, 4.14269269e-02, 4.31530513e-02, 5.98388948e-02,
          8.63061007e-03, 8.22784826e-02, 3.16455700e-02, 1.43843498e-02,
          1.66858453e-02, 3.62485610e-02, 4.77560423e-02, 5.63866533e-02,
          4.08515520e-02, 2.35903338e-02, 1.04142696e-01, 3.27963196e-02,
          4.48791720e-02, 4.20023017e-02, 2.41657086e-02, 2.18642112e-02,
          5.35097830e-02, 1.38089759e-02, 3.85500565e-02, 4.08515520e-02,
          3.68239358e-02 ]
      - [ 3.33333313e-02, 3.99999991e-02, 5.99999987e-02, 3.46666649e-02,
          2.79999990e-02, 3.46666649e-02, 5.33333346e-02, 3.33333313e-02,
          3.33333313e-02, 3.33333313e-02, 3.73333320e-02, 7.99999982e-02,
          2.79999990e-02, 2.13333331e-02, 2.13333331e-02, 4.93333340e-02,
          4.39999998e-02, 4.53333333e-02, 3.33333313e-02, 2.13333331e-02,
          3.99999991e-02, 3.99999991e-02, 8.39999989e-02, 4.13333327e-02,
          2.93333326e-02 ]
      - [ 5.56277633e-02, 3.43124494e-02, 5.53678200e-02, 3.48323360e-02,
          2.44346242e-02, 6.42058775e-02, 3.84715348e-02, 2.98934225e-02,
          2.46945675e-02, 2.46945675e-02, 3.04133091e-02, 4.52300496e-02,
          5.25084473e-02, 5.48479334e-02, 3.43124494e-02, 3.69118787e-02,
          5.38081639e-02, 3.69118787e-02, 3.32726799e-02, 5.97868450e-02,
          4.13309075e-02, 1.81959961e-02, 5.32882772e-02, 4.02911343e-02,
          2.23550815e-02 ]
      - [ 5.41125536e-02, 2.65151523e-02, 6.30411282e-02, 3.59848477e-02,
          2.73268390e-02, 3.65259722e-02, 3.40909101e-02, 3.43614705e-02,
          2.43506487e-02, 1.78571437e-02, 3.73376608e-02, 3.92316021e-02,
          6.06060624e-02, 6.81818202e-02, 3.35497819e-02, 3.40909101e-02,
          6.16883114e-02, 3.46320346e-02, 2.97619049e-02, 7.60281384e-02,
          4.59956713e-02, 2.08333340e-02, 4.13961038e-02, 3.78787890e-02,
          2.46212129e-02 ]
      - [ 2.39923224e-02, 1.91938579e-02, 2.78310925e-02, 3.93474065e-02,
          2.87907869e-02, 2.73512483e-01, 1.24760075e-02, 2.87907869e-02,
          2.01535504e-02, 2.49520149e-02, 1.53550860e-02, 1.24760075e-02,
          4.12667952e-02, 3.83877158e-02, 1.90019190e-01, 1.43953934e-02,
          2.49520149e-02, 2.59117074e-02, 2.97504794e-02, 1.15163140e-02,
          1.91938579e-02, 4.79846448e-03, 2.11132430e-02, 3.07101719e-02,
          2.11132430e-02 ]
      - [ 5.28422743e-02, 5.20416312e-02, 4.00320254e-02, 4.80384305e-02,
          1.68134496e-02, 2.56204959e-02, 5.20416312e-02, 3.60288210e-02,
          1.28102480e-02, 2.64211372e-02, 7.44595677e-02, 9.12730172e-02,
          1.76140908e-02, 1.76140908e-02, 2.48198546e-02, 6.00480363e-02,
          3.60288210e-02, 3.20256203e-02, 3.84307429e-02, 2.08166521e-02,
          3.12249791e-02, 8.00640509e-03, 8.16653296e-02, 2.72217765e-02,
          7.60608464e-02 ]
      - [ 3.84615399e-02, 1.44230779e-02, 3.36538479e-02, 2.40384620e-02,
          2.88461559e-02, 1.92307699e-02, 5.28846160e-02, 5.28846160e-02,
          3.84615399e-02, 3.36538479e-02, 1.92307699e-02, 4.32692319e-02,
          4.32692319e-02, 1.92307699e-02, 1.92307699e-02, 4.80769239e-02,
          3.84615399e-02, 5.28846160e-02, 4.80769239e-02, 8.17307755e-02,
          8.17307755e-02, 2.88461559e-02, 7.21153840e-02, 3.84615399e-02,
          2.88461559e-02 ]
      - [ 2.77098604e-02, 3.42298262e-02, 3.99347991e-02, 5.62347174e-02,
          3.17848399e-02, 2.93398518e-02, 4.48247753e-02, 3.91198024e-02,
          3.17848399e-02, 2.68948656e-02, 7.41646290e-02, 7.17196390e-02,
          2.60798689e-02, 5.70497150e-03, 2.28198860e-02, 5.05297445e-02,
          3.99347991e-02, 2.11898927e-02, 3.42298262e-02, 3.09698451e-02,
          4.15647924e-02, 6.03096969e-02, 1.10024445e-01, 2.11898927e-02,
          2.77098604e-02 ]
      - [ 2.21187435e-02, 5.47147840e-02, 3.72526199e-02, 1.97904538e-02,
          1.97904538e-02, 1.62980221e-02, 4.88940626e-02, 2.44470313e-02,
          2.44470313e-02, 4.65657748e-02, 9.89522710e-02, 7.91618153e-02,
          5.82072185e-03, 9.31315497e-03, 6.98486622e-03, 4.19091955e-02,
          3.49243321e-02, 2.32828874e-02, 2.32828874e-02, 2.09545977e-02,
          5.47147840e-02, 4.19091955e-02, 1.26891732e-01, 2.32828874e-02,
          9.42956954e-02 ]
      - [ 2.37288140e-02, 1.69491526e-02, 6.10169470e-02, 2.37288140e-02,
          3.38983051e-02, 0., 3.38983051e-02, 2.03389823e-02,
          1.69491526e-02, 1.69491526e-02, 9.15254205e-02, 5.42372875e-02,
          2.03389823e-02, 3.38983047e-03, 0., 4.74576280e-02,
          4.74576280e-02, 1.35593219e-02, 2.37288140e-02, 5.08474559e-02,
          3.38983051e-02, 7.79661015e-02, 2.44067788e-01, 1.69491526e-02,
          2.71186437e-02 ]
      - [ 8.92857183e-03, 2.23214291e-02, 2.90178582e-02, 3.79464291e-02,
          1.33928582e-02, 1.33928582e-02, 4.24107164e-02, 2.67857164e-02,
          1.56250000e-02, 1.56250000e-02, 8.03571492e-02, 1.27232149e-01,
          1.78571437e-02, 1.33928582e-02, 1.56250000e-02, 5.58035746e-02,
          2.67857164e-02, 6.69642910e-03, 2.00892873e-02, 2.67857164e-02,
          4.24107164e-02, 3.79464291e-02, 1.54017866e-01, 1.56250000e-02,
          1.33928582e-01 ]
      - [ 4.69314083e-02, 2.88808662e-02, 4.51263525e-02, 3.42960283e-02,
          3.79061364e-02, 2.16606501e-02, 3.61010842e-02, 5.23465686e-02,
          2.88808662e-02, 2.52707582e-02, 5.41516244e-02, 6.67870045e-02,
          1.98555961e-02, 2.34657042e-02, 3.24909762e-02, 3.79061364e-02,
          4.15162444e-02, 3.24909762e-02, 4.15162444e-02, 4.15162444e-02,
          3.42960283e-02, 3.97111923e-02, 9.02527049e-02, 3.06859203e-02,
          5.59566766e-02 ]
      - [ 1.75438598e-02, 1.62280709e-01, 3.07017546e-02, 9.21052620e-02,
          1.31578948e-02, 7.01754391e-02, 3.07017546e-02, 1.31578948e-02,
          1.31578948e-02, 0., 1.31578952e-01, 2.19298247e-02,
          1.31578948e-02, 1.31578948e-02, 3.07017546e-02, 3.07017546e-02,
          8.77192989e-03, 2.63157897e-02, 2.19298247e-02, 2.19298247e-02,
          0., 2.63157897e-02, 6.57894760e-02, 1.75438598e-02,
          1.27192989e-01 ]
      - [ 2.79329605e-02, 3.07262558e-02, 4.46927361e-02, 2.79329605e-02,
          4.46927361e-02, 1.95530728e-02, 3.35195512e-02, 3.35195512e-02,
          3.91061455e-02, 5.30726239e-02, 6.14525117e-02, 8.37988779e-02,
          5.58659201e-03, 1.67597756e-02, 2.79329605e-02, 5.30726239e-02,
          4.46927361e-02, 5.58659201e-03, 3.91061455e-02, 5.30726239e-02,
          4.46927361e-02, 2.79329605e-02, 9.49720666e-02, 8.37988779e-03,
          7.82122910e-02 ]
      - [ 1.98675506e-02, 2.98013240e-02, 3.97351012e-02, 1.32450331e-02,
          1.32450331e-02, 4.30463590e-02, 5.62913902e-02, 3.31125818e-02,
          2.31788084e-02, 3.97351012e-02, 6.95364252e-02, 4.30463590e-02,
          1.98675506e-02, 1.98675506e-02, 3.97351012e-02, 6.95364252e-02,
          4.63576168e-02, 2.98013240e-02, 2.31788084e-02, 2.64900662e-02,
          1.98675506e-02, 2.98013240e-02, 1.35761589e-01, 3.31125818e-02,
          8.27814564e-02 ]
      - [ 3.13901380e-02, 4.93273586e-02, 3.13901380e-02, 1.79372206e-02,
          1.34529155e-02, 6.72645792e-02, 3.58744413e-02, 4.03587446e-02,
          3.58744413e-02, 6.72645792e-02, 7.62331858e-02, 7.17488825e-02,
          3.13901380e-02, 4.48430516e-03, 5.38116619e-02, 4.48430516e-02,
          3.58744413e-02, 3.58744413e-02, 4.03587446e-02, 0.,
          3.58744413e-02, 4.03587446e-02, 5.82959652e-02, 3.58744413e-02,
          4.48430516e-02 ]
      - [ 1.80000011e-02, 4.80000004e-02, 2.80000009e-02, 5.20000011e-02,
          2.00000014e-02, 6.20000027e-02, 3.60000022e-02, 1.80000011e-02,
          2.80000009e-02, 1.40000004e-02, 5.20000011e-02, 1.68000013e-01,
          2.00000014e-02, 1.00000007e-02, 9.00000036e-02, 1.80000011e-02,
          1.80000011e-02, 1.60000008e-02, 2.00000014e-02, 2.20000017e-02,
          4.80000004e-02, 1.80000011e-02, 9.60000008e-02, 1.20000001e-02,
          6.80000037e-02 ]
      - [ 3.64583358e-02, 1.56250000e-02, 1.56250000e-02, 3.12500000e-02,
          2.08333340e-02, 6.25000000e-02, 2.60416679e-02, 2.60416679e-02,
          1.56250000e-02, 3.12500000e-02, 9.37500000e-02, 9.37500000e-02,
          1.56250000e-02, 1.04166670e-02, 5.20833358e-02, 4.16666679e-02,
          1.56250000e-02, 2.08333340e-02, 4.16666679e-02, 2.60416679e-02,
          4.16666679e-02, 2.60416679e-02, 1.14583336e-01, 5.20833349e-03,
          1.19791672e-01 ]
      - [ 1.88679248e-02, 4.95283008e-02, 1.17924530e-02, 2.83018872e-02,
          1.88679248e-02, 1.01415098e-01, 4.00943384e-02, 5.18867932e-02,
          7.07547180e-03, 3.53773609e-02, 1.08490571e-01, 5.18867932e-02,
          1.65094342e-02, 7.07547180e-03, 9.90566015e-02, 3.77358496e-02,
          1.65094342e-02, 3.06603778e-02, 5.66037744e-02, 9.43396240e-03,
          3.06603778e-02, 1.65094342e-02, 3.06603778e-02, 2.59433966e-02,
          9.90566015e-02 ]
      - [ 1.52439019e-02, 3.35365832e-02, 3.20121944e-02, 4.57317047e-02,
          1.67682916e-02, 3.65853645e-02, 3.04878037e-02, 3.81097533e-02,
          3.04878037e-02, 3.35365832e-02, 5.79268262e-02, 1.31097555e-01,
          9.14634112e-03, 4.57317056e-03, 5.64024374e-02, 1.98170729e-02,
          1.98170729e-02, 1.82926822e-02, 3.20121944e-02, 4.42073159e-02,
          4.42073159e-02, 3.81097533e-02, 7.62195066e-02, 1.98170729e-02,
          1.15853652e-01 ]
      - [ 2.32108328e-02, 5.02901375e-02, 4.25531939e-02, 7.15667307e-02,
          2.32108328e-02, 3.86847220e-02, 2.70793047e-02, 3.86847220e-02,
          2.32108328e-02, 2.12765969e-02, 7.15667307e-02, 6.76982626e-02,
          3.48162502e-02, 4.06189561e-02, 2.90135406e-02, 3.67504843e-02,
          3.67504843e-02, 4.06189561e-02, 2.70793047e-02, 1.16054164e-02,
          2.51450688e-02, 2.12765969e-02, 1.17988400e-01, 2.90135406e-02,
          5.02901375e-02 ]
      - [ 2.99684554e-02, 3.78548913e-02, 2.52365936e-02, 8.67507905e-02,
          2.05047317e-02, 1.08832806e-01, 2.36593056e-02, 2.99684554e-02,
          2.83911675e-02, 3.15457433e-02, 3.47003154e-02, 6.15141951e-02,
          2.05047317e-02, 4.73186141e-03, 8.99053663e-02, 1.73501577e-02,
          2.83911675e-02, 2.99684554e-02, 3.31230275e-02, 2.83911675e-02,
          1.57728717e-02, 3.15457433e-02, 7.88643584e-02, 2.68138815e-02,
          7.57097825e-02 ]
      - [ 6.38977624e-03, 3.51437703e-02, 2.55591050e-02, 7.02875406e-02,
          4.79233228e-02, 5.11182100e-02, 9.58466437e-03, 1.59744397e-02,
          3.19488794e-02, 3.19488794e-02, 7.34824240e-02, 7.34824240e-02,
          1.59744397e-02, 6.38977624e-03, 4.15335447e-02, 6.38977624e-03,
          3.83386575e-02, 2.55591050e-02, 2.87539922e-02, 1.91693287e-02,
          3.51437703e-02, 4.15335447e-02, 1.24600634e-01, 1.27795525e-02,
          1.30990416e-01 ]
      - [ 5.48780486e-02, 3.96341458e-02, 4.87804860e-02, 1.52439019e-02,
          2.13414617e-02, 4.87804860e-02, 2.13414617e-02, 2.13414617e-02,
          3.35365832e-02, 4.26829234e-02, 1.82926822e-02, 4.26829234e-02,
          4.26829234e-02, 4.87804860e-02, 6.70731664e-02, 4.57317047e-02,
          6.40243888e-02, 7.31707290e-02, 4.26829234e-02, 3.04878037e-02,
          2.74390243e-02, 3.04878037e-02, 9.14634112e-03, 7.92682916e-02,
          3.04878037e-02 ]
      - [ 4.28134575e-02, 4.28134575e-02, 4.28134575e-02, 3.36391442e-02,
          2.75229365e-02, 1.22324161e-01, 3.97553518e-02, 4.89296652e-02,
          1.83486249e-02, 5.19877709e-02, 1.00917436e-01, 1.83486249e-02,
          2.75229365e-02, 1.83486249e-02, 5.19877709e-02, 5.19877709e-02,
          4.28134575e-02, 3.36391442e-02, 2.75229365e-02, 1.52905202e-02,
          9.17431246e-03, 2.75229365e-02, 1.83486249e-02, 1.83486249e-02,
          6.72782883e-02 ]
      - [ 6.34328350e-02, 1.86567158e-02, 2.23880596e-02, 1.49253728e-02,
          1.49253728e-02, 1.45522386e-01, 5.59701473e-02, 2.98507456e-02,
          3.35820876e-02, 4.85074632e-02, 1.86567158e-02, 2.61194017e-02,
          5.59701473e-02, 5.22388034e-02, 8.58208910e-02, 4.47761193e-02,
          4.10447754e-02, 4.10447754e-02, 3.35820876e-02, 1.11940298e-02,
          2.98507456e-02, 1.49253728e-02, 1.86567158e-02, 2.98507456e-02,
          4.85074632e-02 ]
      - [ 4.84739691e-02, 4.48833033e-02, 4.30879742e-02, 2.69299820e-02,
          2.69299820e-02, 5.38599640e-02, 2.51346510e-02, 3.05206478e-02,
          3.77019756e-02, 3.59066427e-02, 2.87253149e-02, 4.30879742e-02,
          5.38599640e-02, 4.30879742e-02, 3.77019756e-02, 4.30879742e-02,
          5.56552969e-02, 6.28366247e-02, 2.69299820e-02, 2.51346510e-02,
          3.94973084e-02, 2.15439871e-02, 5.20646349e-02, 6.28366247e-02,
          3.05206478e-02 ]
      - [ 9.69696939e-02, 5.15151508e-02, 4.54545431e-02, 1.81818176e-02,
          3.33333313e-02, 5.45454547e-02, 4.24242392e-02, 5.45454547e-02,
          2.42424235e-02, 4.24242392e-02, 2.42424235e-02, 2.12121196e-02,
          2.42424235e-02, 8.78787860e-02, 2.12121196e-02, 4.24242392e-02,
          4.54545431e-02, 2.42424235e-02, 3.63636352e-02, 8.48484784e-02,
          2.12121196e-02, 1.21212117e-02, 9.09090880e-03, 3.33333313e-02,
          4.84848469e-02 ]
      - [ 4.36507948e-02, 2.77777798e-02, 2.38095261e-02, 1.58730168e-02,
          3.17460336e-02, 1.62698418e-01, 2.38095261e-02, 2.38095261e-02,
          3.17460336e-02, 5.95238134e-02, 4.76190522e-02, 0.,
          2.77777798e-02, 6.74603209e-02, 1.34920642e-01, 4.76190522e-02,
          1.58730168e-02, 3.17460336e-02, 1.98412705e-02, 3.96825420e-03,
          2.77777798e-02, 3.96825420e-03, 1.58730168e-02, 4.36507948e-02,
          6.74603209e-02 ]
      - [ 6.29496425e-02, 1.97841730e-02, 3.59712243e-02, 7.19424477e-03,
          5.39568365e-02, 5.21582738e-02, 4.31654677e-02, 5.57553954e-02,
          4.67625894e-02, 5.39568365e-02, 1.43884895e-02, 1.61870513e-02,
          1.97841730e-02, 5.39568365e-02, 1.43884895e-02, 5.75539581e-02,
          3.77697833e-02, 3.77697833e-02, 6.83453232e-02, 8.45323727e-02,
          3.05755399e-02, 6.29496425e-02, 2.15827338e-02, 3.41726616e-02,
          1.43884895e-02 ]
   decision_functions:
      -
         sv_count: 121
         rho: -1.8141852360601676e+00
         alpha: [ 6.2500000000000000e+01, 2.4838019695218218e+01,
             6.2500000000000000e+01, 6.2500000000000000e+01,
             6.2500000000000000e+01, 6.2500000000000000e+01,
             5.3782342123674141e+01, 3.2525451401613203e+01,
             5.7590999730344436e+01, 6.2500000000000000e+01,
             5.5236824065405045e+01, 6.2500000000000000e+01,
             3.6833824420953256e+01, 5.4878903693496056e+01,
             6.2500000000000000e+01, 6.2500000000000000e+01,
             6.2500000000000000e+01, 6.2500000000000000e+01,
             4.0659562764119258e+01, 6.2500000000000000e+01,
             6.2500000000000000e+01, 4.4059860650641369e+01,
             6.2500000000000000e+01, 6.2500000000000000e+01,
             2.6837416145315700e+00, 6.2500000000000000e+01,
             6.2500000000000000e+01, 6.2500000000000000e+01,
             6.2500000000000000e+01, 6.2500000000000000e+01,
             6.2500000000000000e+01, 6.2500000000000000e+01,
             6.0966619018096168e+01, 6.2500000000000000e+01,
             6.2500000000000000e+01, 6.2500000000000000e+01,
             6.2500000000000000e+01, 6.2500000000000000e+01,
             6.1091839906225211e+01, 6.2500000000000000e+01,
             6.2500000000000000e+01, 6.2500000000000000e+01,
             6.2500000000000000e+01, 6.2500000000000000e+01,
             6.2500000000000000e+01, 6.2500000000000000e+01,
             6.2500000000000000e+01, 6.2500000000000000e+01,
             6.2500000000000000e+01, 6.2500000000000000e+01,
             6.2500000000000000e+01, 6.2500000000000000e+01,
             3.1542416712427123e+01, 6.2500000000000000e+01,
             6.2500000000000000e+01, 3.1419398038993904e+01,
             7.6210963065039437e+00, 6.2500000000000000e+01,
             5.9816258385468430e+01, 6.2500000000000000e+01,
             6.2500000000000000e+01, 6.2500000000000000e+01,
             -6.2500000000000000e+01, -6.2500000000000000e+01,
             -6.2500000000000000e+01, -6.2500000000000000e+01,
             -6.2500000000000000e+01, -6.2500000000000000e+01,
             -6.2500000000000000e+01, -6.2500000000000000e+01,
             -6.2500000000000000e+01, -6.2500000000000000e+01,
             -6.2500000000000000e+01, -6.2500000000000000e+01,
             -6.2500000000000000e+01, -6.2500000000000000e+01,
             -6.2500000000000000e+01, -6.2500000000000000e+01,
             -6.2500000000000000e+01, -6.2500000000000000e+01,
             -6.2500000000000000e+01, -6.2500000000000000e+01,
             -5.5348694164725906e+01, -6.2500000000000000e+01,
             -6.2500000000000000e+01, -6.2500000000000000e+01,
             -6.2500000000000000e+01, -6.2500000000000000e+01,
             -6.2500000000000000e+01, -6.2500000000000000e+01,
             -3.5963071484663423e+01, -6.2500000000000000e+01,
             -6.2500000000000000e+01, -6.2500000000000000e+01,
             -6.2500000000000000e+01, -6.2500000000000000e+01,
             -6.2500000000000000e+01, -6.2500000000000000e+01,
             -6.2500000000000000e+01, -5.4029804306565254e+01,
             -2.0363673283455746e+01, -6.2500000000000000e+01,
             -6.2500000000000000e+01, -6.2500000000000000e+01,
             -6.2500000000000000e+01, -6.2500000000000000e+01,
             -6.2500000000000000e+01, -6.2500000000000000e+01,
             -6.2500000000000000e+01, -6.2500000000000000e+01,
             -7.6203451239110009e-01, -6.2500000000000000e+01,
             -5.1579880775909899e+01, -6.2500000000000000e+01,
             -6.2500000000000000e+01, -6.2500000000000000e+01,
             -6.2500000000000000e+01, -6.2500000000000000e+01,
             -6.2500000000000000e+01, -6.2500000000000000e+01,
             -6.2500000000000000e+01 ]
         index: [ 0, 1, 2, 3, 4, 5, 6, 7, 8, 9, 10, 11, 12, 13, 14, 15,
             16, 17, 18, 19, 20, 21, 22, 23, 24, 25, 26, 27, 28, 29, 30,
             31, 32, 33, 34, 35, 36, 37, 38, 39, 40, 41, 103, 119, 120,
             101, 102, 104, 105, 106, 107, 108, 109, 110, 111, 112, 113,
             114, 115, 116, 117, 118, 42, 43, 44, 46, 47, 48, 49, 50, 51,
             52, 53, 54, 55, 56, 57, 58, 59, 60, 61, 62, 63, 64, 65, 66,
             67, 68, 69, 70, 71, 72, 73, 74, 75, 76, 77, 78, 79, 80, 81,
             93, 94, 82, 95, 96, 97, 98, 45, 99, 100, 83, 84, 85, 86, 87,
             88, 89, 90, 91, 92 ]
