%YAML:1.0
---
opencv_ml_svm:
   format: 3
   svmType: C_SVC
   kernel:
      type: SIGMOID
      gamma: 1.0000000000000001e-05
      coef0: 1.0000000000000001e-01
   C: 1.0000000000000001e-01
   term_criteria: { iterations:100 }
   var_count: 25
   class_count: 2
   class_labels: !!opencv-matrix
      rows: 2
      cols: 1
      dt: i
      data: [ 0, 1 ]
   sv_total: 178
   support_vectors:
      - [ 2.72727273e-02, 1.81818176e-02, 4.54545431e-02, 5.90909086e-02,
          1.36363637e-02, 4.09090891e-02, 4.54545431e-02, 4.99999970e-02,
          1.36363637e-02, 5.90909086e-02, 3.63636352e-02, 4.54545431e-02,
          5.45454547e-02, 1.81818176e-02, 2.72727273e-02, 4.54545431e-02,
          5.45454547e-02, 3.18181813e-02, 4.54545431e-02, 4.54545431e-02,
          4.99999970e-02, 3.63636352e-02, 5.90909086e-02, 4.99999970e-02,
          2.72727273e-02 ]
      - [ 2.08333340e-02, 3.64583358e-02, 6.77083358e-02, 4.16666679e-02,
          2.08333340e-02, 3.12500000e-02, 4.68750000e-02, 5.20833358e-02,
          2.60416679e-02, 3.64583358e-02, 3.64583358e-02, 4.68750000e-02,
          4.68750000e-02, 5.20833349e-03, 4.68750000e-02, 3.12500000e-02,
          5.20833358e-02, 3.64583358e-02, 5.72916679e-02, 5.72916679e-02,
          7.81250000e-02, 3.64583358e-02, 2.08333340e-02, 2.60416679e-02,
          4.16666679e-02 ]
      - [ 2.74509825e-02, 2.74509825e-02, 7.84313753e-02, 1.96078438e-02,
          4.70588282e-02, 1.56862754e-02, 3.52941193e-02, 8.23529437e-02,
          2.35294141e-02, 4.70588282e-02, 2.35294141e-02, 4.31372561e-02,
          1.56862754e-02, 7.84313772e-03, 1.17647070e-02, 7.05882385e-02,
          9.41176564e-02, 4.70588282e-02, 8.23529437e-02, 3.52941193e-02,
          3.92156877e-02, 5.49019650e-02, 2.35294141e-02, 2.35294141e-02,
          2.35294141e-02 ]
      - [ 3.27102803e-02, 2.80373823e-02, 5.14018685e-02, 2.80373823e-02,
          1.86915882e-02, 1.40186911e-02, 6.54205605e-02, 6.07476607e-02,
          1.86915882e-02, 5.14018685e-02, 5.60747646e-02, 1.86915882e-02,
          5.60747646e-02, 9.34579410e-03, 1.86915882e-02, 5.14018685e-02,
          4.20560725e-02, 2.33644843e-02, 8.41121450e-02, 7.47663528e-02,
          3.73831764e-02, 4.67289686e-02, 2.33644843e-02, 3.73831764e-02,
          5.14018685e-02 ]
      - [ 4.26540300e-02, 3.79146934e-02, 6.16113767e-02, 3.31753567e-02,
          3.31753567e-02, 1.89573467e-02, 3.31753567e-02, 6.16113767e-02,
          2.84360200e-02, 6.63507134e-02, 1.42180100e-02, 6.63507134e-02,
          2.84360200e-02, 4.73933667e-03, 1.42180100e-02, 4.26540300e-02,
          5.21327034e-02, 5.21327034e-02, 5.68720400e-02, 3.31753567e-02,
          7.10900500e-02, 6.16113767e-02, 4.73933667e-02, 1.89573467e-02,
          1.89573467e-02 ]
      - [ 4.10958901e-02, 2.28310488e-02, 5.47945201e-02, 2.73972601e-02,
          3.19634676e-02, 5.02283089e-02, 4.56620976e-02, 6.84931502e-02,
          1.82648394e-02, 4.56620976e-02, 2.28310488e-02, 3.65296789e-02,
          5.02283089e-02, 4.56620986e-03, 4.56620976e-02, 2.28310488e-02,
          5.93607277e-02, 2.73972601e-02, 8.67579877e-02, 1.82648394e-02,
          6.39269352e-02, 5.93607277e-02, 2.73972601e-02, 3.19634676e-02,
          3.65296789e-02 ]
      - [ 6.36942685e-03, 1.91082805e-02, 8.28025490e-02, 2.54777074e-02,
          1.91082805e-02, 0., 4.45859879e-02, 6.36942685e-02,
          5.09554148e-02, 3.18471342e-02, 2.54777074e-02, 1.01910830e-01,
          1.91082805e-02, 6.36942685e-03, 0., 3.82165611e-02,
          4.45859879e-02, 3.82165611e-02, 7.00636953e-02, 3.18471342e-02,
          7.00636953e-02, 5.09554148e-02, 1.08280256e-01, 1.91082805e-02,
          3.18471342e-02 ]
      - [ 2.48756222e-02, 2.98507456e-02, 6.46766126e-02, 5.47263660e-02,
          3.48258689e-02, 2.48756222e-02, 4.97512445e-02, 6.96517378e-02,
          2.48756222e-02, 4.97512445e-02, 1.49253728e-02, 3.48258689e-02,
          2.48756222e-02, 9.95024852e-03, 5.47263660e-02, 5.47263660e-02,
          6.46766126e-02, 1.99004970e-02, 4.47761193e-02, 3.98009941e-02,
          4.97512445e-02, 5.47263660e-02, 5.47263660e-02, 2.98507456e-02,
          1.99004970e-02 ]
      - [ 1.63043477e-02, 3.26086953e-02, 7.60869607e-02, 2.71739140e-02,
          1.08695654e-02, 3.26086953e-02, 2.17391308e-02, 5.97826093e-02,
          2.71739140e-02, 5.97826093e-02, 5.43478280e-02, 3.80434804e-02,
          2.17391308e-02, 1.63043477e-02, 4.34782617e-02, 2.71739140e-02,
          7.06521720e-02, 4.89130430e-02, 5.43478280e-02, 5.43478280e-02,
          4.34782617e-02, 3.26086953e-02, 4.34782617e-02, 4.89130430e-02,
          3.80434804e-02 ]
      - [ 2.38095243e-02, 2.38095243e-02, 5.23809530e-02, 3.80952395e-02,
          1.42857153e-02, 6.19047657e-02, 3.33333351e-02, 4.28571440e-02,
          3.80952395e-02, 7.14285746e-02, 6.19047657e-02, 2.38095243e-02,
          3.80952395e-02, 1.42857153e-02, 3.33333351e-02, 4.28571440e-02,
          4.28571440e-02, 1.90476198e-02, 6.19047657e-02, 3.80952395e-02,
          6.66666701e-02, 2.85714306e-02, 4.28571440e-02, 3.80952395e-02,
          4.76190485e-02 ]
      - [ 2.18579229e-02, 2.73224041e-02, 6.55737668e-02, 4.91803251e-02,
          5.46448082e-02, 2.73224041e-02, 2.73224041e-02, 7.65027329e-02,
          3.27868834e-02, 4.37158458e-02, 5.46448082e-02, 1.63934417e-02,
          4.37158458e-02, 0., 4.37158458e-02, 1.63934417e-02,
          6.01092875e-02, 2.18579229e-02, 6.01092875e-02, 2.18579229e-02,
          7.10382462e-02, 6.01092875e-02, 3.82513665e-02, 1.63934417e-02,
          4.91803251e-02 ]
      - [ 4.90797535e-02, 4.29447852e-02, 4.90797535e-02, 6.74846619e-02,
          6.13496918e-03, 3.68098170e-02, 3.68098170e-02, 3.06748450e-02,
          1.84049085e-02, 4.90797535e-02, 9.81595069e-02, 1.22699384e-02,
          3.06748450e-02, 3.68098170e-02, 4.29447852e-02, 4.90797535e-02,
          4.90797535e-02, 6.13496900e-02, 1.84049085e-02, 1.22699384e-02,
          4.90797535e-02, 3.68098170e-02, 4.90797535e-02, 2.45398767e-02,
          4.29447852e-02 ]
      - [ 3.36538479e-02, 2.88461559e-02, 4.32692319e-02, 2.40384620e-02,
          2.40384620e-02, 4.80769249e-03, 4.32692319e-02, 6.25000000e-02,
          1.44230779e-02, 3.36538479e-02, 5.28846160e-02, 3.36538479e-02,
          5.76923117e-02, 1.92307699e-02, 3.36538479e-02, 3.84615399e-02,
          5.28846160e-02, 4.32692319e-02, 4.32692319e-02, 2.88461559e-02,
          8.17307755e-02, 2.88461559e-02, 7.21153840e-02, 4.32692319e-02,
          5.76923117e-02 ]
      - [ 6.36942685e-03, 4.45859879e-02, 4.45859879e-02, 3.82165611e-02,
          2.54777074e-02, 5.73248416e-02, 3.18471342e-02, 7.00636953e-02,
          4.45859879e-02, 6.36942685e-02, 7.00636953e-02, 3.18471342e-02,
          1.91082805e-02, 0., 2.54777074e-02, 2.54777074e-02,
          2.54777074e-02, 1.91082805e-02, 2.54777074e-02, 8.91719759e-02,
          7.64331222e-02, 8.28025490e-02, 2.54777074e-02, 1.27388537e-02,
          4.45859879e-02 ]
      - [ 3.33333351e-02, 2.22222228e-02, 6.66666701e-02, 3.33333351e-02,
          1.66666675e-02, 2.77777780e-02, 4.44444455e-02, 5.00000007e-02,
          3.33333351e-02, 2.77777780e-02, 5.55555569e-03, 3.33333351e-02,
          2.77777780e-02, 3.88888903e-02, 5.55555569e-03, 5.00000007e-02,
          6.11111112e-02, 1.11111114e-02, 3.88888903e-02, 5.00000007e-02,
          1.11111112e-01, 4.44444455e-02, 1.11111112e-01, 3.33333351e-02,
          2.22222228e-02 ]
      - [ 1.76470596e-02, 3.52941193e-02, 5.88235296e-02, 2.35294122e-02,
          4.11764719e-02, 4.70588244e-02, 7.05882385e-02, 5.29411770e-02,
          3.52941193e-02, 4.70588244e-02, 3.52941193e-02, 7.05882385e-02,
          3.52941193e-02, 5.88235306e-03, 2.35294122e-02, 4.11764719e-02,
          5.88235296e-02, 1.76470596e-02, 4.70588244e-02, 1.76470596e-02,
          4.70588244e-02, 4.11764719e-02, 6.47058859e-02, 4.11764719e-02,
          2.35294122e-02 ]
      - [ 2.46913582e-02, 3.08641978e-02, 5.55555560e-02, 3.70370373e-02,
          1.23456791e-02, 3.08641978e-02, 4.93827164e-02, 7.40740746e-02,
          4.32098769e-02, 6.79012388e-02, 3.08641978e-02, 7.40740746e-02,
          2.46913582e-02, 0., 3.08641978e-02, 3.08641978e-02,
          4.93827164e-02, 2.46913582e-02, 4.32098769e-02, 1.23456791e-02,
          7.40740746e-02, 7.40740746e-02, 4.32098769e-02, 1.23456791e-02,
          4.93827164e-02 ]
      - [ 2.50000004e-02, 2.50000004e-02, 6.25000000e-02, 1.87500007e-02,
          3.12500000e-02, 1.25000002e-02, 3.75000015e-02, 5.00000007e-02,
          2.50000004e-02, 4.37499993e-02, 5.00000007e-02, 9.37500000e-02,
          3.12500000e-02, 6.87500015e-02, 1.25000002e-02, 2.50000004e-02,
          5.00000007e-02, 1.87500007e-02, 3.12500000e-02, 6.25000000e-02,
          1.06250003e-01, 3.12500000e-02, 5.00000007e-02, 1.87500007e-02,
          1.87500007e-02 ]
      - [ 4.23280410e-02, 3.17460299e-02, 6.34920597e-02, 3.17460299e-02,
          2.64550261e-02, 3.17460299e-02, 6.34920597e-02, 5.82010560e-02,
          5.29100513e-03, 2.64550261e-02, 4.76190448e-02, 3.17460299e-02,
          2.64550261e-02, 4.23280410e-02, 1.05820103e-02, 4.23280410e-02,
          4.76190448e-02, 3.70370373e-02, 4.23280410e-02, 3.17460299e-02,
          1.00529097e-01, 3.17460299e-02, 4.76190448e-02, 5.29100522e-02,
          2.64550261e-02 ]
      - [ 2.51046009e-02, 2.51046009e-02, 5.43933026e-02, 5.02092019e-02,
          3.76569033e-02, 5.43933026e-02, 5.02092019e-02, 8.36820081e-02,
          1.25523005e-02, 3.34728025e-02, 1.67364012e-02, 3.76569033e-02,
          3.34728025e-02, 1.25523005e-02, 5.02092019e-02, 3.76569033e-02,
          3.76569033e-02, 3.76569033e-02, 7.53138065e-02, 2.51046009e-02,
          7.11297020e-02, 2.51046009e-02, 6.69456050e-02, 3.34728025e-02,
          1.25523005e-02 ]
      - [ 2.27272734e-02, 1.70454551e-02, 6.25000000e-02, 3.40909101e-02,
          2.84090918e-02, 1.13636367e-02, 6.25000000e-02, 9.09090936e-02,
          5.68181835e-03, 4.54545468e-02, 7.38636404e-02, 1.70454551e-02,
          5.68181835e-02, 4.54545468e-02, 3.40909101e-02, 3.40909101e-02,
          2.84090918e-02, 2.27272734e-02, 5.68181835e-02, 1.13636367e-02,
          4.54545468e-02, 7.95454532e-02, 2.27272734e-02, 5.68181835e-02,
          3.40909101e-02 ]
      - [ 6.21118024e-03, 1.24223605e-02, 9.93788838e-02, 5.59006222e-02,
          2.48447210e-02, 4.34782617e-02, 6.83229864e-02, 3.10559012e-02,
          3.72670814e-02, 4.34782617e-02, 3.10559012e-02, 4.34782617e-02,
          2.48447210e-02, 2.48447210e-02, 6.21118024e-03, 3.10559012e-02,
          7.45341629e-02, 1.86335407e-02, 3.72670814e-02, 6.21118024e-02,
          5.59006222e-02, 6.21118024e-02, 4.96894419e-02, 3.10559012e-02,
          2.48447210e-02 ]
      - [ 2.76243109e-02, 3.31491716e-02, 5.52486219e-02, 3.86740342e-02,
          3.31491716e-02, 5.52486209e-03, 3.31491716e-02, 6.62983432e-02,
          2.76243109e-02, 3.86740342e-02, 1.65745858e-02, 7.73480684e-02,
          3.86740342e-02, 3.31491716e-02, 1.10497242e-02, 3.86740342e-02,
          5.52486219e-02, 3.31491716e-02, 3.86740342e-02, 4.41988967e-02,
          6.07734844e-02, 5.52486219e-02, 8.28729346e-02, 2.76243109e-02,
          2.76243109e-02 ]
      - [ 2.11640205e-02, 1.58730149e-02, 5.82010560e-02, 3.70370373e-02,
          1.05820103e-02, 2.64550261e-02, 4.76190448e-02, 6.34920597e-02,
          2.11640205e-02, 5.82010560e-02, 4.76190448e-02, 4.23280410e-02,
          1.58730149e-02, 1.05820103e-02, 1.58730149e-02, 6.87830672e-02,
          6.34920597e-02, 3.70370373e-02, 5.82010560e-02, 4.23280410e-02,
          6.87830672e-02, 4.23280410e-02, 7.93650746e-02, 3.17460299e-02,
          1.58730149e-02 ]
      - [ 2.67175566e-02, 4.19847332e-02, 6.87022880e-02, 3.81679386e-02,
          3.05343512e-02, 4.19847332e-02, 1.90839693e-02, 7.63358772e-02,
          1.90839693e-02, 1.52671756e-02, 4.58015278e-02, 3.05343512e-02,
          4.58015278e-02, 3.05343512e-02, 3.05343512e-02, 5.34351133e-02,
          6.10687025e-02, 4.96183224e-02, 4.96183224e-02, 3.05343512e-02,
          6.48854971e-02, 3.05343512e-02, 3.43511440e-02, 3.43511440e-02,
          3.05343512e-02 ]
      - [ 4.88997586e-02, 2.68948674e-02, 8.80195647e-02, 6.11246973e-02,
          2.44498793e-02, 6.84596598e-02, 5.86797073e-02, 3.91198061e-02,
          1.46699268e-02, 2.20048912e-02, 4.88997577e-03, 4.88997586e-02,
          4.88997586e-02, 7.33496342e-03, 4.15647924e-02, 3.91198061e-02,
          7.57946223e-02, 5.37897348e-02, 3.17848437e-02, 3.91198061e-02,
          3.42298299e-02, 2.93398537e-02, 2.44498793e-02, 4.64547686e-02,
          2.20048912e-02 ]
      - [ 4.29447852e-02, 3.68098170e-02, 3.68098170e-02, 1.22699384e-02,
          6.13496900e-02, 1.84049085e-02, 4.90797535e-02, 9.20245349e-02,
          1.84049085e-02, 2.45398767e-02, 4.90797535e-02, 1.22699384e-02,
          3.06748450e-02, 4.29447852e-02, 6.13496918e-03, 4.29447852e-02,
          5.52147217e-02, 3.68098170e-02, 6.74846619e-02, 2.45398767e-02,
          3.68098170e-02, 1.84049085e-02, 3.06748450e-02, 4.29447852e-02,
          1.10429443e-01 ]
      - [ 5.84795326e-03, 3.50877196e-02, 6.43274859e-02, 3.50877196e-02,
          2.92397663e-02, 1.75438598e-02, 5.84795326e-02, 6.43274859e-02,
          4.09356728e-02, 3.50877196e-02, 6.43274859e-02, 2.33918130e-02,
          1.75438598e-02, 4.09356728e-02, 2.33918130e-02, 4.67836261e-02,
          4.67836261e-02, 4.09356728e-02, 5.84795326e-02, 4.67836261e-02,
          4.09356728e-02, 8.18713456e-02, 2.33918130e-02, 2.33918130e-02,
          3.50877196e-02 ]
      - [ 4.28015552e-02, 1.55642023e-02, 6.61478564e-02, 1.16731515e-02,
          3.11284047e-02, 5.05836569e-02, 4.66926061e-02, 8.17120597e-02,
          2.33463030e-02, 3.50194536e-02, 2.72373538e-02, 1.16731515e-02,
          5.83657585e-02, 1.94552522e-02, 3.11284047e-02, 5.05836569e-02,
          7.00389072e-02, 4.66926061e-02, 5.44747077e-02, 3.11284047e-02,
          3.50194536e-02, 3.50194536e-02, 1.16731515e-02, 5.83657585e-02,
          5.44747077e-02 ]
      - [ 2.80898884e-02, 1.96629222e-02, 6.17977530e-02, 3.93258445e-02,
          3.93258445e-02, 1.96629222e-02, 3.08988765e-02, 5.61797768e-02,
          4.77528088e-02, 2.80898884e-02, 4.21348326e-02, 4.21348326e-02,
          3.08988765e-02, 3.08988765e-02, 2.24719103e-02, 4.21348326e-02,
          6.17977530e-02, 2.52808984e-02, 7.58427009e-02, 5.33707887e-02,
          3.37078646e-02, 4.77528088e-02, 2.24719103e-02, 3.08988765e-02,
          6.74157292e-02 ]
      - [ 4.76190522e-02, 2.77777798e-02, 6.74603209e-02, 1.19047631e-02,
          2.77777798e-02, 5.55555597e-02, 3.17460336e-02, 7.14285746e-02,
          3.57142873e-02, 3.57142873e-02, 4.76190522e-02, 2.38095261e-02,
          7.53968284e-02, 2.38095261e-02, 6.34920672e-02, 5.95238134e-02,
          5.55555597e-02, 3.57142873e-02, 5.95238134e-02, 2.38095261e-02,
          2.77777798e-02, 1.58730168e-02, 1.98412705e-02, 3.57142873e-02,
          1.98412705e-02 ]
      - [ 5.97014911e-02, 6.34328350e-02, 5.22388034e-02, 1.49253728e-02,
          3.35820876e-02, 5.97014911e-02, 4.47761193e-02, 4.10447754e-02,
          3.73134315e-02, 3.73134315e-02, 1.86567158e-02, 2.98507456e-02,
          4.85074632e-02, 1.11940298e-02, 4.10447754e-02, 4.10447754e-02,
          3.73134315e-02, 5.22388034e-02, 4.10447754e-02, 3.73134315e-02,
          5.97014911e-02, 1.11940298e-02, 1.86567158e-02, 5.59701473e-02,
          5.22388034e-02 ]
      - [ 2.73631830e-02, 2.48756222e-02, 3.73134315e-02, 2.73631830e-02,
          2.48756222e-02, 6.96517378e-02, 2.73631830e-02, 4.47761193e-02,
          3.98009941e-02, 3.23383063e-02, 3.98009941e-02, 2.98507456e-02,
          4.72636819e-02, 4.47761193e-02, 3.48258689e-02, 4.97512445e-02,
          3.98009941e-02, 4.72636819e-02, 6.46766126e-02, 4.22885567e-02,
          9.95024852e-03, 3.23383063e-02, 2.98507456e-02, 3.98009941e-02,
          9.20398012e-02 ]
      - [ 5.90551198e-02, 3.54330689e-02, 5.11811003e-02, 1.96850393e-02,
          3.14960629e-02, 1.06299214e-01, 2.75590550e-02, 3.54330689e-02,
          3.93700786e-02, 2.36220472e-02, 2.75590550e-02, 1.18110236e-02,
          5.90551198e-02, 2.36220472e-02, 4.33070883e-02, 2.75590550e-02,
          4.33070883e-02, 5.51181100e-02, 6.69291317e-02, 3.14960629e-02,
          6.29921257e-02, 7.87401572e-03, 1.57480314e-02, 4.72440943e-02,
          4.72440943e-02 ]
      - [ 2.96610165e-02, 4.23728824e-02, 3.60169485e-02, 6.56779632e-02,
          4.87288125e-02, 9.53389853e-02, 2.33050846e-02, 2.54237279e-02,
          3.38983051e-02, 4.02542390e-02, 2.54237279e-02, 3.60169485e-02,
          3.81355919e-02, 3.17796618e-02, 1.05932206e-01, 1.90677959e-02,
          4.02542390e-02, 3.81355919e-02, 8.47457629e-03, 2.11864412e-02,
          5.72033897e-02, 1.69491526e-02, 4.66101691e-02, 2.33050846e-02,
          5.08474559e-02 ]
      - [ 4.24242392e-02, 4.84848469e-02, 6.66666627e-02, 4.84848469e-02,
          1.21212117e-02, 4.24242392e-02, 4.84848469e-02, 4.24242392e-02,
          3.03030293e-02, 9.09090862e-02, 4.84848469e-02, 4.24242392e-02,
          3.03030293e-02, 6.06060587e-02, 1.21212117e-02, 3.63636352e-02,
          3.63636352e-02, 1.81818176e-02, 3.63636352e-02, 3.03030293e-02,
          4.84848469e-02, 6.66666627e-02, 1.81818176e-02, 1.21212117e-02,
          3.03030293e-02 ]
      - [ 2.53164563e-02, 4.43037972e-02, 4.43037972e-02, 3.16455700e-02,
          3.16455700e-02, 5.06329127e-02, 2.53164563e-02, 5.69620281e-02,
          3.79746854e-02, 6.32911399e-02, 2.53164563e-02, 6.96202517e-02,
          4.43037972e-02, 2.53164563e-02, 1.89873427e-02, 1.26582282e-02,
          5.69620281e-02, 3.16455700e-02, 4.43037972e-02, 1.26582282e-02,
          9.49367136e-02, 4.43037972e-02, 3.79746854e-02, 1.26582282e-02,
          5.69620281e-02 ]
      - [ 1.90476198e-02, 5.23809530e-02, 7.14285746e-02, 6.66666701e-02,
          1.90476198e-02, 6.19047657e-02, 3.80952395e-02, 2.85714306e-02,
          4.28571440e-02, 6.66666701e-02, 3.80952395e-02, 6.19047657e-02,
          4.76190485e-02, 3.80952395e-02, 1.42857153e-02, 2.85714306e-02,
          6.19047657e-02, 2.85714306e-02, 1.90476198e-02, 3.33333351e-02,
          5.71428612e-02, 3.33333351e-02, 4.28571440e-02, 1.42857153e-02,
          1.42857153e-02 ]
      - [ 5.81395328e-02, 5.81395347e-03, 4.06976752e-02, 1.16279069e-02,
          3.48837227e-02, 1.16279069e-02, 7.55813941e-02, 5.23255803e-02,
          4.06976752e-02, 5.23255803e-02, 4.65116277e-02, 4.65116277e-02,
          5.81395347e-03, 2.90697664e-02, 0., 6.39534891e-02,
          4.06976752e-02, 2.32558139e-02, 6.97674453e-02, 5.81395328e-02,
          5.81395328e-02, 5.23255803e-02, 5.81395328e-02, 3.48837227e-02,
          2.90697664e-02 ]
      - [ 3.70370373e-02, 0., 6.87830672e-02, 2.64550261e-02,
          3.17460299e-02, 1.05820103e-02, 2.64550261e-02, 3.70370373e-02,
          4.76190448e-02, 5.29100522e-02, 8.46560821e-02, 2.64550261e-02,
          3.70370373e-02, 1.58730149e-02, 1.05820103e-02, 2.11640205e-02,
          8.46560821e-02, 3.17460299e-02, 4.23280410e-02, 4.23280410e-02,
          5.82010560e-02, 2.64550261e-02, 7.40740746e-02, 4.76190448e-02,
          5.82010560e-02 ]
      - [ 3.84615399e-02, 1.09890113e-02, 4.94505502e-02, 2.19780225e-02,
          3.84615399e-02, 0., 4.94505502e-02, 5.49450554e-02,
          2.74725277e-02, 2.74725277e-02, 8.79120901e-02, 3.84615399e-02,
          4.39560451e-02, 3.84615399e-02, 5.49450563e-03, 2.19780225e-02,
          4.39560451e-02, 4.94505502e-02, 5.49450554e-02, 3.29670347e-02,
          4.94505502e-02, 3.29670347e-02, 7.14285746e-02, 4.94505502e-02,
          6.04395606e-02 ]
      - [ 2.65957434e-02, 2.12765951e-02, 5.85106350e-02, 4.78723384e-02,
          3.72340418e-02, 2.12765951e-02, 1.59574468e-02, 7.44680837e-02,
          3.19148935e-02, 6.38297871e-02, 6.38297871e-02, 3.72340418e-02,
          3.19148935e-02, 2.65957434e-02, 4.25531901e-02, 2.65957434e-02,
          4.25531901e-02, 2.12765951e-02, 5.31914867e-02, 5.31914867e-02,
          5.85106350e-02, 3.19148935e-02, 2.65957434e-02, 3.19148935e-02,
          5.31914867e-02 ]
      - [ 2.41545886e-02, 2.89855078e-02, 6.76328465e-02, 2.89855078e-02,
          6.28019348e-02, 4.34782617e-02, 2.89855078e-02, 4.83091772e-02,
          2.41545886e-02, 5.31400964e-02, 5.31400964e-02, 2.89855078e-02,
          5.79710156e-02, 1.44927539e-02, 2.41545886e-02, 2.41545886e-02,
          7.24637657e-02, 1.44927539e-02, 3.86473425e-02, 3.86473425e-02,
          5.31400964e-02, 3.86473425e-02, 4.34782617e-02, 3.38164233e-02,
          5.31400964e-02 ]
      - [ 2.95566507e-02, 1.97044332e-02, 4.43349741e-02, 4.43349741e-02,
          2.95566507e-02, 3.94088663e-02, 3.94088663e-02, 6.40394092e-02,
          3.44827585e-02, 7.38916248e-02, 4.43349741e-02, 2.46305410e-02,
          1.47783253e-02, 2.46305410e-02, 2.46305410e-02, 5.91133013e-02,
          6.40394092e-02, 1.97044332e-02, 6.40394092e-02, 3.94088663e-02,
          5.41871898e-02, 6.89655170e-02, 9.85221658e-03, 2.95566507e-02,
          3.94088663e-02 ]
      - [ 2.90697664e-02, 2.32558139e-02, 5.81395328e-02, 2.32558139e-02,
          1.74418613e-02, 4.65116277e-02, 2.32558139e-02, 9.88372117e-02,
          1.74418613e-02, 7.55813941e-02, 3.48837227e-02, 4.65116277e-02,
          2.32558139e-02, 2.32558139e-02, 1.16279069e-02, 5.23255803e-02,
          4.65116277e-02, 3.48837227e-02, 8.13953504e-02, 1.74418613e-02,
          4.65116277e-02, 8.13953504e-02, 0., 3.48837227e-02,
          5.23255803e-02 ]
      - [ 2.40963846e-02, 3.01204808e-02, 1.80722885e-02, 2.40963846e-02,
          3.61445770e-02, 3.01204808e-02, 1.80722885e-02, 6.62650615e-02,
          3.01204808e-02, 6.02409616e-02, 8.43373463e-02, 3.61445770e-02,
          1.20481923e-02, 1.20481923e-02, 3.61445770e-02, 6.62650615e-02,
          6.02409616e-02, 1.80722885e-02, 6.02409616e-02, 4.21686731e-02,
          2.40963846e-02, 7.22891539e-02, 5.42168655e-02, 3.01204808e-02,
          5.42168655e-02 ]
      - [ 4.23280410e-02, 4.23280410e-02, 2.64550261e-02, 4.76190448e-02,
          3.17460299e-02, 3.70370373e-02, 4.76190448e-02, 1.00529097e-01,
          3.17460299e-02, 2.11640205e-02, 1.58730149e-02, 1.05820103e-02,
          7.40740746e-02, 5.29100522e-02, 5.29100522e-02, 3.17460299e-02,
          6.34920597e-02, 4.23280410e-02, 3.70370373e-02, 2.11640205e-02,
          3.70370373e-02, 4.76190448e-02, 3.70370373e-02, 3.17460299e-02,
          1.58730149e-02 ]
      - [ 1.20481923e-02, 3.61445770e-02, 4.21686731e-02, 4.21686731e-02,
          1.20481923e-02, 9.03614461e-02, 4.81927693e-02, 4.81927693e-02,
          3.01204808e-02, 9.63855386e-02, 3.01204808e-02, 1.80722885e-02,
          6.02409616e-02, 3.01204808e-02, 6.62650615e-02, 1.80722885e-02,
          2.40963846e-02, 3.01204808e-02, 7.83132464e-02, 1.20481923e-02,
          8.43373463e-02, 3.61445770e-02, 3.61445770e-02, 6.02409616e-03,
          1.20481923e-02 ]
      - [ 5.98802418e-03, 5.98802418e-03, 2.39520967e-02, 2.39520967e-02,
          1.19760484e-02, 5.38922176e-02, 3.59281451e-02, 4.79041934e-02,
          1.19760484e-02, 7.18562901e-02, 9.58083868e-02, 4.19161692e-02,
          5.98802418e-02, 2.99401209e-02, 5.38922176e-02, 6.58682659e-02,
          4.19161692e-02, 1.79640725e-02, 7.18562901e-02, 3.59281451e-02,
          3.59281451e-02, 2.39520967e-02, 3.59281451e-02, 5.98802418e-02,
          3.59281451e-02 ]
      - [ 4.65116277e-02, 5.98006621e-02, 2.65780725e-02, 5.31561449e-02,
          1.66112948e-02, 1.26245841e-01, 2.99003311e-02, 4.31893691e-02,
          3.32225896e-02, 4.31893691e-02, 2.32558139e-02, 6.64451811e-03,
          2.65780725e-02, 1.99335553e-02, 1.16279066e-01, 2.32558139e-02,
          4.65116277e-02, 5.64784035e-02, 3.32225896e-02, 2.65780725e-02,
          3.65448482e-02, 1.32890362e-02, 1.66112948e-02, 3.98671106e-02,
          3.65448482e-02 ]
      - [ 1.76470596e-02, 2.94117648e-02, 4.70588244e-02, 7.64705911e-02,
          2.35294122e-02, 3.52941193e-02, 2.35294122e-02, 6.47058859e-02,
          3.52941193e-02, 7.64705911e-02, 8.23529437e-02, 5.88235306e-03,
          5.88235296e-02, 1.17647061e-02, 4.70588244e-02, 4.70588244e-02,
          3.52941193e-02, 5.29411770e-02, 5.88235296e-02, 1.76470596e-02,
          2.94117648e-02, 4.70588244e-02, 3.52941193e-02, 1.17647061e-02,
          2.94117648e-02 ]
      - [ 4.34782617e-02, 4.85933498e-02, 3.58056277e-02, 3.83631699e-02,
          2.04603579e-02, 5.62659837e-02, 3.32480818e-02, 3.58056277e-02,
          3.06905359e-02, 4.34782617e-02, 6.90537095e-02, 7.67263398e-03,
          5.11508957e-02, 3.58056277e-02, 8.18414316e-02, 4.34782617e-02,
          2.30179019e-02, 3.06905359e-02, 6.90537095e-02, 3.83631699e-02,
          2.55754478e-02, 1.53452680e-02, 1.27877239e-02, 5.11508957e-02,
          5.88235296e-02 ]
      - [ 2.50000004e-02, 3.12500000e-02, 5.62500022e-02, 6.87500015e-02,
          1.25000002e-02, 3.75000015e-02, 3.75000015e-02, 5.62500022e-02,
          2.50000004e-02, 8.74999985e-02, 8.12500045e-02, 3.75000015e-02,
          1.25000002e-02, 1.87500007e-02, 2.50000004e-02, 3.75000015e-02,
          2.50000004e-02, 3.12500000e-02, 6.25000000e-02, 2.50000004e-02,
          8.12500045e-02, 2.50000004e-02, 3.75000015e-02, 2.50000004e-02,
          3.75000015e-02 ]
      - [ 6.77200928e-02, 3.61173823e-02, 2.70880368e-02, 1.80586912e-02,
          3.16027105e-02, 1.12866819e-01, 1.80586912e-02, 5.64334095e-02,
          3.16027105e-02, 5.86907454e-02, 1.12866815e-02, 1.58013552e-02,
          5.64334095e-02, 5.19187376e-02, 4.28893901e-02, 2.93453727e-02,
          2.70880368e-02, 4.28893901e-02, 5.86907454e-02, 2.93453727e-02,
          3.16027105e-02, 6.77200919e-03, 2.48307008e-02, 4.51467261e-02,
          6.77200928e-02 ]
      - [ 4.57516350e-02, 1.96078438e-02, 6.53594807e-02, 3.26797403e-02,
          2.61437912e-02, 1.30718956e-02, 4.57516350e-02, 5.22875823e-02,
          3.26797403e-02, 3.26797403e-02, 9.15032700e-02, 1.30718956e-02,
          5.22875823e-02, 1.30718956e-02, 1.96078438e-02, 1.30718956e-02,
          5.22875823e-02, 3.26797403e-02, 4.57516350e-02, 5.22875823e-02,
          5.88235296e-02, 4.57516350e-02, 7.84313753e-02, 4.57516350e-02,
          1.96078438e-02 ]
      - [ 1.18811876e-01, 1.98019799e-02, 2.97029689e-02, 6.43564314e-02,
          1.48514844e-02, 1.13861382e-01, 5.44554442e-02, 2.97029689e-02,
          4.95049497e-03, 3.46534662e-02, 9.90098994e-03, 0.,
          7.42574260e-02, 4.45544533e-02, 1.28712863e-01, 4.45544533e-02,
          2.47524753e-02, 3.96039598e-02, 3.96039598e-02, 1.98019799e-02,
          2.47524753e-02, 0., 4.95049497e-03, 4.95049506e-02,
          9.90098994e-03 ]
      - [ 1.81818176e-02, 4.24242392e-02, 5.45454547e-02, 1.81818176e-02,
          3.63636352e-02, 1.21212117e-02, 3.63636352e-02, 4.84848469e-02,
          1.81818176e-02, 5.45454547e-02, 4.24242392e-02, 4.24242392e-02,
          3.03030293e-02, 1.81818176e-02, 6.06060587e-03, 5.45454547e-02,
          5.45454547e-02, 4.24242392e-02, 5.45454547e-02, 4.84848469e-02,
          5.45454547e-02, 4.24242392e-02, 7.87878782e-02, 6.06060587e-02,
          3.03030293e-02 ]
      - [ 7.21153840e-02, 3.84615399e-02, 4.32692319e-02, 6.73076957e-02,
          1.44230779e-02, 1.00961544e-01, 4.32692319e-02, 2.88461559e-02,
          9.61538497e-03, 2.40384620e-02, 4.80769249e-03, 4.80769249e-03,
          4.80769239e-02, 8.17307755e-02, 1.63461551e-01, 3.84615399e-02,
          4.32692319e-02, 2.88461559e-02, 2.88461559e-02, 4.80769249e-03,
          2.88461559e-02, 0., 0., 7.21153840e-02, 9.61538497e-03 ]
      - [ 1.55440411e-02, 3.10880821e-02, 8.29015523e-02, 1.55440411e-02,
          1.55440411e-02, 1.55440411e-02, 6.21761642e-02, 6.21761642e-02,
          5.18134683e-02, 2.59067342e-02, 6.73575103e-02, 2.59067342e-02,
          3.62694301e-02, 0., 1.55440411e-02, 5.69948182e-02,
          6.21761642e-02, 4.14507762e-02, 7.25388601e-02, 5.18134683e-02,
          6.73575103e-02, 5.18134683e-02, 2.59067342e-02, 1.55440411e-02,
          3.10880821e-02 ]
      - [ 4.16666679e-02, 2.08333340e-02, 6.25000000e-02, 4.86111119e-02,
          6.25000000e-02, 6.94444450e-03, 6.94444478e-02, 6.25000000e-02,
          3.47222239e-02, 2.08333340e-02, 3.47222239e-02, 2.77777780e-02,
          1.38888890e-02, 2.77777780e-02, 0., 6.94444478e-02,
          4.16666679e-02, 4.16666679e-02, 5.55555560e-02, 4.86111119e-02,
          4.86111119e-02, 4.16666679e-02, 3.47222239e-02, 3.47222239e-02,
          4.86111119e-02 ]
      - [ 7.85340294e-02, 5.23560215e-03, 3.14136147e-02, 4.71204184e-02,
          5.23560215e-03, 1.51832461e-01, 5.23560196e-02, 2.61780098e-02,
          2.61780098e-02, 3.14136147e-02, 5.23560215e-03, 5.23560215e-03,
          7.85340294e-02, 8.37696344e-02, 8.90052393e-02, 3.14136147e-02,
          2.09424086e-02, 4.18848172e-02, 6.28272295e-02, 1.57068074e-02,
          1.57068074e-02, 5.23560215e-03, 5.23560215e-03, 6.28272295e-02,
          2.09424086e-02 ]
      - [ 3.26797403e-02, 1.96078438e-02, 7.84313753e-02, 5.22875823e-02,
          5.22875823e-02, 1.30718956e-02, 5.88235296e-02, 2.61437912e-02,
          2.61437912e-02, 2.61437912e-02, 3.92156877e-02, 5.22875823e-02,
          4.57516350e-02, 3.26797403e-02, 6.53594779e-03, 5.88235296e-02,
          5.22875823e-02, 1.30718956e-02, 4.57516350e-02, 6.53594807e-02,
          3.92156877e-02, 4.57516350e-02, 4.57516350e-02, 3.26797403e-02,
          3.92156877e-02 ]
      - [ 3.94736826e-02, 2.63157897e-02, 7.89473653e-02, 3.94736826e-02,
          5.26315793e-02, 6.57894742e-03, 2.63157897e-02, 5.26315793e-02,
          2.63157897e-02, 2.63157897e-02, 1.97368413e-02, 3.94736826e-02,
          3.28947380e-02, 6.57894742e-03, 1.97368413e-02, 5.92105277e-02,
          6.57894760e-02, 3.28947380e-02, 4.60526310e-02, 3.94736826e-02,
          6.57894760e-02, 5.92105277e-02, 5.92105277e-02, 3.28947380e-02,
          4.60526310e-02 ]
      - [ 1.96078438e-02, 1.96078438e-02, 5.88235296e-02, 3.26797403e-02,
          7.84313753e-02, 6.53594779e-03, 1.30718956e-02, 3.92156877e-02,
          4.57516350e-02, 5.22875823e-02, 2.61437912e-02, 5.22875823e-02,
          3.92156877e-02, 1.30718956e-02, 1.96078438e-02, 4.57516350e-02,
          6.53594807e-02, 1.30718956e-02, 5.22875823e-02, 6.53594807e-02,
          4.57516350e-02, 5.22875823e-02, 6.53594807e-02, 2.61437912e-02,
          5.22875823e-02 ]
      - [ 7.38916248e-02, 1.47783253e-02, 3.44827585e-02, 2.95566507e-02,
          1.47783253e-02, 9.35960561e-02, 2.46305410e-02, 4.92610820e-02,
          4.92610829e-03, 4.43349741e-02, 1.47783253e-02, 4.92610829e-03,
          1.13300487e-01, 5.91133013e-02, 1.42857134e-01, 3.44827585e-02,
          2.46305410e-02, 4.43349741e-02, 6.40394092e-02, 1.97044332e-02,
          0., 0., 4.92610829e-03, 5.41871898e-02, 3.44827585e-02 ]
      - [ 3.37837860e-02, 6.75675692e-03, 8.78378376e-02, 2.02702712e-02,
          4.72972989e-02, 6.75675692e-03, 8.10810849e-02, 4.72972989e-02,
          4.05405425e-02, 6.75675692e-03, 3.37837860e-02, 1.35135138e-02,
          4.05405425e-02, 1.35135138e-02, 1.35135138e-02, 4.72972989e-02,
          4.72972989e-02, 4.05405425e-02, 5.40540554e-02, 5.40540554e-02,
          8.78378376e-02, 4.72972989e-02, 4.72972989e-02, 4.05405425e-02,
          4.05405425e-02 ]
      - [ 1.25714287e-01, 1.14285713e-02, 2.85714287e-02, 6.28571436e-02,
          1.71428565e-02, 1.59999996e-01, 3.99999991e-02, 2.85714287e-02,
          5.71428565e-03, 1.14285713e-02, 5.71428565e-03, 0.,
          7.42857158e-02, 7.99999982e-02, 1.25714287e-01, 2.85714287e-02,
          3.99999991e-02, 3.42857130e-02, 2.28571426e-02, 0.,
          1.14285713e-02, 1.14285713e-02, 5.71428565e-03, 5.14285713e-02,
          1.71428565e-02 ]
      - [ 6.85920566e-02, 2.88808662e-02, 6.13718405e-02, 1.44404331e-02,
          6.49819523e-02, 2.52707582e-02, 4.69314083e-02, 4.69314083e-02,
          2.52707582e-02, 5.41516244e-02, 3.61010842e-02, 1.80505421e-02,
          4.33213003e-02, 1.08303251e-02, 4.33213003e-02, 5.41516244e-02,
          5.41516244e-02, 5.05415164e-02, 5.41516244e-02, 2.88808662e-02,
          4.33213003e-02, 1.44404331e-02, 1.08303251e-02, 4.69314083e-02,
          5.41516244e-02 ]
      - [ 6.98924735e-02, 3.76344100e-02, 3.22580636e-02, 2.68817209e-02,
          2.15053763e-02, 3.76344100e-02, 4.30107526e-02, 4.83870953e-02,
          2.15053763e-02, 5.37634417e-02, 5.37634417e-02, 4.30107526e-02,
          4.83870953e-02, 1.07526882e-02, 4.83870953e-02, 3.22580636e-02,
          3.76344100e-02, 5.37634417e-02, 5.37634417e-02, 3.76344100e-02,
          2.15053763e-02, 3.76344100e-02, 2.15053763e-02, 6.45161271e-02,
          4.30107526e-02 ]
      - [ 7.97872320e-02, 2.12765951e-02, 5.05319126e-02, 2.39361692e-02,
          2.39361692e-02, 6.64893612e-02, 2.65957434e-02, 5.85106350e-02,
          2.92553175e-02, 1.86170209e-02, 3.72340418e-02, 3.19148935e-02,
          5.58510609e-02, 3.45744677e-02, 5.05319126e-02, 2.39361692e-02,
          3.72340418e-02, 3.45744677e-02, 5.85106350e-02, 5.05319126e-02,
          3.45744677e-02, 2.39361692e-02, 3.45744677e-02, 2.92553175e-02,
          6.38297871e-02 ]
      - [ 4.60048430e-02, 4.60048430e-02, 3.14770006e-02, 3.87409218e-02,
          4.60048430e-02, 5.32687679e-02, 2.42130756e-02, 3.87409218e-02,
          3.38983051e-02, 4.11622301e-02, 4.11622301e-02, 2.17917692e-02,
          3.87409218e-02, 2.90556923e-02, 3.87409218e-02, 1.45278461e-02,
          3.87409218e-02, 5.32687679e-02, 4.11622301e-02, 5.08474596e-02,
          5.32687679e-02, 2.90556923e-02, 4.60048430e-02, 5.56900762e-02,
          4.84261513e-02 ]
      - [ 1.10526323e-01, 5.26315812e-03, 3.68421078e-02, 2.10526325e-02,
          2.63157897e-02, 8.94736871e-02, 3.15789506e-02, 4.21052650e-02,
          2.63157897e-02, 4.73684222e-02, 0., 1.05263162e-02,
          7.89473727e-02, 5.78947403e-02, 5.26315793e-02, 4.21052650e-02,
          2.10526325e-02, 6.31579012e-02, 5.78947403e-02, 2.63157897e-02,
          2.10526325e-02, 1.57894753e-02, 0., 6.31579012e-02,
          5.26315793e-02 ]
      - [ 4.65116277e-02, 1.39534883e-02, 6.97674453e-02, 4.65116277e-03,
          1.86046511e-02, 8.83720964e-02, 3.25581394e-02, 3.72093022e-02,
          6.51162788e-02, 3.72093022e-02, 3.72093022e-02, 4.18604650e-02,
          3.72093022e-02, 2.79069766e-02, 7.44186044e-02, 2.32558139e-02,
          3.72093022e-02, 2.79069766e-02, 3.25581394e-02, 5.58139533e-02,
          3.25581394e-02, 9.30232555e-03, 5.58139533e-02, 5.11627905e-02,
          4.18604650e-02 ]
      - [ 4.61538471e-02, 1.02564106e-02, 5.64102568e-02, 1.02564106e-02,
          2.05128212e-02, 9.23076943e-02, 5.64102568e-02, 7.17948750e-02,
          3.07692327e-02, 5.12820520e-02, 2.56410260e-02, 3.07692327e-02,
          3.07692327e-02, 4.61538471e-02, 6.15384653e-02, 5.12820520e-02,
          4.10256423e-02, 2.05128212e-02, 4.10256423e-02, 3.07692327e-02,
          3.07692327e-02, 1.53846163e-02, 5.12820520e-02, 2.05128212e-02,
          5.64102568e-02 ]
      - [ 0., 5.96026480e-02, 4.63576168e-02, 2.64900662e-02,
          2.64900662e-02, 3.31125818e-02, 4.63576168e-02, 6.62251636e-02,
          3.31125818e-02, 3.31125818e-02, 6.62251636e-02, 2.64900662e-02,
          1.98675506e-02, 0., 6.62251655e-03, 3.31125818e-02,
          4.63576168e-02, 3.97351012e-02, 5.96026480e-02, 1.98675506e-02,
          3.97351012e-02, 7.94702023e-02, 7.28476793e-02, 3.31125818e-02,
          8.60927179e-02 ]
      - [ 6.43642098e-02, 9.41915251e-03, 5.80847748e-02, 2.66875997e-02,
          1.56985875e-02, 7.69230798e-02, 3.61067504e-02, 3.45368907e-02,
          4.39560451e-02, 3.13971750e-02, 5.65149151e-02, 2.04081647e-02,
          4.70957607e-02, 5.65149151e-02, 7.22135007e-02, 3.13971750e-02,
          3.92464697e-02, 4.39560451e-02, 3.29670347e-02, 4.55259047e-02,
          3.29670347e-02, 1.41287288e-02, 1.72684453e-02, 4.55259047e-02,
          4.70957607e-02 ]
      - [ 3.62318829e-02, 4.58937176e-02, 2.41545886e-02, 3.62318829e-02,
          3.86473425e-02, 2.65700482e-02, 5.31400964e-02, 4.34782617e-02,
          3.14009674e-02, 3.62318829e-02, 6.03864715e-02, 5.31400964e-02,
          4.83091772e-02, 3.14009674e-02, 2.17391308e-02, 6.03864715e-02,
          4.58937176e-02, 4.10628021e-02, 4.34782617e-02, 2.65700482e-02,
          4.83091772e-02, 3.14009674e-02, 3.14009674e-02, 3.86473425e-02,
          4.58937176e-02 ]
      - [ 3.50109413e-02, 2.84463894e-02, 5.90809621e-02, 2.40700226e-02,
          2.18818374e-02, 3.50109413e-02, 5.03282286e-02, 4.59518619e-02,
          2.40700226e-02, 4.37636748e-02, 3.28227580e-02, 2.62582060e-02,
          3.93873081e-02, 4.81400453e-02, 3.06345746e-02, 5.03282286e-02,
          4.59518619e-02, 4.15754914e-02, 5.68927787e-02, 4.15754914e-02,
          4.59518619e-02, 3.06345746e-02, 3.50109413e-02, 5.47045954e-02,
          5.25164120e-02 ]
      - [ 2.49999985e-02, 1.36363637e-02, 5.68181798e-02, 4.09090891e-02,
          5.90909086e-02, 6.13636337e-02, 4.99999970e-02, 5.90909086e-02,
          4.09090891e-02, 7.27272704e-02, 2.04545446e-02, 3.63636352e-02,
          4.31818180e-02, 3.18181813e-02, 4.31818180e-02, 2.72727273e-02,
          4.54545431e-02, 3.40909064e-02, 4.31818180e-02, 2.27272715e-02,
          4.54545431e-02, 3.40909064e-02, 1.36363637e-02, 3.40909064e-02,
          4.54545431e-02 ]
      - [ 2.57611237e-02, 2.57611237e-02, 3.98126431e-02, 3.74707244e-02,
          4.44964841e-02, 6.55737668e-02, 4.91803251e-02, 5.15222475e-02,
          4.21545655e-02, 3.74707244e-02, 4.21545655e-02, 3.04449629e-02,
          3.27868834e-02, 3.51288058e-02, 3.27868834e-02, 2.81030424e-02,
          4.44964841e-02, 2.57611237e-02, 6.55737668e-02, 5.85480072e-02,
          3.74707244e-02, 3.51288058e-02, 3.04449629e-02, 3.74707244e-02,
          4.44964841e-02 ]
      - [ 4.99999970e-02, 3.24999988e-02, 4.49999981e-02, 1.49999997e-02,
          2.49999985e-02, 6.25000000e-02, 4.99999970e-02, 3.99999991e-02,
          2.74999999e-02, 2.74999999e-02, 3.50000001e-02, 5.24999984e-02,
          3.99999991e-02, 5.74999973e-02, 5.49999997e-02, 4.25000004e-02,
          5.49999997e-02, 3.24999988e-02, 2.99999993e-02, 3.99999991e-02,
          2.74999999e-02, 1.75000001e-02, 2.49999985e-02, 6.25000000e-02,
          5.24999984e-02 ]
      - [ 3.99999991e-02, 2.93333326e-02, 3.99999991e-02, 2.66666673e-02,
          3.73333320e-02, 4.26666662e-02, 3.19999978e-02, 5.86666651e-02,
          5.06666675e-02, 4.80000004e-02, 3.46666649e-02, 2.40000002e-02,
          4.53333333e-02, 7.99999945e-03, 2.66666673e-02, 2.13333331e-02,
          3.99999991e-02, 3.73333320e-02, 4.26666662e-02, 5.59999980e-02,
          5.86666651e-02, 2.40000002e-02, 3.99999991e-02, 3.99999991e-02,
          9.60000008e-02 ]
      - [ 7.09219873e-02, 2.12765951e-02, 2.83687934e-02, 2.83687934e-02,
          3.54609936e-02, 9.92907733e-02, 7.09219836e-03, 5.67375869e-02,
          4.25531901e-02, 7.09219836e-03, 0., 0., 1.20567374e-01,
          6.38297871e-02, 8.51063803e-02, 1.41843967e-02, 3.54609936e-02,
          8.51063803e-02, 8.51063803e-02, 7.09219836e-03, 1.41843967e-02,
          7.09219836e-03, 7.09219836e-03, 4.25531901e-02, 3.54609936e-02 ]
      - [ 1.17021270e-01, 5.31914877e-03, 3.19148935e-02, 3.72340418e-02,
          3.72340418e-02, 7.44680837e-02, 2.65957434e-02, 5.85106350e-02,
          3.72340418e-02, 3.19148935e-02, 0., 5.31914877e-03,
          1.22340418e-01, 5.31914867e-02, 6.38297871e-02, 1.59574468e-02,
          4.25531901e-02, 4.25531901e-02, 6.91489354e-02, 2.65957434e-02,
          1.06382975e-02, 1.06382975e-02, 5.31914877e-03, 3.72340418e-02,
          3.72340418e-02 ]
      - [ 1.02941178e-01, 2.57352944e-02, 4.77941185e-02, 3.67647074e-02,
          1.83823537e-02, 4.77941185e-02, 2.57352944e-02, 5.51470593e-02,
          2.57352944e-02, 1.47058824e-02, 5.51470593e-02, 1.83823537e-02,
          4.77941185e-02, 4.77941185e-02, 3.30882370e-02, 3.30882370e-02,
          5.88235296e-02, 4.77941185e-02, 2.94117648e-02, 2.20588241e-02,
          3.30882370e-02, 2.94117648e-02, 2.20588241e-02, 4.41176482e-02,
          7.72058815e-02 ]
      - [ 9.63855386e-02, 8.03212821e-03, 4.01606411e-02, 5.22088334e-02,
          3.61445770e-02, 9.63855386e-02, 3.21285129e-02, 6.02409616e-02,
          3.21285129e-02, 3.61445770e-02, 4.01606411e-03, 1.60642564e-02,
          7.22891539e-02, 2.81124488e-02, 6.82730898e-02, 1.20481923e-02,
          3.61445770e-02, 4.41767052e-02, 6.42570257e-02, 3.21285129e-02,
          2.40963846e-02, 0., 0., 6.82730898e-02, 4.01606411e-02 ]
      - [ 5.77777773e-02, 1.33333337e-02, 5.77777773e-02, 6.22222237e-02,
          4.44444455e-03, 9.33333337e-02, 1.77777782e-02, 7.55555555e-02,
          1.33333337e-02, 1.77777782e-02, 2.22222228e-02, 8.88888910e-03,
          7.99999982e-02, 3.99999991e-02, 5.77777773e-02, 1.33333337e-02,
          3.99999991e-02, 4.44444455e-02, 5.77777773e-02, 4.44444455e-02,
          4.44444455e-02, 4.44444455e-03, 8.88888910e-03, 4.88888919e-02,
          7.11111128e-02 ]
      - [ 2.00803205e-02, 4.41767052e-02, 8.43373463e-02, 5.22088334e-02,
          2.81124488e-02, 2.40963846e-02, 4.01606411e-02, 6.42570257e-02,
          4.41767052e-02, 4.01606411e-02, 2.81124488e-02, 8.03212821e-03,
          4.41767052e-02, 2.00803205e-02, 2.00803205e-02, 4.01606411e-02,
          6.02409616e-02, 4.41767052e-02, 6.82730898e-02, 5.62248975e-02,
          4.41767052e-02, 2.00803205e-02, 2.81124488e-02, 4.81927693e-02,
          2.81124488e-02 ]
      - [ 6.40394092e-02, 3.44827585e-02, 2.46305410e-02, 5.91133013e-02,
          2.46305410e-02, 1.13300487e-01, 4.92610829e-03, 5.91133013e-02,
          1.97044332e-02, 1.97044332e-02, 0., 1.97044332e-02,
          1.13300487e-01, 4.43349741e-02, 1.03448272e-01, 9.85221658e-03,
          5.91133013e-02, 4.43349741e-02, 5.91133013e-02, 2.95566507e-02,
          1.97044332e-02, 9.85221658e-03, 1.47783253e-02, 3.44827585e-02,
          1.47783253e-02 ]
      - [ 4.62046228e-02, 4.78547886e-02, 3.13531347e-02, 5.03300354e-02,
          3.54785472e-02, 2.88778879e-02, 4.20792103e-02, 3.54785472e-02,
          4.29042913e-02, 2.80528069e-02, 3.63036320e-02, 7.26072639e-02,
          2.80528069e-02, 9.90099087e-03, 8.25082511e-03, 4.20792103e-02,
          3.79537977e-02, 2.31023114e-02, 2.80528069e-02, 3.87788787e-02,
          6.60066009e-02, 2.80528069e-02, 1.12211227e-01, 2.64026411e-02,
          5.36303632e-02 ]
      - [ 2.74231676e-02, 4.96453904e-02, 3.12056728e-02, 4.06619385e-02,
          2.03309692e-02, 6.80851042e-02, 4.34988178e-02, 3.30969281e-02,
          1.56028364e-02, 2.64775418e-02, 7.80141801e-02, 1.01182029e-01,
          2.17494089e-02, 2.03309692e-02, 6.00472800e-02, 4.34988178e-02,
          2.64775418e-02, 2.50591021e-02, 3.59338075e-02, 1.98581554e-02,
          2.36406624e-02, 2.41134744e-02, 6.38297871e-02, 2.97872331e-02,
          7.04491735e-02 ]
      - [ 1.24223605e-02, 4.65838537e-02, 3.10559012e-02, 1.04037270e-01,
          2.48447210e-02, 1.08695654e-02, 3.26086953e-02, 2.79503111e-02,
          2.95031071e-02, 1.70807466e-02, 8.69565234e-02, 6.98757768e-02,
          2.17391308e-02, 2.32919268e-02, 1.08695654e-02, 4.50310558e-02,
          3.10559012e-02, 1.55279506e-02, 2.63975151e-02, 5.27950302e-02,
          3.57142873e-02, 3.57142873e-02, 1.50621116e-01, 4.65838518e-03,
          5.27950302e-02 ]
      - [ 2.77098604e-02, 3.42298262e-02, 3.99347991e-02, 5.62347174e-02,
          3.17848399e-02, 2.93398518e-02, 4.48247753e-02, 3.91198024e-02,
          3.17848399e-02, 2.68948656e-02, 7.41646290e-02, 7.17196390e-02,
          2.60798689e-02, 5.70497150e-03, 2.28198860e-02, 5.05297445e-02,
          3.99347991e-02, 2.11898927e-02, 3.42298262e-02, 3.09698451e-02,
          4.15647924e-02, 6.03096969e-02, 1.10024445e-01, 2.11898927e-02,
          2.77098604e-02 ]
      - [ 2.81690136e-02, 1.40845068e-02, 5.63380271e-02, 2.81690136e-02,
          7.04225339e-03, 2.11267602e-02, 1.40845068e-02, 7.04225339e-03,
          7.04225339e-03, 7.04225339e-03, 1.40845068e-02, 2.67605633e-01,
          4.92957756e-02, 2.11267602e-02, 1.19718306e-01, 2.11267602e-02,
          2.81690136e-02, 3.52112651e-02, 7.04225339e-03, 1.12676054e-01,
          4.92957756e-02, 7.04225339e-03, 4.22535203e-02, 7.04225339e-03,
          2.81690136e-02 ]
      - [ 3.55029590e-02, 3.18047330e-02, 3.55029590e-02, 2.81065088e-02,
          1.47928996e-02, 3.25443782e-02, 4.28994074e-02, 3.18047330e-02,
          1.40532544e-02, 3.55029590e-02, 1.16863906e-01, 7.02662766e-02,
          1.55325448e-02, 8.13609455e-03, 1.03550293e-02, 5.25147952e-02,
          3.40236686e-02, 3.69822495e-02, 2.66272202e-02, 1.33136101e-02,
          4.58579883e-02, 2.81065088e-02, 1.16863906e-01, 2.36686394e-02,
          9.83727798e-02 ]
      - [ 2.39583347e-02, 3.95833366e-02, 2.91666687e-02, 2.81250011e-02,
          1.04166670e-02, 5.00000045e-02, 4.68750037e-02, 3.64583358e-02,
          1.87500007e-02, 1.77083351e-02, 1.08333342e-01, 8.22916701e-02,
          1.77083351e-02, 8.33333377e-03, 2.91666687e-02, 4.68750037e-02,
          3.33333351e-02, 3.95833366e-02, 3.43750007e-02, 3.43750007e-02,
          2.91666687e-02, 2.39583347e-02, 8.22916701e-02, 2.50000022e-02,
          1.04166672e-01 ]
      - [ 2.59740259e-02, 4.77360487e-02, 3.15900296e-02, 5.19480519e-02,
          1.75500177e-02, 4.35240418e-02, 3.36960331e-02, 2.70270258e-02,
          1.96560193e-02, 1.93050187e-02, 9.23130885e-02, 1.34784132e-01,
          1.71990171e-02, 7.37100746e-03, 2.98350286e-02, 3.12390309e-02,
          2.56230254e-02, 1.57950148e-02, 2.87820287e-02, 2.21130215e-02,
          4.28220406e-02, 2.17620209e-02, 1.32678136e-01, 1.96560193e-02,
          6.00210577e-02 ]
      - [ 5.03330864e-02, 5.55144325e-02, 2.88675036e-02, 3.70096229e-02,
          2.22057719e-02, 1.85048115e-02, 5.18134683e-02, 3.25684659e-02,
          2.59067342e-02, 2.44263504e-02, 3.40488516e-02, 8.88230875e-02,
          1.55440411e-02, 3.47890444e-02, 2.29459647e-02, 5.32938540e-02,
          2.73871198e-02, 4.44115438e-02, 2.66469270e-02, 1.92450024e-02,
          4.29311618e-02, 2.36861575e-02, 1.19911171e-01, 3.40488516e-02,
          6.51369318e-02 ]
      - [ 1.72744710e-02, 9.40499008e-02, 5.18234149e-02, 6.90978840e-02,
          3.64683308e-02, 1.91938574e-03, 5.18234149e-02, 1.53550860e-02,
          1.15163140e-02, 2.68714000e-02, 3.83877158e-02, 1.03646830e-01,
          1.34357000e-02, 5.75815700e-03, 1.91938579e-02, 4.60652560e-02,
          5.56621850e-02, 4.60652560e-02, 2.68714000e-02, 2.49520149e-02,
          4.79846448e-02, 1.72744710e-02, 1.36276394e-01, 2.68714000e-02,
          1.53550860e-02 ]
      - [ 3.35753188e-02, 5.71687855e-02, 4.17422876e-02, 3.81125212e-02,
          1.63339376e-02, 6.98729604e-02, 2.72232313e-02, 3.17604356e-02,
          1.54264970e-02, 2.26860251e-02, 5.26315793e-02, 1.17967330e-01,
          2.72232313e-02, 2.63157897e-02, 4.44646105e-02, 2.90381126e-02,
          4.71869335e-02, 2.90381126e-02, 2.45009083e-02, 3.35753188e-02,
          5.17241396e-02, 1.36116156e-02, 9.25589874e-02, 2.54083481e-02,
          3.08529940e-02 ]
      - [ 1.51515156e-02, 3.78787890e-02, 3.78787890e-02, 3.03030312e-02,
          3.03030312e-02, 0., 4.54545468e-02, 1.51515156e-02,
          3.03030312e-02, 0., 0., 1.89393938e-01, 0., 0., 0.,
          3.03030312e-02, 3.78787890e-02, 1.51515156e-02, 3.03030312e-02,
          3.03030312e-02, 3.78787890e-02, 2.27272734e-02, 3.40909094e-01,
          7.57575780e-03, 1.51515156e-02 ]
      - [ 1.01781171e-02, 3.56234089e-02, 4.83460575e-02, 2.03562342e-02,
          2.79898215e-02, 0., 5.34351133e-02, 2.54452936e-02,
          3.81679386e-02, 5.08905854e-03, 4.83460575e-02, 1.67938933e-01,
          1.01781171e-02, 7.63358781e-03, 7.63358781e-03, 5.34351133e-02,
          6.87022880e-02, 2.79898215e-02, 2.03562342e-02, 5.85241728e-02,
          7.88804069e-02, 3.81679386e-02, 1.29770994e-01, 7.63358781e-03,
          1.01781171e-02 ]
      - [ 2.26190481e-02, 1.15476198e-01, 3.69047634e-02, 6.54761940e-02,
          1.54761914e-02, 1.54761914e-02, 5.11904769e-02, 3.33333351e-02,
          1.78571437e-02, 3.45238112e-02, 3.21428590e-02, 9.88095254e-02,
          1.42857153e-02, 8.33333377e-03, 1.78571437e-02, 5.35714291e-02,
          2.85714306e-02, 2.61904765e-02, 2.26190481e-02, 3.09523828e-02,
          5.23809530e-02, 2.38095243e-02, 1.39285713e-01, 2.38095243e-02,
          1.90476198e-02 ]
      - [ 4.63917516e-02, 1.03092780e-02, 5.67010306e-02, 2.57731955e-02,
          2.57731955e-02, 5.15463902e-03, 6.18556663e-02, 3.09278332e-02,
          2.06185561e-02, 1.03092780e-02, 3.60824727e-02, 9.79381427e-02,
          5.15463902e-03, 2.57731955e-02, 5.15463902e-03, 5.67010306e-02,
          7.73195848e-02, 4.63917516e-02, 2.57731955e-02, 4.63917516e-02,
          4.12371121e-02, 2.06185561e-02, 1.90721646e-01, 2.06185561e-02,
          1.03092780e-02 ]
      - [ 3.59712238e-03, 1.25899285e-01, 4.31654677e-02, 1.07913669e-02,
          1.79856122e-02, 3.59712238e-03, 6.83453232e-02, 2.15827338e-02,
          2.51798574e-02, 1.79856122e-02, 3.23741026e-02, 1.04316548e-01,
          3.59712238e-03, 3.59712238e-03, 3.59712238e-03, 5.75539581e-02,
          5.75539581e-02, 1.79856122e-02, 2.51798574e-02, 6.11510798e-02,
          5.39568365e-02, 1.43884895e-02, 2.19424471e-01, 7.19424477e-03,
          0. ]
      - [ 1.04438644e-02, 2.61096619e-02, 4.43864241e-02, 2.61096619e-02,
          3.13315913e-02, 5.22193220e-03, 4.96083573e-02, 5.22193238e-02,
          1.04438644e-02, 2.87206266e-02, 6.52741492e-02, 1.14882506e-01,
          2.61096610e-03, 1.30548310e-02, 5.22193220e-03, 4.69973907e-02,
          4.96083573e-02, 4.69973907e-02, 5.22193238e-02, 4.69973907e-02,
          5.48302867e-02, 2.87206266e-02, 1.46214098e-01, 1.82767622e-02,
          2.34986953e-02 ]
      - [ 3.53356898e-02, 3.41578349e-02, 3.29799764e-02, 2.82685533e-02,
          2.82685533e-02, 2.12014150e-02, 6.00706749e-02, 4.12249714e-02,
          3.76914032e-02, 2.47349832e-02, 5.06478213e-02, 8.24499428e-02,
          1.29564200e-02, 2.23792698e-02, 1.06007075e-02, 4.12249714e-02,
          3.53356898e-02, 2.35571265e-02, 2.94464082e-02, 4.24028300e-02,
          3.18021215e-02, 3.06242649e-02, 1.54299185e-01, 2.23792698e-02,
          6.59599528e-02 ]
      - [ 3.67924534e-02, 5.47169819e-02, 3.39622647e-02, 4.62264158e-02,
          2.16981135e-02, 2.35849060e-02, 5.28301895e-02, 3.30188684e-02,
          2.45283023e-02, 4.15094346e-02, 5.37735857e-02, 8.86792466e-02,
          1.69811323e-02, 3.77358496e-03, 2.16981135e-02, 4.52830195e-02,
          3.58490571e-02, 2.92452835e-02, 4.33962271e-02, 3.11320759e-02,
          3.58490571e-02, 2.92452835e-02, 1.45283014e-01, 2.45283023e-02,
          2.64150947e-02 ]
      - [ 2.80000009e-02, 2.80000009e-02, 2.40000002e-02, 2.00000014e-02,
          3.20000015e-02, 0., 6.40000030e-02, 2.40000002e-02,
          2.40000002e-02, 0., 3.20000015e-02, 1.12000003e-01, 0.,
          8.00000038e-03, 0., 7.20000044e-02, 4.80000004e-02,
          3.20000015e-02, 4.00000028e-02, 6.00000024e-02, 5.20000011e-02,
          3.20000015e-02, 2.24000007e-01, 2.80000009e-02, 1.60000008e-02 ]
      - [ 1.73410401e-02, 2.89017335e-02, 5.20231202e-02, 5.78034669e-03,
          3.46820801e-02, 0., 3.46820801e-02, 1.15606934e-02,
          4.04624268e-02, 5.78034669e-03, 0., 2.89017320e-01, 0., 0., 0.,
          3.46820801e-02, 4.04624268e-02, 3.46820801e-02, 1.73410401e-02,
          8.67052004e-02, 4.04624268e-02, 0., 1.79190755e-01,
          3.46820801e-02, 1.15606934e-02 ]
      - [ 1.80722885e-02, 6.02409616e-03, 4.21686731e-02, 1.20481923e-02,
          3.61445770e-02, 6.02409616e-03, 4.81927693e-02, 2.40963846e-02,
          2.40963846e-02, 0., 6.02409616e-03, 1.86746985e-01,
          6.02409616e-03, 0., 0., 1.80722885e-02, 9.03614461e-02,
          6.02409616e-03, 1.20481923e-02, 1.02409631e-01, 5.42168655e-02,
          6.62650615e-02, 2.28915662e-01, 6.02409616e-03, 0. ]
      - [ 1.46520147e-02, 6.41025677e-02, 4.57875468e-02, 5.67765571e-02,
          3.29670347e-02, 4.02930416e-02, 1.83150191e-02, 1.83150191e-02,
          5.49450554e-02, 1.28205130e-02, 1.83150191e-02, 1.42857149e-01,
          1.64835174e-02, 1.64835174e-02, 5.31135537e-02, 2.01465208e-02,
          5.49450554e-02, 1.83150191e-02, 2.01465208e-02, 5.49450554e-02,
          6.41025677e-02, 1.83150191e-02, 1.08058609e-01, 1.83150191e-02,
          1.64835174e-02 ]
      - [ 2.52976194e-02, 4.76190485e-02, 2.97619049e-02, 2.82738097e-02,
          1.63690485e-02, 1.19047621e-02, 6.39880970e-02, 2.52976194e-02,
          3.27380970e-02, 3.12500000e-02, 9.97023806e-02, 7.44047612e-02,
          1.48809524e-02, 7.44047621e-03, 0., 6.25000000e-02,
          4.31547612e-02, 2.38095243e-02, 3.12500000e-02, 2.67857146e-02,
          5.65476194e-02, 2.67857146e-02, 1.69642866e-01, 2.08333340e-02,
          2.97619049e-02 ]
      - [ 3.95480245e-02, 4.29378524e-02, 2.82485876e-02, 1.80790965e-02,
          2.03389842e-02, 9.03954823e-03, 7.11864457e-02, 3.72881368e-02,
          1.69491526e-02, 2.93785315e-02, 7.57062137e-02, 9.94350314e-02,
          1.12994350e-02, 1.01694921e-02, 5.64971752e-03, 6.10169508e-02,
          4.51977402e-02, 2.25988701e-02, 3.16384174e-02, 2.59887017e-02,
          3.84180807e-02, 3.72881368e-02, 1.66101694e-01, 1.46892658e-02,
          4.18079123e-02 ]
      - [ 4.06779647e-02, 2.37288140e-02, 5.42372875e-02, 2.03389823e-02,
          3.38983051e-02, 1.01694912e-02, 3.38983051e-02, 4.74576280e-02,
          2.37288140e-02, 1.01694912e-02, 4.40677963e-02, 5.76271191e-02,
          2.71186437e-02, 6.77966094e-03, 0., 3.05084735e-02,
          8.81355926e-02, 1.69491526e-02, 3.38983051e-02, 6.10169470e-02,
          6.10169470e-02, 7.45762736e-02, 1.66101694e-01, 1.69491526e-02,
          1.69491526e-02 ]
      - [ 3.43750007e-02, 8.12500045e-02, 3.43750007e-02, 2.81250011e-02,
          2.65625007e-02, 3.12500005e-03, 5.00000007e-02, 3.28125022e-02,
          2.65625007e-02, 2.03125011e-02, 1.25000000e-01, 4.06250022e-02,
          9.37500037e-03, 6.25000009e-03, 1.40625006e-02, 7.65625015e-02,
          3.12500000e-02, 3.90625000e-02, 3.43750007e-02, 2.81250011e-02,
          3.90625000e-02, 3.43750007e-02, 9.21875015e-02, 3.12500000e-02,
          6.09375015e-02 ]
      - [ 3.01204808e-02, 9.03614424e-03, 5.12048155e-02, 2.40963846e-02,
          3.31325307e-02, 0., 6.32530078e-02, 4.81927693e-02,
          3.31325307e-02, 3.01204808e-02, 2.71084327e-02, 9.03614461e-02,
          1.20481923e-02, 9.03614424e-03, 0., 6.92771077e-02,
          4.81927693e-02, 2.71084327e-02, 6.32530078e-02, 9.03614461e-02,
          3.91566232e-02, 3.91566232e-02, 1.17469877e-01, 2.40963846e-02,
          2.10843366e-02 ]
      - [ 3.12500000e-02, 2.81250011e-02, 4.37499993e-02, 1.56250000e-02,
          3.43750007e-02, 0., 6.25000000e-02, 2.50000004e-02,
          5.31250015e-02, 2.50000004e-02, 2.81250011e-02, 8.74999985e-02,
          1.87500007e-02, 6.25000009e-03, 1.25000002e-02, 5.62500022e-02,
          6.87500015e-02, 3.75000015e-02, 2.18749996e-02, 4.68750000e-02,
          9.06250030e-02, 3.12500000e-02, 1.40625000e-01, 1.87500007e-02,
          1.56250000e-02 ]
      - [ 4.31472063e-02, 1.77664980e-02, 4.31472063e-02, 3.29949223e-02,
          1.52284261e-02, 1.77664980e-02, 4.06091362e-02, 3.29949223e-02,
          1.52284261e-02, 4.56852764e-02, 5.07614203e-02, 1.24365479e-01,
          1.77664980e-02, 1.26903551e-02, 2.03045681e-02, 5.58375642e-02,
          4.31472063e-02, 3.80710661e-02, 2.03045681e-02, 2.79187821e-02,
          4.82233502e-02, 2.53807101e-02, 1.19289339e-01, 4.06091362e-02,
          5.07614203e-02 ]
      - [ 1.85185187e-02, 1.85185187e-02, 4.32098769e-02, 2.46913582e-02,
          6.17283955e-02, 6.17283955e-03, 6.17283955e-03, 6.17283955e-03,
          3.08641978e-02, 1.85185187e-02, 0., 1.85185194e-01,
          1.85185187e-02, 6.17283955e-03, 6.17283955e-03, 1.85185187e-02,
          8.02469105e-02, 0., 1.85185187e-02, 7.40740746e-02,
          5.55555560e-02, 8.64197537e-02, 1.97530866e-01, 1.85185187e-02,
          0. ]
      - [ 3.73134320e-03, 4.47761193e-02, 6.34328350e-02, 2.98507456e-02,
          1.11940298e-02, 0., 4.85074632e-02, 1.49253728e-02,
          2.23880596e-02, 0., 3.35820876e-02, 1.64179102e-01,
          7.46268639e-03, 7.46268639e-03, 0., 3.35820876e-02,
          6.34328350e-02, 3.73134315e-02, 2.23880596e-02, 5.59701473e-02,
          7.08955228e-02, 2.98507456e-02, 1.90298498e-01, 2.61194017e-02,
          1.86567158e-02 ]
      - [ 2.08333340e-02, 1.04166670e-02, 5.72916679e-02, 3.64583358e-02,
          3.12500000e-02, 5.20833349e-03, 7.29166716e-02, 2.60416679e-02,
          1.56250000e-02, 5.20833349e-03, 3.64583358e-02, 1.35416672e-01,
          1.56250000e-02, 1.04166670e-02, 5.20833349e-03, 4.16666679e-02,
          3.12500000e-02, 3.12500000e-02, 2.08333340e-02, 3.12500000e-02,
          5.20833358e-02, 2.08333340e-02, 2.55208343e-01, 2.08333340e-02,
          1.04166670e-02 ]
      - [ 3.76344100e-02, 5.37634408e-03, 4.83870953e-02, 7.52688199e-02,
          2.68817209e-02, 4.83870953e-02, 3.22580636e-02, 3.76344100e-02,
          1.61290318e-02, 1.61290318e-02, 2.68817209e-02, 9.67741907e-02,
          2.15053763e-02, 1.07526882e-02, 2.68817209e-02, 4.30107526e-02,
          5.91397844e-02, 2.15053763e-02, 3.76344100e-02, 5.37634417e-02,
          6.98924735e-02, 2.15053763e-02, 1.23655915e-01, 2.68817209e-02,
          1.61290318e-02 ]
      - [ 5.28422743e-02, 5.20416312e-02, 4.00320254e-02, 4.80384305e-02,
          1.68134496e-02, 2.56204959e-02, 5.20416312e-02, 3.60288210e-02,
          1.28102480e-02, 2.64211372e-02, 7.44595677e-02, 9.12730172e-02,
          1.76140908e-02, 1.76140908e-02, 2.48198546e-02, 6.00480363e-02,
          3.60288210e-02, 3.20256203e-02, 3.84307429e-02, 2.08166521e-02,
          3.12249791e-02, 8.00640509e-03, 8.16653296e-02, 2.72217765e-02,
          7.60608464e-02 ]
      - [ 2.00000014e-02, 1.20000001e-02, 5.20000011e-02, 2.00000014e-02,
          2.40000002e-02, 0., 9.20000076e-02, 1.60000008e-02,
          4.00000028e-02, 8.00000038e-03, 2.40000002e-02, 1.48000002e-01,
          8.00000038e-03, 4.00000019e-03, 8.00000038e-03, 5.60000017e-02,
          7.60000050e-02, 2.00000014e-02, 2.00000014e-02, 7.20000044e-02,
          4.80000004e-02, 5.20000011e-02, 1.64000005e-01, 8.00000038e-03,
          8.00000038e-03 ]
      - [ 2.60416679e-02, 3.12500000e-02, 3.64583358e-02, 4.16666679e-02,
          3.64583358e-02, 1.56250000e-02, 8.07291716e-02, 2.86458340e-02,
          3.38541679e-02, 3.38541679e-02, 4.16666679e-02, 7.03125000e-02,
          7.81250000e-03, 7.81250000e-03, 2.60416674e-03, 7.03125000e-02,
          2.86458340e-02, 2.34375000e-02, 1.56250000e-02, 5.72916679e-02,
          5.46875000e-02, 3.12500000e-02, 1.87500000e-01, 1.04166670e-02,
          2.60416679e-02 ]
      - [ 3.53982300e-02, 2.21238937e-02, 7.07964599e-02, 8.84955749e-03,
          2.21238937e-02, 0., 5.30973449e-02, 2.21238937e-02,
          4.86725643e-02, 8.84955749e-03, 3.09734512e-02, 8.40707943e-02,
          8.84955749e-03, 4.42477874e-03, 0., 8.84955749e-02,
          7.96460211e-02, 4.86725643e-02, 8.84955749e-03, 4.42477874e-02,
          4.86725643e-02, 2.21238937e-02, 1.99115038e-01, 3.09734512e-02,
          8.84955749e-03 ]
      - [ 2.77098604e-02, 3.42298262e-02, 3.99347991e-02, 5.62347174e-02,
          3.17848399e-02, 2.93398518e-02, 4.48247753e-02, 3.91198024e-02,
          3.17848399e-02, 2.68948656e-02, 7.41646290e-02, 7.17196390e-02,
          2.60798689e-02, 5.70497150e-03, 2.28198860e-02, 5.05297445e-02,
          3.99347991e-02, 2.11898927e-02, 3.42298262e-02, 3.09698451e-02,
          4.15647924e-02, 6.03096969e-02, 1.10024445e-01, 2.11898927e-02,
          2.77098604e-02 ]
      - [ 8.06451589e-03, 3.22580636e-02, 4.43548374e-02, 3.22580636e-02,
          2.82258056e-02, 0., 6.04838692e-02, 2.82258056e-02,
          4.43548374e-02, 8.06451589e-03, 2.41935477e-02, 1.16935477e-01,
          1.20967738e-02, 1.20967738e-02, 0., 3.22580636e-02,
          5.24193533e-02, 2.41935477e-02, 2.41935477e-02, 4.83870953e-02,
          4.03225794e-02, 4.83870953e-02, 2.29838699e-01, 2.82258056e-02,
          2.01612897e-02 ]
      - [ 1.11358576e-02, 4.67706025e-02, 4.23162580e-02, 2.44988874e-02,
          5.56792878e-02, 6.68151490e-03, 3.78619172e-02, 3.34075727e-02,
          6.45879731e-02, 1.11358576e-02, 1.11358576e-02, 1.31403118e-01,
          1.55902011e-02, 4.45434311e-03, 2.22717156e-03, 3.78619172e-02,
          6.01336323e-02, 2.44988874e-02, 2.67260596e-02, 8.90868604e-02,
          4.45434302e-02, 2.67260596e-02, 1.64810702e-01, 2.00445447e-02,
          6.68151490e-03 ]
      - [ 2.21187435e-02, 5.47147840e-02, 3.72526199e-02, 1.97904538e-02,
          1.97904538e-02, 1.62980221e-02, 4.88940626e-02, 2.44470313e-02,
          2.44470313e-02, 4.65657748e-02, 9.89522710e-02, 7.91618153e-02,
          5.82072185e-03, 9.31315497e-03, 6.98486622e-03, 4.19091955e-02,
          3.49243321e-02, 2.32828874e-02, 2.32828874e-02, 2.09545977e-02,
          5.47147840e-02, 4.19091955e-02, 1.26891732e-01, 2.32828874e-02,
          9.42956954e-02 ]
      - [ 2.37288140e-02, 1.69491526e-02, 6.10169470e-02, 2.37288140e-02,
          3.38983051e-02, 0., 3.38983051e-02, 2.03389823e-02,
          1.69491526e-02, 1.69491526e-02, 9.15254205e-02, 5.42372875e-02,
          2.03389823e-02, 3.38983047e-03, 0., 4.74576280e-02,
          4.74576280e-02, 1.35593219e-02, 2.37288140e-02, 5.08474559e-02,
          3.38983051e-02, 7.79661015e-02, 2.44067788e-01, 1.69491526e-02,
          2.71186437e-02 ]
      - [ 2.81173605e-02, 2.20048912e-02, 3.54523249e-02, 3.91198061e-02,
          1.83374099e-02, 4.88997577e-03, 4.64547686e-02, 3.05623487e-02,
          3.30073349e-02, 2.07823962e-02, 1.23471886e-01, 9.65770185e-02,
          1.58924218e-02, 1.22249397e-02, 7.33496342e-03, 4.27872874e-02,
          4.15647924e-02, 1.34474337e-02, 2.56723724e-02, 3.91198061e-02,
          3.66748199e-02, 5.50122261e-02, 1.55256733e-01, 1.95599031e-02,
          3.66748199e-02 ]
      - [ 1.46198831e-02, 4.38596494e-02, 2.33918130e-02, 4.97076027e-02,
          1.16959065e-02, 5.26315793e-02, 2.63157897e-02, 5.26315793e-02,
          1.46198831e-02, 4.09356728e-02, 1.05263159e-01, 5.26315793e-02,
          1.75438598e-02, 2.92397663e-02, 5.26315793e-02, 3.21637429e-02,
          3.80116962e-02, 2.33918130e-02, 3.50877196e-02, 2.63157897e-02,
          3.21637429e-02, 2.04678364e-02, 8.77192989e-02, 2.04678364e-02,
          9.64912325e-02 ]
      - [ 8.92857183e-03, 2.23214291e-02, 2.90178582e-02, 3.79464291e-02,
          1.33928582e-02, 1.33928582e-02, 4.24107164e-02, 2.67857164e-02,
          1.56250000e-02, 1.56250000e-02, 8.03571492e-02, 1.27232149e-01,
          1.78571437e-02, 1.33928582e-02, 1.56250000e-02, 5.58035746e-02,
          2.67857164e-02, 6.69642910e-03, 2.00892873e-02, 2.67857164e-02,
          4.24107164e-02, 3.79464291e-02, 1.54017866e-01, 1.56250000e-02,
          1.33928582e-01 ]
      - [ 1.94003526e-02, 3.70370373e-02, 2.29276884e-02, 3.17460299e-02,
          2.29276884e-02, 6.52557313e-02, 3.17460299e-02, 5.99647239e-02,
          2.29276884e-02, 4.23280410e-02, 9.52380896e-02, 3.88007052e-02,
          1.94003526e-02, 1.41093470e-02, 4.58553769e-02, 2.99823619e-02,
          2.82186940e-02, 8.81834142e-03, 5.11463843e-02, 1.76366828e-02,
          4.23280410e-02, 4.76190448e-02, 6.34920597e-02, 1.58730149e-02,
          1.25220448e-01 ]
      - [ 1.34228189e-02, 2.68456377e-02, 2.34899335e-02, 3.02013420e-02,
          2.34899335e-02, 4.36241627e-02, 6.04026839e-02, 4.36241627e-02,
          2.34899335e-02, 4.36241627e-02, 8.05369169e-02, 6.04026839e-02,
          1.34228189e-02, 6.71140943e-03, 1.67785231e-02, 3.35570462e-02,
          2.68456377e-02, 3.02013420e-02, 4.69798669e-02, 9.73154381e-02,
          3.35570462e-02, 5.03355712e-02, 3.35570462e-02, 1.67785231e-02,
          1.20805368e-01 ]
      - [ 2.96610165e-02, 3.81355919e-02, 4.23728814e-03, 8.47457629e-03,
          2.54237279e-02, 2.96610165e-02, 3.38983051e-02, 3.38983051e-02,
          2.96610165e-02, 7.62711838e-02, 1.10169493e-01, 4.23728824e-02,
          8.47457629e-03, 2.96610165e-02, 4.66101691e-02, 3.38983051e-02,
          1.69491526e-02, 3.38983051e-02, 3.38983051e-02, 0.,
          1.69491526e-02, 7.62711838e-02, 2.11864412e-02, 2.11864412e-02,
          1.99152544e-01 ]
      - [ 2.72479560e-02, 1.63487736e-02, 3.26975472e-02, 4.35967296e-02,
          3.26975472e-02, 4.90463227e-02, 2.99727507e-02, 5.17711155e-02,
          2.99727507e-02, 5.17711155e-02, 8.99182558e-02, 4.08719331e-02,
          1.36239780e-02, 1.63487736e-02, 2.72479560e-02, 4.08719331e-02,
          2.99727507e-02, 2.72479560e-02, 5.17711155e-02, 4.90463227e-02,
          1.90735683e-02, 3.54223438e-02, 4.90463227e-02, 2.17983648e-02,
          1.22615799e-01 ]
      - [ 5.34759387e-02, 2.67379694e-02, 4.27807495e-02, 5.34759369e-03,
          2.13903747e-02, 2.13903747e-02, 6.41711205e-02, 7.48663098e-02,
          1.06951874e-02, 5.88235296e-02, 9.62566882e-02, 3.20855603e-02,
          5.34759369e-03, 5.34759369e-03, 1.06951874e-02, 5.34759387e-02,
          5.88235296e-02, 0., 8.02139044e-02, 1.06951874e-02,
          1.06951874e-02, 8.02139044e-02, 3.74331549e-02, 2.13903747e-02,
          1.17647059e-01 ]
      - [ 2.93040294e-02, 5.12820520e-02, 2.93040294e-02, 2.93040294e-02,
          2.93040294e-02, 4.76190485e-02, 2.19780225e-02, 3.29670347e-02,
          2.93040294e-02, 8.79120901e-02, 1.09890111e-01, 4.02930416e-02,
          3.66300368e-03, 2.19780225e-02, 3.66300382e-02, 3.29670347e-02,
          3.66300382e-02, 2.19780225e-02, 1.83150191e-02, 2.19780225e-02,
          1.83150191e-02, 5.86080588e-02, 2.19780225e-02, 2.56410260e-02,
          1.42857149e-01 ]
      - [ 2.74725277e-02, 3.02197803e-02, 3.57142873e-02, 1.37362638e-02,
          2.74725277e-02, 2.47252751e-02, 6.59340695e-02, 4.94505502e-02,
          2.74725277e-02, 4.94505502e-02, 8.79120901e-02, 3.84615399e-02,
          1.64835174e-02, 2.47252751e-02, 3.84615399e-02, 4.12087925e-02,
          2.74725277e-02, 1.37362638e-02, 4.67032976e-02, 3.02197803e-02,
          1.37362638e-02, 4.39560451e-02, 6.04395606e-02, 3.02197803e-02,
          1.34615391e-01 ]
      - [ 9.90098994e-03, 3.96039598e-02, 3.96039598e-02, 1.98019799e-02,
          0., 2.97029689e-02, 8.91089067e-02, 5.94059378e-02,
          9.90098994e-03, 9.90098994e-03, 6.93069324e-02, 4.95049506e-02,
          0., 0., 4.95049506e-02, 5.94059378e-02, 3.96039598e-02,
          2.97029689e-02, 3.96039598e-02, 0., 1.98019799e-02,
          6.93069324e-02, 6.93069324e-02, 3.96039598e-02, 1.58415839e-01 ]
      - [ 1.75438598e-02, 1.62280709e-01, 3.07017546e-02, 9.21052620e-02,
          1.31578948e-02, 7.01754391e-02, 3.07017546e-02, 1.31578948e-02,
          1.31578948e-02, 0., 1.31578952e-01, 2.19298247e-02,
          1.31578948e-02, 1.31578948e-02, 3.07017546e-02, 3.07017546e-02,
          8.77192989e-03, 2.63157897e-02, 2.19298247e-02, 2.19298247e-02,
          0., 2.63157897e-02, 6.57894760e-02, 1.75438598e-02,
          1.27192989e-01 ]
      - [ 2.23463681e-02, 2.23463681e-02, 3.35195512e-02, 3.91061455e-02,
          5.58659201e-03, 3.35195512e-02, 5.58659211e-02, 3.91061455e-02,
          1.67597756e-02, 1.11731840e-02, 1.28491610e-01, 3.35195512e-02,
          1.11731840e-02, 5.58659201e-03, 8.37988779e-02, 5.02793267e-02,
          5.02793267e-02, 3.35195512e-02, 2.79329605e-02, 1.67597756e-02,
          3.91061455e-02, 4.46927361e-02, 7.26256967e-02, 2.79329605e-02,
          9.49720666e-02 ]
      - [ 1.20000001e-02, 5.20000011e-02, 1.20000001e-02, 2.40000002e-02,
          8.00000038e-03, 4.00000028e-02, 3.60000022e-02, 3.20000015e-02,
          2.00000014e-02, 5.20000011e-02, 1.00000001e-01, 3.60000022e-02,
          1.20000001e-02, 2.00000014e-02, 3.20000015e-02, 5.20000011e-02,
          2.80000009e-02, 1.60000008e-02, 5.60000017e-02, 2.40000002e-02,
          6.80000037e-02, 1.60000008e-02, 1.28000006e-01, 1.60000008e-02,
          1.08000003e-01 ]
      - [ 3.18181813e-02, 3.63636352e-02, 1.36363637e-02, 2.27272715e-02,
          2.72727273e-02, 4.54545431e-02, 5.45454547e-02, 4.54545431e-02,
          3.63636352e-02, 3.63636352e-02, 8.63636360e-02, 1.81818176e-02,
          9.09090880e-03, 4.54545440e-03, 2.27272715e-02, 4.09090891e-02,
          1.36363637e-02, 2.27272715e-02, 5.90909086e-02, 2.72727273e-02,
          2.27272715e-02, 2.72727273e-02, 8.18181783e-02, 3.63636352e-02,
          1.77272722e-01 ]
      - [ 4.03225794e-03, 4.43548374e-02, 2.82258056e-02, 5.24193533e-02,
          4.43548374e-02, 1.61290318e-02, 4.83870953e-02, 5.24193533e-02,
          3.62903215e-02, 2.82258056e-02, 4.83870953e-02, 8.87096748e-02,
          8.06451589e-03, 1.61290318e-02, 0., 2.82258056e-02,
          4.43548374e-02, 1.61290318e-02, 5.24193533e-02, 2.01612897e-02,
          3.22580636e-02, 1.00806445e-01, 1.00806445e-01, 8.06451589e-03,
          8.06451589e-02 ]
      - [ 1.91846527e-02, 3.59712243e-02, 2.15827338e-02, 3.35731432e-02,
          7.19424477e-03, 7.19424486e-02, 2.39808150e-02, 4.31654677e-02,
          1.91846527e-02, 2.87769791e-02, 1.05515592e-01, 3.59712243e-02,
          3.11750602e-02, 3.11750602e-02, 5.51558770e-02, 1.67865716e-02,
          2.87769791e-02, 3.59712243e-02, 4.31654677e-02, 2.63788980e-02,
          1.67865716e-02, 3.35731432e-02, 6.71462864e-02, 3.11750602e-02,
          1.36690646e-01 ]
      - [ 3.17460336e-02, 1.19047631e-02, 2.38095261e-02, 1.98412705e-02,
          2.38095261e-02, 3.96825410e-02, 3.17460336e-02, 6.74603209e-02,
          2.77777798e-02, 3.96825410e-02, 7.53968284e-02, 5.95238134e-02,
          1.98412705e-02, 1.19047631e-02, 1.58730168e-02, 5.55555597e-02,
          4.36507948e-02, 1.98412705e-02, 3.57142873e-02, 2.38095261e-02,
          5.95238134e-02, 5.55555597e-02, 9.12698433e-02, 1.98412705e-02,
          9.52381045e-02 ]
      - [ 6.80272095e-03, 9.52380896e-02, 3.40136066e-02, 2.04081628e-02,
          2.72108838e-02, 4.08163257e-02, 5.44217676e-02, 2.72108838e-02,
          4.08163257e-02, 4.08163257e-02, 1.56462580e-01, 4.08163257e-02,
          2.04081628e-02, 0., 1.36054419e-02, 4.08163257e-02,
          4.76190448e-02, 6.80272095e-03, 2.04081628e-02, 2.04081628e-02,
          2.72108838e-02, 5.44217676e-02, 2.72108838e-02, 2.04081628e-02,
          1.15646258e-01 ]
      - [ 2.66666673e-02, 1.90476179e-02, 3.04761901e-02, 3.80952358e-02,
          2.09523812e-02, 3.61904763e-02, 2.85714287e-02, 5.14285713e-02,
          2.28571426e-02, 4.95238081e-02, 1.10476188e-01, 6.09523803e-02,
          5.71428565e-03, 1.52380951e-02, 4.38095219e-02, 2.28571426e-02,
          2.85714287e-02, 1.33333337e-02, 3.04761901e-02, 1.71428565e-02,
          4.19047624e-02, 6.47619069e-02, 6.47619069e-02, 2.28571426e-02,
          1.33333325e-01 ]
      - [ 3.12500000e-02, 1.04166670e-02, 6.25000000e-02, 0., 0.,
          5.20833358e-02, 5.20833358e-02, 5.20833358e-02, 0.,
          1.04166670e-02, 1.97916672e-01, 2.08333340e-02, 0.,
          3.12500000e-02, 1.04166670e-02, 4.16666679e-02, 0.,
          2.08333340e-02, 3.12500000e-02, 0., 2.08333340e-02,
          6.25000000e-02, 2.08333340e-02, 2.08333340e-02, 2.50000000e-01 ]
      - [ 2.03389823e-02, 2.03389823e-02, 4.06779647e-02, 1.69491526e-02,
          2.71186437e-02, 3.72881368e-02, 4.74576280e-02, 6.44067824e-02,
          2.37288140e-02, 2.71186437e-02, 8.81355926e-02, 6.10169470e-02,
          1.35593219e-02, 1.69491526e-02, 3.38983051e-02, 3.72881368e-02,
          2.37288140e-02, 1.35593219e-02, 4.06779647e-02, 1.35593219e-02,
          3.05084735e-02, 8.47457647e-02, 6.77966103e-02, 3.05084735e-02,
          1.18644066e-01 ]
      - [ 2.79329605e-02, 3.07262558e-02, 4.46927361e-02, 2.79329605e-02,
          4.46927361e-02, 1.95530728e-02, 3.35195512e-02, 3.35195512e-02,
          3.91061455e-02, 5.30726239e-02, 6.14525117e-02, 8.37988779e-02,
          5.58659201e-03, 1.67597756e-02, 2.79329605e-02, 5.30726239e-02,
          4.46927361e-02, 5.58659201e-03, 3.91061455e-02, 5.30726239e-02,
          4.46927361e-02, 2.79329605e-02, 9.49720666e-02, 8.37988779e-03,
          7.82122910e-02 ]
      - [ 1.98675506e-02, 2.98013240e-02, 3.97351012e-02, 1.32450331e-02,
          1.32450331e-02, 4.30463590e-02, 5.62913902e-02, 3.31125818e-02,
          2.31788084e-02, 3.97351012e-02, 6.95364252e-02, 4.30463590e-02,
          1.98675506e-02, 1.98675506e-02, 3.97351012e-02, 6.95364252e-02,
          4.63576168e-02, 2.98013240e-02, 2.31788084e-02, 2.64900662e-02,
          1.98675506e-02, 2.98013240e-02, 1.35761589e-01, 3.31125818e-02,
          8.27814564e-02 ]
      - [ 2.06422005e-02, 5.04587144e-02, 4.58715558e-02, 5.96330240e-02,
          2.75229346e-02, 2.98165120e-02, 3.89908254e-02, 3.66972461e-02,
          2.98165120e-02, 5.73394485e-02, 7.79816508e-02, 4.35779803e-02,
          1.37614673e-02, 2.52293572e-02, 2.98165120e-02, 3.44036669e-02,
          2.98165120e-02, 2.52293572e-02, 3.44036669e-02, 2.52293572e-02,
          3.44036669e-02, 2.29357779e-02, 6.19266033e-02, 2.75229346e-02,
          1.16972469e-01 ]
      - [ 1.80000011e-02, 4.80000004e-02, 2.80000009e-02, 5.20000011e-02,
          2.00000014e-02, 6.20000027e-02, 3.60000022e-02, 1.80000011e-02,
          2.80000009e-02, 1.40000004e-02, 5.20000011e-02, 1.68000013e-01,
          2.00000014e-02, 1.00000007e-02, 9.00000036e-02, 1.80000011e-02,
          1.80000011e-02, 1.60000008e-02, 2.00000014e-02, 2.20000017e-02,
          4.80000004e-02, 1.80000011e-02, 9.60000008e-02, 1.20000001e-02,
          6.80000037e-02 ]
      - [ 1.60427801e-02, 2.67379694e-02, 3.74331549e-02, 2.67379694e-02,
          3.74331549e-02, 1.06951874e-02, 3.20855603e-02, 5.88235296e-02,
          2.13903747e-02, 3.20855603e-02, 1.06951877e-01, 3.74331549e-02,
          1.60427801e-02, 0., 2.13903747e-02, 3.74331549e-02,
          4.81283441e-02, 1.06951874e-02, 3.20855603e-02, 1.06951874e-02,
          5.34759387e-02, 6.41711205e-02, 6.41711205e-02, 2.67379694e-02,
          1.71122998e-01 ]
      - [ 3.64583358e-02, 1.56250000e-02, 1.56250000e-02, 3.12500000e-02,
          2.08333340e-02, 6.25000000e-02, 2.60416679e-02, 2.60416679e-02,
          1.56250000e-02, 3.12500000e-02, 9.37500000e-02, 9.37500000e-02,
          1.56250000e-02, 1.04166670e-02, 5.20833358e-02, 4.16666679e-02,
          1.56250000e-02, 2.08333340e-02, 4.16666679e-02, 2.60416679e-02,
          4.16666679e-02, 2.60416679e-02, 1.14583336e-01, 5.20833349e-03,
          1.19791672e-01 ]
      - [ 8.15217383e-03, 2.98913047e-02, 3.26086953e-02, 5.97826093e-02,
          1.63043477e-02, 5.16304374e-02, 2.44565215e-02, 7.06521720e-02,
          8.15217383e-03, 3.80434804e-02, 1.14130437e-01, 8.15217420e-02,
          2.71739140e-02, 1.08695654e-02, 4.07608710e-02, 2.17391308e-02,
          3.80434804e-02, 1.35869570e-02, 5.70652187e-02, 1.63043477e-02,
          2.98913047e-02, 3.80434804e-02, 7.88043514e-02, 8.15217383e-03,
          8.42391327e-02 ]
      - [ 4.20560725e-02, 1.40186911e-02, 3.27102803e-02, 4.67289686e-02,
          3.73831764e-02, 9.34579410e-03, 4.67289686e-02, 4.20560725e-02,
          1.40186911e-02, 5.14018685e-02, 1.21495321e-01, 1.86915882e-02,
          2.80373823e-02, 1.40186911e-02, 2.33644843e-02, 3.73831764e-02,
          2.33644843e-02, 2.33644843e-02, 6.07476607e-02, 1.86915882e-02,
          2.33644843e-02, 6.54205605e-02, 9.81308371e-02, 1.86915882e-02,
          8.87850448e-02 ]
      - [ 1.38121555e-02, 6.35359138e-02, 2.76243109e-02, 6.35359138e-02,
          1.65745858e-02, 3.59116048e-02, 4.69613262e-02, 5.24861887e-02,
          1.93370171e-02, 4.14364673e-02, 8.28729346e-02, 6.90607727e-02,
          1.65745858e-02, 1.65745858e-02, 6.07734844e-02, 2.76243109e-02,
          2.20994484e-02, 2.20994484e-02, 3.03867422e-02, 1.93370171e-02,
          1.93370171e-02, 3.59116048e-02, 7.18232095e-02, 2.48618796e-02,
          9.94475186e-02 ]
      - [ 6.32911408e-03, 2.53164563e-02, 4.43037972e-02, 1.89873427e-02,
          1.26582282e-02, 5.69620281e-02, 3.16455700e-02, 2.53164563e-02,
          2.53164563e-02, 3.79746854e-02, 1.45569623e-01, 3.79746854e-02,
          2.53164563e-02, 6.32911408e-03, 3.16455700e-02, 3.79746854e-02,
          3.79746854e-02, 3.16455700e-02, 0., 6.32911408e-03,
          3.79746854e-02, 8.86075944e-02, 5.69620281e-02, 3.16455700e-02,
          1.39240503e-01 ]
      - [ 1.46341464e-02, 3.90243903e-02, 3.41463424e-02, 2.43902430e-02,
          9.75609757e-03, 6.82926849e-02, 2.92682927e-02, 3.90243903e-02,
          1.46341464e-02, 2.92682927e-02, 1.85365856e-01, 1.95121951e-02,
          1.95121951e-02, 1.95121951e-02, 5.36585376e-02, 2.92682927e-02,
          4.39024381e-02, 2.92682927e-02, 4.39024381e-02, 0.,
          2.43902430e-02, 3.90243903e-02, 3.90243903e-02, 1.95121951e-02,
          1.31707311e-01 ]
      - [ 2.19780225e-02, 2.93040294e-02, 4.76190485e-02, 5.86080588e-02,
          1.83150191e-02, 5.12820520e-02, 2.56410260e-02, 6.95970729e-02,
          7.32600736e-03, 1.09890113e-02, 5.86080588e-02, 8.05860832e-02,
          7.32600736e-03, 1.09890113e-02, 4.39560451e-02, 2.56410260e-02,
          2.19780225e-02, 1.83150191e-02, 7.32600763e-02, 2.93040294e-02,
          1.83150191e-02, 6.22710623e-02, 8.79120901e-02, 1.83150191e-02,
          1.02564104e-01 ]
      - [ 2.50000022e-02, 5.00000045e-02, 1.66666675e-02, 4.16666679e-02,
          2.50000022e-02, 6.66666701e-02, 1.66666675e-02, 6.66666701e-02,
          2.50000022e-02, 5.00000045e-02, 1.91666678e-01, 2.50000022e-02,
          8.33333377e-03, 8.33333377e-03, 5.00000045e-02, 1.66666675e-02,
          2.50000022e-02, 2.50000022e-02, 5.83333373e-02, 8.33333377e-03,
          0., 1.66666675e-02, 5.83333373e-02, 2.50000022e-02,
          1.00000009e-01 ]
      - [ 1.52439019e-02, 3.35365832e-02, 3.20121944e-02, 4.57317047e-02,
          1.67682916e-02, 3.65853645e-02, 3.04878037e-02, 3.81097533e-02,
          3.04878037e-02, 3.35365832e-02, 5.79268262e-02, 1.31097555e-01,
          9.14634112e-03, 4.57317056e-03, 5.64024374e-02, 1.98170729e-02,
          1.98170729e-02, 1.82926822e-02, 3.20121944e-02, 4.42073159e-02,
          4.42073159e-02, 3.81097533e-02, 7.62195066e-02, 1.98170729e-02,
          1.15853652e-01 ]
      - [ 3.22580636e-02, 2.79569905e-02, 2.79569905e-02, 3.44086029e-02,
          4.08602171e-02, 3.44086029e-02, 3.01075280e-02, 3.22580636e-02,
          3.22580636e-02, 5.80645166e-02, 1.18279569e-01, 2.58064531e-02,
          6.45161327e-03, 1.29032265e-02, 3.87096778e-02, 1.93548389e-02,
          3.65591422e-02, 2.58064531e-02, 5.16129062e-02, 3.44086029e-02,
          3.01075280e-02, 4.94623668e-02, 4.30107526e-02, 2.79569905e-02,
          1.29032254e-01 ]
      - [ 2.32108328e-02, 5.02901375e-02, 4.25531939e-02, 7.15667307e-02,
          2.32108328e-02, 3.86847220e-02, 2.70793047e-02, 3.86847220e-02,
          2.32108328e-02, 2.12765969e-02, 7.15667307e-02, 6.76982626e-02,
          3.48162502e-02, 4.06189561e-02, 2.90135406e-02, 3.67504843e-02,
          3.67504843e-02, 4.06189561e-02, 2.70793047e-02, 1.16054164e-02,
          2.51450688e-02, 2.12765969e-02, 1.17988400e-01, 2.90135406e-02,
          5.02901375e-02 ]
      - [ 2.88461540e-02, 2.88461540e-02, 1.92307699e-02, 5.12820520e-02,
          2.88461540e-02, 3.52564119e-02, 3.52564119e-02, 5.12820520e-02,
          2.88461540e-02, 4.80769239e-02, 6.73076957e-02, 2.56410260e-02,
          6.41025649e-03, 1.92307699e-02, 1.92307699e-02, 5.76923080e-02,
          2.24358980e-02, 1.92307699e-02, 4.80769239e-02, 1.60256419e-02,
          3.52564119e-02, 4.48717959e-02, 8.33333358e-02, 2.24358980e-02,
          1.57051280e-01 ]
      - [ 1.31004369e-02, 3.49344984e-02, 3.71179059e-02, 1.74672492e-02,
          2.18340605e-02, 7.42358118e-02, 3.71179059e-02, 5.89519665e-02,
          2.40174681e-02, 3.71179059e-02, 1.13537118e-01, 3.93013097e-02,
          2.18340605e-02, 1.96506549e-02, 4.36681211e-02, 3.49344984e-02,
          3.05676870e-02, 1.74672492e-02, 4.80349362e-02, 3.05676870e-02,
          3.05676870e-02, 2.83842795e-02, 5.02183400e-02, 3.05676870e-02,
          1.04803495e-01 ]
      - [ 1.97530873e-02, 2.71604955e-02, 5.92592619e-02, 2.71604955e-02,
          3.20987664e-02, 2.46913582e-02, 3.95061746e-02, 3.70370373e-02,
          3.95061746e-02, 4.44444455e-02, 5.43209910e-02, 6.41975328e-02,
          1.72839519e-02, 7.40740774e-03, 3.70370373e-02, 5.67901246e-02,
          4.69135828e-02, 2.46913582e-02, 4.19753119e-02, 2.96296310e-02,
          3.45679037e-02, 3.95061746e-02, 9.62963030e-02, 2.22222228e-02,
          7.65432119e-02 ]
      - [ 6.38977624e-03, 3.51437703e-02, 2.55591050e-02, 7.02875406e-02,
          4.79233228e-02, 5.11182100e-02, 9.58466437e-03, 1.59744397e-02,
          3.19488794e-02, 3.19488794e-02, 7.34824240e-02, 7.34824240e-02,
          1.59744397e-02, 6.38977624e-03, 4.15335447e-02, 6.38977624e-03,
          3.83386575e-02, 2.55591050e-02, 2.87539922e-02, 1.91693287e-02,
          3.51437703e-02, 4.15335447e-02, 1.24600634e-01, 1.27795525e-02,
          1.30990416e-01 ]
      - [ 5.12249470e-02, 1.55902011e-02, 1.78173725e-02, 2.44988874e-02,
          2.89532300e-02, 3.56347449e-02, 4.23162580e-02, 3.11804023e-02,
          2.89532300e-02, 4.67706025e-02, 1.04677066e-01, 4.67706025e-02,
          8.90868623e-03, 4.45434311e-03, 3.34075727e-02, 5.34521192e-02,
          4.00890894e-02, 2.67260596e-02, 3.34075727e-02, 4.00890894e-02,
          3.11804023e-02, 1.33630298e-02, 6.23608045e-02, 1.78173725e-02,
          1.60356358e-01 ]
      - [ 2.15053763e-02, 4.30107526e-02, 1.61290318e-02, 1.07526882e-02,
          3.22580636e-02, 2.68817209e-02, 6.45161271e-02, 4.83870953e-02,
          2.15053763e-02, 5.91397844e-02, 1.61290318e-01, 1.61290318e-02,
          5.37634408e-03, 5.37634408e-03, 5.37634417e-02, 5.37634417e-02,
          2.68817209e-02, 1.07526882e-02, 5.37634417e-02, 1.61290318e-02,
          2.15053763e-02, 4.30107526e-02, 1.61290318e-02, 1.07526882e-02,
          1.61290318e-01 ]
      - [ 1.63043477e-02, 4.34782617e-02, 1.63043477e-02, 3.80434804e-02,
          3.80434804e-02, 6.52173907e-02, 5.97826093e-02, 5.43478280e-02,
          1.63043477e-02, 1.03260875e-01, 1.30434781e-01, 4.89130430e-02,
          0., 1.63043477e-02, 1.63043477e-02, 3.26086953e-02,
          1.08695654e-02, 2.17391308e-02, 4.89130430e-02, 2.17391308e-02,
          1.63043477e-02, 5.43478280e-02, 3.80434804e-02, 1.63043477e-02,
          7.60869607e-02 ]
      - [ 4.08163257e-02, 6.63265288e-02, 1.53061226e-02, 3.57142836e-02,
          2.55102031e-02, 3.06122452e-02, 4.08163257e-02, 2.04081628e-02,
          4.59183678e-02, 3.57142836e-02, 9.69387740e-02, 5.61224483e-02,
          0., 4.08163257e-02, 3.06122452e-02, 2.55102031e-02,
          1.02040814e-02, 2.04081628e-02, 5.10204062e-02, 2.55102031e-02,
          3.06122452e-02, 3.06122452e-02, 6.63265288e-02, 1.53061226e-02,
          1.42857134e-01 ]
   decision_functions:
      -
         sv_count: 178
         rho: -1.0000006578862677e+00
         alpha: [ 1.0000000000000001e-01, 1.0000000000000001e-01,
             1.0000000000000001e-01, 1.0000000000000001e-01,
             1.0000000000000001e-01, 1.0000000000000001e-01,
             1.0000000000000001e-01, 1.0000000000000001e-01,
             1.0000000000000001e-01, 1.0000000000000001e-01,
             1.0000000000000001e-01, 1.0000000000000001e-01,
             1.0000000000000001e-01, 1.0000000000000001e-01,
             1.0000000000000001e-01, 1.0000000000000001e-01,
             1.0000000000000001e-01, 1.0000000000000001e-01,
             1.0000000000000001e-01, 1.0000000000000001e-01,
             1.0000000000000001e-01, 1.0000000000000001e-01,
             1.0000000000000001e-01, 1.0000000000000001e-01,
             1.0000000000000001e-01, 1.0000000000000001e-01,
             1.0000000000000001e-01, 1.0000000000000001e-01,
             1.0000000000000001e-01, 1.0000000000000001e-01,
             1.0000000000000001e-01, 1.0000000000000001e-01,
             1.0000000000000001e-01, 1.0000000000000001e-01,
             1.0000000000000001e-01, 1.0000000000000001e-01,
             1.0000000000000001e-01, 1.0000000000000001e-01,
             1.0000000000000001e-01, 1.0000000000000001e-01,
             1.0000000000000001e-01, 1.0000000000000001e-01,
             1.0000000000000001e-01, 1.0000000000000001e-01,
             1.0000000000000001e-01, 1.0000000000000001e-01,
             1.0000000000000001e-01, 1.0000000000000001e-01,
             1.0000000000000001e-01, 1.0000000000000001e-01,
             1.0000000000000001e-01, 1.0000000000000001e-01,
             1.0000000000000001e-01, 1.0000000000000001e-01,
             1.0000000000000001e-01, 1.0000000000000001e-01,
             1.0000000000000001e-01, 1.0000000000000001e-01,
             1.0000000000000001e-01, 1.0000000000000001e-01,
             1.0000000000000001e-01, 1.0000000000000001e-01,
             1.0000000000000001e-01, 1.0000000000000001e-01,
             1.0000000000000001e-01, 1.0000000000000001e-01,
             1.0000000000000001e-01, 1.0000000000000001e-01,
             1.0000000000000001e-01, 1.0000000000000001e-01,
             1.0000000000000001e-01, 1.0000000000000001e-01,
             1.0000000000000001e-01, 1.0000000000000001e-01,
             1.0000000000000001e-01, 1.0000000000000001e-01,
             1.0000000000000001e-01, 1.0000000000000001e-01,
             1.0000000000000001e-01, 1.0000000000000001e-01,
             1.0000000000000001e-01, 1.0000000000000001e-01,
             1.0000000000000001e-01, 1.0000000000000001e-01,
             1.0000000000000001e-01, 1.0000000000000001e-01,
             1.0000000000000001e-01, 1.0000000000000001e-01,
             1.0000000000000001e-01, -1.0000000000000001e-01,
             -1.0000000000000001e-01, -1.0000000000000001e-01,
             -1.0000000000000001e-01, -1.0000000000000001e-01,
             -1.0000000000000001e-01, -1.0000000000000001e-01,
             -1.0000000000000001e-01, -1.0000000000000001e-01,
             -1.0000000000000001e-01, -1.0000000000000001e-01,
             -1.0000000000000001e-01, -1.0000000000000001e-01,
             -1.0000000000000001e-01, -1.0000000000000001e-01,
             -1.0000000000000001e-01, -1.0000000000000001e-01,
             -1.0000000000000001e-01, -1.0000000000000001e-01,
             -1.0000000000000001e-01, -1.0000000000000001e-01,
             -1.0000000000000001e-01, -1.0000000000000001e-01,
             -1.0000000000000001e-01, -1.0000000000000001e-01,
             -1.0000000000000001e-01, -1.0000000000000001e-01,
             -1.0000000000000001e-01, -1.0000000000000001e-01,
             -1.0000000000000001e-01, -1.0000000000000001e-01,
             -1.0000000000000001e-01, -1.0000000000000001e-01,
             -1.0000000000000001e-01, -1.0000000000000001e-01,
             -1.0000000000000001e-01, -1.0000000000000001e-01,
             -1.0000000000000001e-01, -1.0000000000000001e-01,
             -1.0000000000000001e-01, -1.0000000000000001e-01,
             -1.0000000000000001e-01, -1.0000000000000001e-01,
             -1.0000000000000001e-01, -1.0000000000000001e-01,
             -1.0000000000000001e-01, -1.0000000000000001e-01,
             -1.0000000000000001e-01, -1.0000000000000001e-01,
             -1.0000000000000001e-01, -1.0000000000000001e-01,
             -1.0000000000000001e-01, -1.0000000000000001e-01,
             -1.0000000000000001e-01, -1.0000000000000001e-01,
             -1.0000000000000001e-01, -1.0000000000000001e-01,
             -1.0000000000000001e-01, -1.0000000000000001e-01,
             -1.0000000000000001e-01, -1.0000000000000001e-01,
             -1.0000000000000001e-01, -1.0000000000000001e-01,
             -1.0000000000000001e-01, -1.0000000000000001e-01,
             -1.0000000000000001e-01, -1.0000000000000001e-01,
             -1.0000000000000001e-01, -1.0000000000000001e-01,
             -1.0000000000000001e-01, -1.0000000000000001e-01,
             -1.0000000000000001e-01, -1.0000000000000001e-01,
             -1.0000000000000001e-01, -1.0000000000000001e-01,
             -1.0000000000000001e-01, -1.0000000000000001e-01,
             -1.0000000000000001e-01, -1.0000000000000001e-01,
             -1.0000000000000001e-01, -1.0000000000000001e-01,
             -1.0000000000000001e-01, -1.0000000000000001e-01,
             -1.0000000000000001e-01, -1.0000000000000001e-01,
             -1.0000000000000001e-01, -1.0000000000000001e-01,
             -1.0000000000000001e-01, -1.0000000000000001e-01 ]
         index: [ 175, 176, 177, 89, 90, 91, 92, 93, 94, 95, 96, 97, 98,
             99, 100, 101, 102, 103, 104, 105, 106, 107, 108, 109, 110,
             111, 112, 113, 114, 115, 116, 117, 118, 119, 120, 121, 122,
             123, 124, 125, 126, 127, 128, 129, 130, 131, 132, 133, 134,
             135, 136, 137, 138, 139, 140, 141, 142, 143, 144, 145, 146,
             147, 148, 149, 150, 151, 152, 153, 154, 155, 156, 157, 158,
             159, 160, 161, 162, 163, 164, 165, 166, 167, 168, 169, 170,
             171, 172, 173, 174, 1, 2, 3, 4, 5, 6, 7, 8, 9, 10, 11, 12,
             13, 14, 15, 16, 17, 18, 19, 20, 21, 22, 23, 24, 25, 26, 27,
             28, 29, 30, 31, 32, 33, 34, 35, 36, 37, 38, 39, 40, 41, 42,
             43, 44, 45, 46, 47, 48, 49, 50, 51, 52, 53, 54, 55, 56, 57,
             58, 59, 61, 62, 63, 64, 65, 66, 67, 68, 69, 70, 71, 72, 73,
             74, 75, 76, 77, 78, 79, 80, 81, 82, 83, 84, 85, 86, 87, 88,
             60, 0 ]
